"Record"	"Serial"	"Date"	"Day"	"Time"	"Winning"	"One"	"Two"	"Three"	"WinningSum"	"FrontTwo"	"LastTwo"	"FrontTwoSum"	"LastTwoSum"
"15752     Fri. Feb 15, 2019          9          5          8     "	15752	2019-02-15	"Fri"	"Midday"	"958"	9	5	8	22	"95"	"58"	14	13
"15751     Thu. Feb 14, 2019          3          5          7     "	15751	2019-02-14	"Thu"	"Evening"	"357"	3	5	7	15	"35"	"57"	8	12
"15750     Thu. Feb 14, 2019          7          6          6     "	15750	2019-02-14	"Thu"	"Midday"	"766"	7	6	6	19	"76"	"66"	13	12
"15749     Wed. Feb 13, 2019          5          5          1     "	15749	2019-02-13	"Wed"	"Evening"	"551"	5	5	1	11	"55"	"51"	10	6
"15748     Wed. Feb 13, 2019          0          6          7     "	15748	2019-02-13	"Wed"	"Midday"	"067"	0	6	7	13	"06"	"67"	6	13
"15747     Tue. Feb 12, 2019          9          6          2     "	15747	2019-02-12	"Tue"	"Evening"	"962"	9	6	2	17	"96"	"62"	15	8
"15746     Tue. Feb 12, 2019          3          5          9     "	15746	2019-02-12	"Tue"	"Midday"	"359"	3	5	9	17	"35"	"59"	8	14
"15745     Mon. Feb 11, 2019          5          4          7     "	15745	2019-02-11	"Mon"	"Evening"	"547"	5	4	7	16	"54"	"47"	9	11
"15744     Mon. Feb 11, 2019          8          7          0     "	15744	2019-02-11	"Mon"	"Midday"	"870"	8	7	0	15	"87"	"70"	15	7
"15743     Sun. Feb 10, 2019          5          3          7     "	15743	2019-02-10	"Sun"	"Evening"	"537"	5	3	7	15	"53"	"37"	8	10
"15742     Sun. Feb 10, 2019          2          7          8     "	15742	2019-02-10	"Sun"	"Midday"	"278"	2	7	8	17	"27"	"78"	9	15
"15741     Sat. Feb 09, 2019          4          4          8     "	15741	2019-02-09	"Sat"	"Evening"	"448"	4	4	8	16	"44"	"48"	8	12
"15740     Sat. Feb 09, 2019          3          4          8     "	15740	2019-02-09	"Sat"	"Midday"	"348"	3	4	8	15	"34"	"48"	7	12
"15739     Fri. Feb 08, 2019          2          9          9     "	15739	2019-02-08	"Fri"	"Evening"	"299"	2	9	9	20	"29"	"99"	11	18
"15738     Fri. Feb 08, 2019          4          8          9     "	15738	2019-02-08	"Fri"	"Midday"	"489"	4	8	9	21	"48"	"89"	12	17
"15737     Thu. Feb 07, 2019          2          5          0     "	15737	2019-02-07	"Thu"	"Evening"	"250"	2	5	0	7	"25"	"50"	7	5
"15736     Thu. Feb 07, 2019          3          6          9     "	15736	2019-02-07	"Thu"	"Midday"	"369"	3	6	9	18	"36"	"69"	9	15
"15735     Wed. Feb 06, 2019          0          9          4     "	15735	2019-02-06	"Wed"	"Evening"	"094"	0	9	4	13	"09"	"94"	9	13
"15734     Wed. Feb 06, 2019          9          6          2     "	15734	2019-02-06	"Wed"	"Midday"	"962"	9	6	2	17	"96"	"62"	15	8
"15733     Tue. Feb 05, 2019          2          9          9     "	15733	2019-02-05	"Tue"	"Evening"	"299"	2	9	9	20	"29"	"99"	11	18
"15732     Tue. Feb 05, 2019          9          9          8     "	15732	2019-02-05	"Tue"	"Midday"	"998"	9	9	8	26	"99"	"98"	18	17
"15731     Mon. Feb 04, 2019          1          4          4     "	15731	2019-02-04	"Mon"	"Evening"	"144"	1	4	4	9	"14"	"44"	5	8
"15730     Mon. Feb 04, 2019          4          4          2     "	15730	2019-02-04	"Mon"	"Midday"	"442"	4	4	2	10	"44"	"42"	8	6
"15729     Sun. Feb 03, 2019          1          3          2     "	15729	2019-02-03	"Sun"	"Evening"	"132"	1	3	2	6	"13"	"32"	4	5
"15728     Sun. Feb 03, 2019          7          7          0     "	15728	2019-02-03	"Sun"	"Midday"	"770"	7	7	0	14	"77"	"70"	14	7
"15727     Sat. Feb 02, 2019          7          7          9     "	15727	2019-02-02	"Sat"	"Evening"	"779"	7	7	9	23	"77"	"79"	14	16
"15726     Sat. Feb 02, 2019          1          8          9     "	15726	2019-02-02	"Sat"	"Midday"	"189"	1	8	9	18	"18"	"89"	9	17
"15725     Fri. Feb 01, 2019          3          6          1     "	15725	2019-02-01	"Fri"	"Evening"	"361"	3	6	1	10	"36"	"61"	9	7
"15724     Fri. Feb 01, 2019          3          7          2     "	15724	2019-02-01	"Fri"	"Midday"	"372"	3	7	2	12	"37"	"72"	10	9
"15723     Thu. Jan 31, 2019          0          4          6     "	15723	2019-01-31	"Thu"	"Evening"	"046"	0	4	6	10	"04"	"46"	4	10
"15722     Thu. Jan 31, 2019          7          1          6     "	15722	2019-01-31	"Thu"	"Midday"	"716"	7	1	6	14	"71"	"16"	8	7
"15721     Wed. Jan 30, 2019          7          6          8     "	15721	2019-01-30	"Wed"	"Evening"	"768"	7	6	8	21	"76"	"68"	13	14
"15720     Wed. Jan 30, 2019          5          0          4     "	15720	2019-01-30	"Wed"	"Midday"	"504"	5	0	4	9	"50"	"04"	5	4
"15719     Tue. Jan 29, 2019          4          6          2     "	15719	2019-01-29	"Tue"	"Evening"	"462"	4	6	2	12	"46"	"62"	10	8
"15718     Tue. Jan 29, 2019          3          4          5     "	15718	2019-01-29	"Tue"	"Midday"	"345"	3	4	5	12	"34"	"45"	7	9
"15717     Mon. Jan 28, 2019          5          9          5     "	15717	2019-01-28	"Mon"	"Evening"	"595"	5	9	5	19	"59"	"95"	14	14
"15716     Mon. Jan 28, 2019          5          6          1     "	15716	2019-01-28	"Mon"	"Midday"	"561"	5	6	1	12	"56"	"61"	11	7
"15715     Sun. Jan 27, 2019          0          8          1     "	15715	2019-01-27	"Sun"	"Evening"	"081"	0	8	1	9	"08"	"81"	8	9
"15714     Sun. Jan 27, 2019          0          2          4     "	15714	2019-01-27	"Sun"	"Midday"	"024"	0	2	4	6	"02"	"24"	2	6
"15713     Sat. Jan 26, 2019          5          1          8     "	15713	2019-01-26	"Sat"	"Evening"	"518"	5	1	8	14	"51"	"18"	6	9
"15712     Sat. Jan 26, 2019          2          2          2     "	15712	2019-01-26	"Sat"	"Midday"	"222"	2	2	2	6	"22"	"22"	4	4
"15711     Fri. Jan 25, 2019          4          3          7     "	15711	2019-01-25	"Fri"	"Evening"	"437"	4	3	7	14	"43"	"37"	7	10
"15710     Fri. Jan 25, 2019          8          0          5     "	15710	2019-01-25	"Fri"	"Midday"	"805"	8	0	5	13	"80"	"05"	8	5
"15709     Thu. Jan 24, 2019          3          6          7     "	15709	2019-01-24	"Thu"	"Evening"	"367"	3	6	7	16	"36"	"67"	9	13
"15708     Thu. Jan 24, 2019          3          4          2     "	15708	2019-01-24	"Thu"	"Midday"	"342"	3	4	2	9	"34"	"42"	7	6
"15707     Wed. Jan 23, 2019          4          9          0     "	15707	2019-01-23	"Wed"	"Evening"	"490"	4	9	0	13	"49"	"90"	13	9
"15706     Wed. Jan 23, 2019          5          2          7     "	15706	2019-01-23	"Wed"	"Midday"	"527"	5	2	7	14	"52"	"27"	7	9
"15705     Tue. Jan 22, 2019          4          6          4     "	15705	2019-01-22	"Tue"	"Evening"	"464"	4	6	4	14	"46"	"64"	10	10
"15704     Tue. Jan 22, 2019          6          5          4     "	15704	2019-01-22	"Tue"	"Midday"	"654"	6	5	4	15	"65"	"54"	11	9
"15703     Mon. Jan 21, 2019          7          1          6     "	15703	2019-01-21	"Mon"	"Evening"	"716"	7	1	6	14	"71"	"16"	8	7
"15702     Mon. Jan 21, 2019          7          2          7     "	15702	2019-01-21	"Mon"	"Midday"	"727"	7	2	7	16	"72"	"27"	9	9
"15701     Sun. Jan 20, 2019          5          8          5     "	15701	2019-01-20	"Sun"	"Evening"	"585"	5	8	5	18	"58"	"85"	13	13
"15700     Sun. Jan 20, 2019          2          0          2     "	15700	2019-01-20	"Sun"	"Midday"	"202"	2	0	2	4	"20"	"02"	2	2
"15699     Sat. Jan 19, 2019          8          2          0     "	15699	2019-01-19	"Sat"	"Evening"	"820"	8	2	0	10	"82"	"20"	10	2
"15698     Sat. Jan 19, 2019          2          2          0     "	15698	2019-01-19	"Sat"	"Midday"	"220"	2	2	0	4	"22"	"20"	4	2
"15697     Fri. Jan 18, 2019          6          8          7     "	15697	2019-01-18	"Fri"	"Evening"	"687"	6	8	7	21	"68"	"87"	14	15
"15696     Fri. Jan 18, 2019          0          4          8     "	15696	2019-01-18	"Fri"	"Midday"	"048"	0	4	8	12	"04"	"48"	4	12
"15695     Thu. Jan 17, 2019          8          0          7     "	15695	2019-01-17	"Thu"	"Evening"	"807"	8	0	7	15	"80"	"07"	8	7
"15694     Thu. Jan 17, 2019          8          4          6     "	15694	2019-01-17	"Thu"	"Midday"	"846"	8	4	6	18	"84"	"46"	12	10
"15693     Wed. Jan 16, 2019          6          0          3     "	15693	2019-01-16	"Wed"	"Evening"	"603"	6	0	3	9	"60"	"03"	6	3
"15692     Wed. Jan 16, 2019          7          5          9     "	15692	2019-01-16	"Wed"	"Midday"	"759"	7	5	9	21	"75"	"59"	12	14
"15691     Tue. Jan 15, 2019          5          3          1     "	15691	2019-01-15	"Tue"	"Evening"	"531"	5	3	1	9	"53"	"31"	8	4
"15690     Tue. Jan 15, 2019          4          4          5     "	15690	2019-01-15	"Tue"	"Midday"	"445"	4	4	5	13	"44"	"45"	8	9
"15689     Mon. Jan 14, 2019          8          8          9     "	15689	2019-01-14	"Mon"	"Evening"	"889"	8	8	9	25	"88"	"89"	16	17
"15688     Mon. Jan 14, 2019          7          0          5     "	15688	2019-01-14	"Mon"	"Midday"	"705"	7	0	5	12	"70"	"05"	7	5
"15687     Sun. Jan 13, 2019          9          7          2     "	15687	2019-01-13	"Sun"	"Evening"	"972"	9	7	2	18	"97"	"72"	16	9
"15686     Sun. Jan 13, 2019          6          0          4     "	15686	2019-01-13	"Sun"	"Midday"	"604"	6	0	4	10	"60"	"04"	6	4
"15685     Sat. Jan 12, 2019          1          1          2     "	15685	2019-01-12	"Sat"	"Evening"	"112"	1	1	2	4	"11"	"12"	2	3
"15684     Sat. Jan 12, 2019          4          4          5     "	15684	2019-01-12	"Sat"	"Midday"	"445"	4	4	5	13	"44"	"45"	8	9
"15683     Fri. Jan 11, 2019          2          8          7     "	15683	2019-01-11	"Fri"	"Evening"	"287"	2	8	7	17	"28"	"87"	10	15
"15682     Fri. Jan 11, 2019          9          4          9     "	15682	2019-01-11	"Fri"	"Midday"	"949"	9	4	9	22	"94"	"49"	13	13
"15681     Thu. Jan 10, 2019          5          9          7     "	15681	2019-01-10	"Thu"	"Evening"	"597"	5	9	7	21	"59"	"97"	14	16
"15680     Thu. Jan 10, 2019          9          3          0     "	15680	2019-01-10	"Thu"	"Midday"	"930"	9	3	0	12	"93"	"30"	12	3
"15679     Wed. Jan 09, 2019          4          5          0     "	15679	2019-01-09	"Wed"	"Evening"	"450"	4	5	0	9	"45"	"50"	9	5
"15678     Wed. Jan 09, 2019          6          4          3     "	15678	2019-01-09	"Wed"	"Midday"	"643"	6	4	3	13	"64"	"43"	10	7
"15677     Tue. Jan 08, 2019          5          9          0     "	15677	2019-01-08	"Tue"	"Evening"	"590"	5	9	0	14	"59"	"90"	14	9
"15676     Tue. Jan 08, 2019          6          4          8     "	15676	2019-01-08	"Tue"	"Midday"	"648"	6	4	8	18	"64"	"48"	10	12
"15675     Mon. Jan 07, 2019          6          8          6     "	15675	2019-01-07	"Mon"	"Evening"	"686"	6	8	6	20	"68"	"86"	14	14
"15674     Mon. Jan 07, 2019          2          9          5     "	15674	2019-01-07	"Mon"	"Midday"	"295"	2	9	5	16	"29"	"95"	11	14
"15673     Sun. Jan 06, 2019          0          8          7     "	15673	2019-01-06	"Sun"	"Evening"	"087"	0	8	7	15	"08"	"87"	8	15
"15672     Sun. Jan 06, 2019          5          8          2     "	15672	2019-01-06	"Sun"	"Midday"	"582"	5	8	2	15	"58"	"82"	13	10
"15671     Sat. Jan 05, 2019          0          1          3     "	15671	2019-01-05	"Sat"	"Evening"	"013"	0	1	3	4	"01"	"13"	1	4
"15670     Sat. Jan 05, 2019          6          5          9     "	15670	2019-01-05	"Sat"	"Midday"	"659"	6	5	9	20	"65"	"59"	11	14
"15669     Fri. Jan 04, 2019          2          3          1     "	15669	2019-01-04	"Fri"	"Evening"	"231"	2	3	1	6	"23"	"31"	5	4
"15668     Fri. Jan 04, 2019          2          5          9     "	15668	2019-01-04	"Fri"	"Midday"	"259"	2	5	9	16	"25"	"59"	7	14
"15667     Thu. Jan 03, 2019          4          7          7     "	15667	2019-01-03	"Thu"	"Evening"	"477"	4	7	7	18	"47"	"77"	11	14
"15666     Thu. Jan 03, 2019          7          2          7     "	15666	2019-01-03	"Thu"	"Midday"	"727"	7	2	7	16	"72"	"27"	9	9
"15665     Wed. Jan 02, 2019          4          9          2     "	15665	2019-01-02	"Wed"	"Evening"	"492"	4	9	2	15	"49"	"92"	13	11
"15664     Wed. Jan 02, 2019          6          1          0     "	15664	2019-01-02	"Wed"	"Midday"	"610"	6	1	0	7	"61"	"10"	7	1
"15663     Tue. Jan 01, 2019          9          8          3     "	15663	2019-01-01	"Tue"	"Evening"	"983"	9	8	3	20	"98"	"83"	17	11
"15662     Tue. Jan 01, 2019          9          3          1     "	15662	2019-01-01	"Tue"	"Midday"	"931"	9	3	1	13	"93"	"31"	12	4
"15661     Mon. Dec 31, 2018          9          3          8     "	15661	2018-12-31	"Mon"	"Evening"	"938"	9	3	8	20	"93"	"38"	12	11
"15660     Mon. Dec 31, 2018          9          4          7     "	15660	2018-12-31	"Mon"	"Midday"	"947"	9	4	7	20	"94"	"47"	13	11
"15659     Sun. Dec 30, 2018          6          0          1     "	15659	2018-12-30	"Sun"	"Evening"	"601"	6	0	1	7	"60"	"01"	6	1
"15658     Sun. Dec 30, 2018          5          3          4     "	15658	2018-12-30	"Sun"	"Midday"	"534"	5	3	4	12	"53"	"34"	8	7
"15657     Sat. Dec 29, 2018          0          0          4     "	15657	2018-12-29	"Sat"	"Evening"	"004"	0	0	4	4	"00"	"04"	0	4
"15656     Sat. Dec 29, 2018          7          6          4     "	15656	2018-12-29	"Sat"	"Midday"	"764"	7	6	4	17	"76"	"64"	13	10
"15655     Fri. Dec 28, 2018          0          7          7     "	15655	2018-12-28	"Fri"	"Evening"	"077"	0	7	7	14	"07"	"77"	7	14
"15654     Fri. Dec 28, 2018          8          1          7     "	15654	2018-12-28	"Fri"	"Midday"	"817"	8	1	7	16	"81"	"17"	9	8
"15653     Thu. Dec 27, 2018          1          0          8     "	15653	2018-12-27	"Thu"	"Evening"	"108"	1	0	8	9	"10"	"08"	1	8
"15652     Thu. Dec 27, 2018          7          7          2     "	15652	2018-12-27	"Thu"	"Midday"	"772"	7	7	2	16	"77"	"72"	14	9
"15651     Wed. Dec 26, 2018          9          7          0     "	15651	2018-12-26	"Wed"	"Evening"	"970"	9	7	0	16	"97"	"70"	16	7
"15650     Wed. Dec 26, 2018          4          6          6     "	15650	2018-12-26	"Wed"	"Midday"	"466"	4	6	6	16	"46"	"66"	10	12
"15649     Tue. Dec 25, 2018          8          5          1     "	15649	2018-12-25	"Tue"	"Evening"	"851"	8	5	1	14	"85"	"51"	13	6
"15648     Tue. Dec 25, 2018          2          9          8     "	15648	2018-12-25	"Tue"	"Midday"	"298"	2	9	8	19	"29"	"98"	11	17
"15647     Mon. Dec 24, 2018          3          4          6     "	15647	2018-12-24	"Mon"	"Evening"	"346"	3	4	6	13	"34"	"46"	7	10
"15646     Mon. Dec 24, 2018          8          0          7     "	15646	2018-12-24	"Mon"	"Midday"	"807"	8	0	7	15	"80"	"07"	8	7
"15645     Sun. Dec 23, 2018          7          4          6     "	15645	2018-12-23	"Sun"	"Evening"	"746"	7	4	6	17	"74"	"46"	11	10
"15644     Sun. Dec 23, 2018          9          7          5     "	15644	2018-12-23	"Sun"	"Midday"	"975"	9	7	5	21	"97"	"75"	16	12
"15643     Sat. Dec 22, 2018          5          4          7     "	15643	2018-12-22	"Sat"	"Evening"	"547"	5	4	7	16	"54"	"47"	9	11
"15642     Sat. Dec 22, 2018          2          7          3     "	15642	2018-12-22	"Sat"	"Midday"	"273"	2	7	3	12	"27"	"73"	9	10
"15641     Fri. Dec 21, 2018          6          0          1     "	15641	2018-12-21	"Fri"	"Evening"	"601"	6	0	1	7	"60"	"01"	6	1
"15640     Fri. Dec 21, 2018          8          0          8     "	15640	2018-12-21	"Fri"	"Midday"	"808"	8	0	8	16	"80"	"08"	8	8
"15639     Thu. Dec 20, 2018          7          3          4     "	15639	2018-12-20	"Thu"	"Evening"	"734"	7	3	4	14	"73"	"34"	10	7
"15638     Thu. Dec 20, 2018          1          7          0     "	15638	2018-12-20	"Thu"	"Midday"	"170"	1	7	0	8	"17"	"70"	8	7
"15637     Wed. Dec 19, 2018          0          8          7     "	15637	2018-12-19	"Wed"	"Evening"	"087"	0	8	7	15	"08"	"87"	8	15
"15636     Wed. Dec 19, 2018          9          5          3     "	15636	2018-12-19	"Wed"	"Midday"	"953"	9	5	3	17	"95"	"53"	14	8
"15635     Tue. Dec 18, 2018          1          5          3     "	15635	2018-12-18	"Tue"	"Evening"	"153"	1	5	3	9	"15"	"53"	6	8
"15634     Tue. Dec 18, 2018          7          6          5     "	15634	2018-12-18	"Tue"	"Midday"	"765"	7	6	5	18	"76"	"65"	13	11
"15633     Mon. Dec 17, 2018          9          3          7     "	15633	2018-12-17	"Mon"	"Evening"	"937"	9	3	7	19	"93"	"37"	12	10
"15632     Mon. Dec 17, 2018          3          3          2     "	15632	2018-12-17	"Mon"	"Midday"	"332"	3	3	2	8	"33"	"32"	6	5
"15631     Sun. Dec 16, 2018          0          2          9     "	15631	2018-12-16	"Sun"	"Evening"	"029"	0	2	9	11	"02"	"29"	2	11
"15630     Sun. Dec 16, 2018          2          5          6     "	15630	2018-12-16	"Sun"	"Midday"	"256"	2	5	6	13	"25"	"56"	7	11
"15629     Sat. Dec 15, 2018          3          4          8     "	15629	2018-12-15	"Sat"	"Evening"	"348"	3	4	8	15	"34"	"48"	7	12
"15628     Sat. Dec 15, 2018          4          3          0     "	15628	2018-12-15	"Sat"	"Midday"	"430"	4	3	0	7	"43"	"30"	7	3
"15627     Fri. Dec 14, 2018          4          7          2     "	15627	2018-12-14	"Fri"	"Evening"	"472"	4	7	2	13	"47"	"72"	11	9
"15626     Fri. Dec 14, 2018          8          4          7     "	15626	2018-12-14	"Fri"	"Midday"	"847"	8	4	7	19	"84"	"47"	12	11
"15625     Thu. Dec 13, 2018          1          3          1     "	15625	2018-12-13	"Thu"	"Evening"	"131"	1	3	1	5	"13"	"31"	4	4
"15624     Thu. Dec 13, 2018          9          4          3     "	15624	2018-12-13	"Thu"	"Midday"	"943"	9	4	3	16	"94"	"43"	13	7
"15623     Wed. Dec 12, 2018          4          9          8     "	15623	2018-12-12	"Wed"	"Evening"	"498"	4	9	8	21	"49"	"98"	13	17
"15622     Wed. Dec 12, 2018          0          8          3     "	15622	2018-12-12	"Wed"	"Midday"	"083"	0	8	3	11	"08"	"83"	8	11
"15621     Tue. Dec 11, 2018          7          0          9     "	15621	2018-12-11	"Tue"	"Evening"	"709"	7	0	9	16	"70"	"09"	7	9
"15620     Tue. Dec 11, 2018          8          0          8     "	15620	2018-12-11	"Tue"	"Midday"	"808"	8	0	8	16	"80"	"08"	8	8
"15619     Mon. Dec 10, 2018          1          6          4     "	15619	2018-12-10	"Mon"	"Evening"	"164"	1	6	4	11	"16"	"64"	7	10
"15618     Mon. Dec 10, 2018          9          6          6     "	15618	2018-12-10	"Mon"	"Midday"	"966"	9	6	6	21	"96"	"66"	15	12
"15617     Sun. Dec 09, 2018          3          0          6     "	15617	2018-12-09	"Sun"	"Evening"	"306"	3	0	6	9	"30"	"06"	3	6
"15616     Sun. Dec 09, 2018          0          9          3     "	15616	2018-12-09	"Sun"	"Midday"	"093"	0	9	3	12	"09"	"93"	9	12
"15615     Sat. Dec 08, 2018          8          3          1     "	15615	2018-12-08	"Sat"	"Evening"	"831"	8	3	1	12	"83"	"31"	11	4
"15614     Sat. Dec 08, 2018          8          5          2     "	15614	2018-12-08	"Sat"	"Midday"	"852"	8	5	2	15	"85"	"52"	13	7
"15613     Fri. Dec 07, 2018          7          4          6     "	15613	2018-12-07	"Fri"	"Evening"	"746"	7	4	6	17	"74"	"46"	11	10
"15612     Fri. Dec 07, 2018          9          3          4     "	15612	2018-12-07	"Fri"	"Midday"	"934"	9	3	4	16	"93"	"34"	12	7
"15611     Thu. Dec 06, 2018          8          0          3     "	15611	2018-12-06	"Thu"	"Evening"	"803"	8	0	3	11	"80"	"03"	8	3
"15610     Thu. Dec 06, 2018          5          0          2     "	15610	2018-12-06	"Thu"	"Midday"	"502"	5	0	2	7	"50"	"02"	5	2
"15609     Wed. Dec 05, 2018          7          9          7     "	15609	2018-12-05	"Wed"	"Evening"	"797"	7	9	7	23	"79"	"97"	16	16
"15608     Wed. Dec 05, 2018          6          4          5     "	15608	2018-12-05	"Wed"	"Midday"	"645"	6	4	5	15	"64"	"45"	10	9
"15607     Tue. Dec 04, 2018          1          8          1     "	15607	2018-12-04	"Tue"	"Evening"	"181"	1	8	1	10	"18"	"81"	9	9
"15606     Tue. Dec 04, 2018          8          1          0     "	15606	2018-12-04	"Tue"	"Midday"	"810"	8	1	0	9	"81"	"10"	9	1
"15605     Mon. Dec 03, 2018          3          3          1     "	15605	2018-12-03	"Mon"	"Evening"	"331"	3	3	1	7	"33"	"31"	6	4
"15604     Mon. Dec 03, 2018          2          3          4     "	15604	2018-12-03	"Mon"	"Midday"	"234"	2	3	4	9	"23"	"34"	5	7
"15603     Sun. Dec 02, 2018          8          4          6     "	15603	2018-12-02	"Sun"	"Evening"	"846"	8	4	6	18	"84"	"46"	12	10
"15602     Sun. Dec 02, 2018          5          7          5     "	15602	2018-12-02	"Sun"	"Midday"	"575"	5	7	5	17	"57"	"75"	12	12
"15601     Sat. Dec 01, 2018          1          6          9     "	15601	2018-12-01	"Sat"	"Evening"	"169"	1	6	9	16	"16"	"69"	7	15
"15600     Sat. Dec 01, 2018          9          9          6     "	15600	2018-12-01	"Sat"	"Midday"	"996"	9	9	6	24	"99"	"96"	18	15
"15599     Fri. Nov 30, 2018          9          2          6     "	15599	2018-11-30	"Fri"	"Evening"	"926"	9	2	6	17	"92"	"26"	11	8
"15598     Fri. Nov 30, 2018          6          4          2     "	15598	2018-11-30	"Fri"	"Midday"	"642"	6	4	2	12	"64"	"42"	10	6
"15597     Thu. Nov 29, 2018          4          7          4     "	15597	2018-11-29	"Thu"	"Evening"	"474"	4	7	4	15	"47"	"74"	11	11
"15596     Thu. Nov 29, 2018          7          8          5     "	15596	2018-11-29	"Thu"	"Midday"	"785"	7	8	5	20	"78"	"85"	15	13
"15595     Wed. Nov 28, 2018          8          6          1     "	15595	2018-11-28	"Wed"	"Evening"	"861"	8	6	1	15	"86"	"61"	14	7
"15594     Wed. Nov 28, 2018          9          5          5     "	15594	2018-11-28	"Wed"	"Midday"	"955"	9	5	5	19	"95"	"55"	14	10
"15593     Tue. Nov 27, 2018          1          8          4     "	15593	2018-11-27	"Tue"	"Evening"	"184"	1	8	4	13	"18"	"84"	9	12
"15592     Tue. Nov 27, 2018          5          0          2     "	15592	2018-11-27	"Tue"	"Midday"	"502"	5	0	2	7	"50"	"02"	5	2
"15591     Mon. Nov 26, 2018          7          4          8     "	15591	2018-11-26	"Mon"	"Evening"	"748"	7	4	8	19	"74"	"48"	11	12
"15590     Mon. Nov 26, 2018          2          2          6     "	15590	2018-11-26	"Mon"	"Midday"	"226"	2	2	6	10	"22"	"26"	4	8
"15589     Sun. Nov 25, 2018          7          3          4     "	15589	2018-11-25	"Sun"	"Evening"	"734"	7	3	4	14	"73"	"34"	10	7
"15588     Sun. Nov 25, 2018          3          6          9     "	15588	2018-11-25	"Sun"	"Midday"	"369"	3	6	9	18	"36"	"69"	9	15
"15587     Sat. Nov 24, 2018          2          0          6     "	15587	2018-11-24	"Sat"	"Evening"	"206"	2	0	6	8	"20"	"06"	2	6
"15586     Sat. Nov 24, 2018          1          3          8     "	15586	2018-11-24	"Sat"	"Midday"	"138"	1	3	8	12	"13"	"38"	4	11
"15585     Fri. Nov 23, 2018          0          4          4     "	15585	2018-11-23	"Fri"	"Evening"	"044"	0	4	4	8	"04"	"44"	4	8
"15584     Fri. Nov 23, 2018          3          2          8     "	15584	2018-11-23	"Fri"	"Midday"	"328"	3	2	8	13	"32"	"28"	5	10
"15583     Thu. Nov 22, 2018          1          5          7     "	15583	2018-11-22	"Thu"	"Evening"	"157"	1	5	7	13	"15"	"57"	6	12
"15582     Thu. Nov 22, 2018          6          3          9     "	15582	2018-11-22	"Thu"	"Midday"	"639"	6	3	9	18	"63"	"39"	9	12
"15581     Wed. Nov 21, 2018          5          9          3     "	15581	2018-11-21	"Wed"	"Evening"	"593"	5	9	3	17	"59"	"93"	14	12
"15580     Wed. Nov 21, 2018          6          0          3     "	15580	2018-11-21	"Wed"	"Midday"	"603"	6	0	3	9	"60"	"03"	6	3
"15579     Tue. Nov 20, 2018          7          8          3     "	15579	2018-11-20	"Tue"	"Evening"	"783"	7	8	3	18	"78"	"83"	15	11
"15578     Tue. Nov 20, 2018          8          4          4     "	15578	2018-11-20	"Tue"	"Midday"	"844"	8	4	4	16	"84"	"44"	12	8
"15577     Mon. Nov 19, 2018          0          3          3     "	15577	2018-11-19	"Mon"	"Evening"	"033"	0	3	3	6	"03"	"33"	3	6
"15576     Mon. Nov 19, 2018          3          5          3     "	15576	2018-11-19	"Mon"	"Midday"	"353"	3	5	3	11	"35"	"53"	8	8
"15575     Sun. Nov 18, 2018          9          6          7     "	15575	2018-11-18	"Sun"	"Evening"	"967"	9	6	7	22	"96"	"67"	15	13
"15574     Sun. Nov 18, 2018          7          8          7     "	15574	2018-11-18	"Sun"	"Midday"	"787"	7	8	7	22	"78"	"87"	15	15
"15573     Sat. Nov 17, 2018          3          6          9     "	15573	2018-11-17	"Sat"	"Evening"	"369"	3	6	9	18	"36"	"69"	9	15
"15572     Sat. Nov 17, 2018          4          6          7     "	15572	2018-11-17	"Sat"	"Midday"	"467"	4	6	7	17	"46"	"67"	10	13
"15571     Fri. Nov 16, 2018          9          0          9     "	15571	2018-11-16	"Fri"	"Evening"	"909"	9	0	9	18	"90"	"09"	9	9
"15570     Fri. Nov 16, 2018          5          4          6     "	15570	2018-11-16	"Fri"	"Midday"	"546"	5	4	6	15	"54"	"46"	9	10
"15569     Thu. Nov 15, 2018          0          2          0     "	15569	2018-11-15	"Thu"	"Evening"	"020"	0	2	0	2	"02"	"20"	2	2
"15568     Thu. Nov 15, 2018          9          4          4     "	15568	2018-11-15	"Thu"	"Midday"	"944"	9	4	4	17	"94"	"44"	13	8
"15567     Wed. Nov 14, 2018          2          8          8     "	15567	2018-11-14	"Wed"	"Evening"	"288"	2	8	8	18	"28"	"88"	10	16
"15566     Wed. Nov 14, 2018          9          0          8     "	15566	2018-11-14	"Wed"	"Midday"	"908"	9	0	8	17	"90"	"08"	9	8
"15565     Tue. Nov 13, 2018          7          7          1     "	15565	2018-11-13	"Tue"	"Evening"	"771"	7	7	1	15	"77"	"71"	14	8
"15564     Tue. Nov 13, 2018          9          8          5     "	15564	2018-11-13	"Tue"	"Midday"	"985"	9	8	5	22	"98"	"85"	17	13
"15563     Mon. Nov 12, 2018          8          5          3     "	15563	2018-11-12	"Mon"	"Evening"	"853"	8	5	3	16	"85"	"53"	13	8
"15562     Mon. Nov 12, 2018          9          7          7     "	15562	2018-11-12	"Mon"	"Midday"	"977"	9	7	7	23	"97"	"77"	16	14
"15561     Sun. Nov 11, 2018          2          1          3     "	15561	2018-11-11	"Sun"	"Evening"	"213"	2	1	3	6	"21"	"13"	3	4
"15560     Sun. Nov 11, 2018          6          5          3     "	15560	2018-11-11	"Sun"	"Midday"	"653"	6	5	3	14	"65"	"53"	11	8
"15559     Sat. Nov 10, 2018          9          9          4     "	15559	2018-11-10	"Sat"	"Evening"	"994"	9	9	4	22	"99"	"94"	18	13
"15558     Sat. Nov 10, 2018          9          1          7     "	15558	2018-11-10	"Sat"	"Midday"	"917"	9	1	7	17	"91"	"17"	10	8
"15557     Fri. Nov 09, 2018          5          9          4     "	15557	2018-11-09	"Fri"	"Evening"	"594"	5	9	4	18	"59"	"94"	14	13
"15556     Fri. Nov 09, 2018          9          0          9     "	15556	2018-11-09	"Fri"	"Midday"	"909"	9	0	9	18	"90"	"09"	9	9
"15555     Thu. Nov 08, 2018          7          8          1     "	15555	2018-11-08	"Thu"	"Evening"	"781"	7	8	1	16	"78"	"81"	15	9
"15554     Thu. Nov 08, 2018          2          6          5     "	15554	2018-11-08	"Thu"	"Midday"	"265"	2	6	5	13	"26"	"65"	8	11
"15553     Wed. Nov 07, 2018          0          3          8     "	15553	2018-11-07	"Wed"	"Evening"	"038"	0	3	8	11	"03"	"38"	3	11
"15552     Wed. Nov 07, 2018          0          2          9     "	15552	2018-11-07	"Wed"	"Midday"	"029"	0	2	9	11	"02"	"29"	2	11
"15551     Tue. Nov 06, 2018          6          1          7     "	15551	2018-11-06	"Tue"	"Evening"	"617"	6	1	7	14	"61"	"17"	7	8
"15550     Tue. Nov 06, 2018          5          8          1     "	15550	2018-11-06	"Tue"	"Midday"	"581"	5	8	1	14	"58"	"81"	13	9
"15549     Mon. Nov 05, 2018          3          1          3     "	15549	2018-11-05	"Mon"	"Evening"	"313"	3	1	3	7	"31"	"13"	4	4
"15548     Mon. Nov 05, 2018          1          7          0     "	15548	2018-11-05	"Mon"	"Midday"	"170"	1	7	0	8	"17"	"70"	8	7
"15547     Sun. Nov 04, 2018          1          2          5     "	15547	2018-11-04	"Sun"	"Evening"	"125"	1	2	5	8	"12"	"25"	3	7
"15546     Sun. Nov 04, 2018          8          1          8     "	15546	2018-11-04	"Sun"	"Midday"	"818"	8	1	8	17	"81"	"18"	9	9
"15545     Sat. Nov 03, 2018          0          4          3     "	15545	2018-11-03	"Sat"	"Evening"	"043"	0	4	3	7	"04"	"43"	4	7
"15544     Sat. Nov 03, 2018          1          6          6     "	15544	2018-11-03	"Sat"	"Midday"	"166"	1	6	6	13	"16"	"66"	7	12
"15543     Fri. Nov 02, 2018          2          4          8     "	15543	2018-11-02	"Fri"	"Evening"	"248"	2	4	8	14	"24"	"48"	6	12
"15542     Fri. Nov 02, 2018          6          1          3     "	15542	2018-11-02	"Fri"	"Midday"	"613"	6	1	3	10	"61"	"13"	7	4
"15541     Thu. Nov 01, 2018          0          4          0     "	15541	2018-11-01	"Thu"	"Evening"	"040"	0	4	0	4	"04"	"40"	4	4
"15540     Thu. Nov 01, 2018          8          0          3     "	15540	2018-11-01	"Thu"	"Midday"	"803"	8	0	3	11	"80"	"03"	8	3
"15539     Wed. Oct 31, 2018          4          3          0     "	15539	2018-10-31	"Wed"	"Evening"	"430"	4	3	0	7	"43"	"30"	7	3
"15538     Wed. Oct 31, 2018          0          4          2     "	15538	2018-10-31	"Wed"	"Midday"	"042"	0	4	2	6	"04"	"42"	4	6
"15537     Tue. Oct 30, 2018          0          0          3     "	15537	2018-10-30	"Tue"	"Evening"	"003"	0	0	3	3	"00"	"03"	0	3
"15536     Tue. Oct 30, 2018          4          2          8     "	15536	2018-10-30	"Tue"	"Midday"	"428"	4	2	8	14	"42"	"28"	6	10
"15535     Mon. Oct 29, 2018          3          7          7     "	15535	2018-10-29	"Mon"	"Evening"	"377"	3	7	7	17	"37"	"77"	10	14
"15534     Mon. Oct 29, 2018          8          4          0     "	15534	2018-10-29	"Mon"	"Midday"	"840"	8	4	0	12	"84"	"40"	12	4
"15533     Sun. Oct 28, 2018          4          3          7     "	15533	2018-10-28	"Sun"	"Evening"	"437"	4	3	7	14	"43"	"37"	7	10
"15532     Sun. Oct 28, 2018          8          9          9     "	15532	2018-10-28	"Sun"	"Midday"	"899"	8	9	9	26	"89"	"99"	17	18
"15531     Sat. Oct 27, 2018          0          9          8     "	15531	2018-10-27	"Sat"	"Evening"	"098"	0	9	8	17	"09"	"98"	9	17
"15530     Sat. Oct 27, 2018          6          1          5     "	15530	2018-10-27	"Sat"	"Midday"	"615"	6	1	5	12	"61"	"15"	7	6
"15529     Fri. Oct 26, 2018          5          9          6     "	15529	2018-10-26	"Fri"	"Evening"	"596"	5	9	6	20	"59"	"96"	14	15
"15528     Fri. Oct 26, 2018          8          1          8     "	15528	2018-10-26	"Fri"	"Midday"	"818"	8	1	8	17	"81"	"18"	9	9
"15527     Thu. Oct 25, 2018          8          1          7     "	15527	2018-10-25	"Thu"	"Evening"	"817"	8	1	7	16	"81"	"17"	9	8
"15526     Thu. Oct 25, 2018          2          8          6     "	15526	2018-10-25	"Thu"	"Midday"	"286"	2	8	6	16	"28"	"86"	10	14
"15525     Wed. Oct 24, 2018          1          5          2     "	15525	2018-10-24	"Wed"	"Evening"	"152"	1	5	2	8	"15"	"52"	6	7
"15524     Wed. Oct 24, 2018          9          4          6     "	15524	2018-10-24	"Wed"	"Midday"	"946"	9	4	6	19	"94"	"46"	13	10
"15523     Tue. Oct 23, 2018          9          1          7     "	15523	2018-10-23	"Tue"	"Evening"	"917"	9	1	7	17	"91"	"17"	10	8
"15522     Tue. Oct 23, 2018          0          6          7     "	15522	2018-10-23	"Tue"	"Midday"	"067"	0	6	7	13	"06"	"67"	6	13
"15521     Mon. Oct 22, 2018          3          0          4     "	15521	2018-10-22	"Mon"	"Evening"	"304"	3	0	4	7	"30"	"04"	3	4
"15520     Mon. Oct 22, 2018          9          2          2     "	15520	2018-10-22	"Mon"	"Midday"	"922"	9	2	2	13	"92"	"22"	11	4
"15519     Sun. Oct 21, 2018          3          9          7     "	15519	2018-10-21	"Sun"	"Evening"	"397"	3	9	7	19	"39"	"97"	12	16
"15518     Sun. Oct 21, 2018          2          3          1     "	15518	2018-10-21	"Sun"	"Midday"	"231"	2	3	1	6	"23"	"31"	5	4
"15517     Sat. Oct 20, 2018          2          4          3     "	15517	2018-10-20	"Sat"	"Evening"	"243"	2	4	3	9	"24"	"43"	6	7
"15516     Sat. Oct 20, 2018          6          5          3     "	15516	2018-10-20	"Sat"	"Midday"	"653"	6	5	3	14	"65"	"53"	11	8
"15515     Fri. Oct 19, 2018          5          6          1     "	15515	2018-10-19	"Fri"	"Evening"	"561"	5	6	1	12	"56"	"61"	11	7
"15514     Fri. Oct 19, 2018          3          1          3     "	15514	2018-10-19	"Fri"	"Midday"	"313"	3	1	3	7	"31"	"13"	4	4
"15513     Thu. Oct 18, 2018          4          2          9     "	15513	2018-10-18	"Thu"	"Evening"	"429"	4	2	9	15	"42"	"29"	6	11
"15512     Thu. Oct 18, 2018          2          3          1     "	15512	2018-10-18	"Thu"	"Midday"	"231"	2	3	1	6	"23"	"31"	5	4
"15511     Wed. Oct 17, 2018          5          8          0     "	15511	2018-10-17	"Wed"	"Evening"	"580"	5	8	0	13	"58"	"80"	13	8
"15510     Wed. Oct 17, 2018          2          0          3     "	15510	2018-10-17	"Wed"	"Midday"	"203"	2	0	3	5	"20"	"03"	2	3
"15509     Tue. Oct 16, 2018          9          7          2     "	15509	2018-10-16	"Tue"	"Evening"	"972"	9	7	2	18	"97"	"72"	16	9
"15508     Tue. Oct 16, 2018          3          5          2     "	15508	2018-10-16	"Tue"	"Midday"	"352"	3	5	2	10	"35"	"52"	8	7
"15507     Mon. Oct 15, 2018          3          4          8     "	15507	2018-10-15	"Mon"	"Evening"	"348"	3	4	8	15	"34"	"48"	7	12
"15506     Mon. Oct 15, 2018          4          8          9     "	15506	2018-10-15	"Mon"	"Midday"	"489"	4	8	9	21	"48"	"89"	12	17
"15505     Sun. Oct 14, 2018          4          5          7     "	15505	2018-10-14	"Sun"	"Evening"	"457"	4	5	7	16	"45"	"57"	9	12
"15504     Sun. Oct 14, 2018          5          8          7     "	15504	2018-10-14	"Sun"	"Midday"	"587"	5	8	7	20	"58"	"87"	13	15
"15503     Sat. Oct 13, 2018          1          1          8     "	15503	2018-10-13	"Sat"	"Evening"	"118"	1	1	8	10	"11"	"18"	2	9
"15502     Sat. Oct 13, 2018          7          5          8     "	15502	2018-10-13	"Sat"	"Midday"	"758"	7	5	8	20	"75"	"58"	12	13
"15501     Fri. Oct 12, 2018          8          6          4     "	15501	2018-10-12	"Fri"	"Evening"	"864"	8	6	4	18	"86"	"64"	14	10
"15500     Fri. Oct 12, 2018          6          5          2     "	15500	2018-10-12	"Fri"	"Midday"	"652"	6	5	2	13	"65"	"52"	11	7
"15499     Thu. Oct 11, 2018          1          6          3     "	15499	2018-10-11	"Thu"	"Evening"	"163"	1	6	3	10	"16"	"63"	7	9
"15498     Thu. Oct 11, 2018          5          3          6     "	15498	2018-10-11	"Thu"	"Midday"	"536"	5	3	6	14	"53"	"36"	8	9
"15497     Wed. Oct 10, 2018          5          3          4     "	15497	2018-10-10	"Wed"	"Evening"	"534"	5	3	4	12	"53"	"34"	8	7
"15496     Wed. Oct 10, 2018          8          1          9     "	15496	2018-10-10	"Wed"	"Midday"	"819"	8	1	9	18	"81"	"19"	9	10
"15495     Tue. Oct 09, 2018          7          1          1     "	15495	2018-10-09	"Tue"	"Evening"	"711"	7	1	1	9	"71"	"11"	8	2
"15494     Tue. Oct 09, 2018          1          0          5     "	15494	2018-10-09	"Tue"	"Midday"	"105"	1	0	5	6	"10"	"05"	1	5
"15493     Mon. Oct 08, 2018          8          3          6     "	15493	2018-10-08	"Mon"	"Evening"	"836"	8	3	6	17	"83"	"36"	11	9
"15492     Mon. Oct 08, 2018          0          7          8     "	15492	2018-10-08	"Mon"	"Midday"	"078"	0	7	8	15	"07"	"78"	7	15
"15491     Sun. Oct 07, 2018          0          9          3     "	15491	2018-10-07	"Sun"	"Evening"	"093"	0	9	3	12	"09"	"93"	9	12
"15490     Sun. Oct 07, 2018          1          2          2     "	15490	2018-10-07	"Sun"	"Midday"	"122"	1	2	2	5	"12"	"22"	3	4
"15489     Sat. Oct 06, 2018          4          4          6     "	15489	2018-10-06	"Sat"	"Evening"	"446"	4	4	6	14	"44"	"46"	8	10
"15488     Sat. Oct 06, 2018          7          3          2     "	15488	2018-10-06	"Sat"	"Midday"	"732"	7	3	2	12	"73"	"32"	10	5
"15487     Fri. Oct 05, 2018          2          5          1     "	15487	2018-10-05	"Fri"	"Evening"	"251"	2	5	1	8	"25"	"51"	7	6
"15486     Fri. Oct 05, 2018          9          5          5     "	15486	2018-10-05	"Fri"	"Midday"	"955"	9	5	5	19	"95"	"55"	14	10
"15485     Thu. Oct 04, 2018          8          8          7     "	15485	2018-10-04	"Thu"	"Evening"	"887"	8	8	7	23	"88"	"87"	16	15
"15484     Thu. Oct 04, 2018          9          4          4     "	15484	2018-10-04	"Thu"	"Midday"	"944"	9	4	4	17	"94"	"44"	13	8
"15483     Wed. Oct 03, 2018          0          9          8     "	15483	2018-10-03	"Wed"	"Evening"	"098"	0	9	8	17	"09"	"98"	9	17
"15482     Wed. Oct 03, 2018          7          2          8     "	15482	2018-10-03	"Wed"	"Midday"	"728"	7	2	8	17	"72"	"28"	9	10
"15481     Tue. Oct 02, 2018          4          3          4     "	15481	2018-10-02	"Tue"	"Evening"	"434"	4	3	4	11	"43"	"34"	7	7
"15480     Tue. Oct 02, 2018          8          7          1     "	15480	2018-10-02	"Tue"	"Midday"	"871"	8	7	1	16	"87"	"71"	15	8
"15479     Mon. Oct 01, 2018          1          1          6     "	15479	2018-10-01	"Mon"	"Evening"	"116"	1	1	6	8	"11"	"16"	2	7
"15478     Mon. Oct 01, 2018          2          6          3     "	15478	2018-10-01	"Mon"	"Midday"	"263"	2	6	3	11	"26"	"63"	8	9
"15477     Sun. Sep 30, 2018          8          4          1     "	15477	2018-09-30	"Sun"	"Evening"	"841"	8	4	1	13	"84"	"41"	12	5
"15476     Sun. Sep 30, 2018          6          9          6     "	15476	2018-09-30	"Sun"	"Midday"	"696"	6	9	6	21	"69"	"96"	15	15
"15475     Sat. Sep 29, 2018          6          4          2     "	15475	2018-09-29	"Sat"	"Evening"	"642"	6	4	2	12	"64"	"42"	10	6
"15474     Sat. Sep 29, 2018          8          0          6     "	15474	2018-09-29	"Sat"	"Midday"	"806"	8	0	6	14	"80"	"06"	8	6
"15473     Fri. Sep 28, 2018          2          2          3     "	15473	2018-09-28	"Fri"	"Evening"	"223"	2	2	3	7	"22"	"23"	4	5
"15472     Fri. Sep 28, 2018          8          5          0     "	15472	2018-09-28	"Fri"	"Midday"	"850"	8	5	0	13	"85"	"50"	13	5
"15471     Thu. Sep 27, 2018          3          1          3     "	15471	2018-09-27	"Thu"	"Evening"	"313"	3	1	3	7	"31"	"13"	4	4
"15470     Thu. Sep 27, 2018          1          0          6     "	15470	2018-09-27	"Thu"	"Midday"	"106"	1	0	6	7	"10"	"06"	1	6
"15469     Wed. Sep 26, 2018          8          8          4     "	15469	2018-09-26	"Wed"	"Evening"	"884"	8	8	4	20	"88"	"84"	16	12
"15468     Wed. Sep 26, 2018          6          5          5     "	15468	2018-09-26	"Wed"	"Midday"	"655"	6	5	5	16	"65"	"55"	11	10
"15467     Tue. Sep 25, 2018          9          4          2     "	15467	2018-09-25	"Tue"	"Evening"	"942"	9	4	2	15	"94"	"42"	13	6
"15466     Tue. Sep 25, 2018          2          0          2     "	15466	2018-09-25	"Tue"	"Midday"	"202"	2	0	2	4	"20"	"02"	2	2
"15465     Mon. Sep 24, 2018          4          8          7     "	15465	2018-09-24	"Mon"	"Evening"	"487"	4	8	7	19	"48"	"87"	12	15
"15464     Mon. Sep 24, 2018          2          5          1     "	15464	2018-09-24	"Mon"	"Midday"	"251"	2	5	1	8	"25"	"51"	7	6
"15463     Sun. Sep 23, 2018          4          2          2     "	15463	2018-09-23	"Sun"	"Evening"	"422"	4	2	2	8	"42"	"22"	6	4
"15462     Sun. Sep 23, 2018          9          5          0     "	15462	2018-09-23	"Sun"	"Midday"	"950"	9	5	0	14	"95"	"50"	14	5
"15461     Sat. Sep 22, 2018          3          8          9     "	15461	2018-09-22	"Sat"	"Evening"	"389"	3	8	9	20	"38"	"89"	11	17
"15460     Sat. Sep 22, 2018          0          7          1     "	15460	2018-09-22	"Sat"	"Midday"	"071"	0	7	1	8	"07"	"71"	7	8
"15459     Fri. Sep 21, 2018          1          9          7     "	15459	2018-09-21	"Fri"	"Evening"	"197"	1	9	7	17	"19"	"97"	10	16
"15458     Fri. Sep 21, 2018          4          3          6     "	15458	2018-09-21	"Fri"	"Midday"	"436"	4	3	6	13	"43"	"36"	7	9
"15457     Thu. Sep 20, 2018          5          0          8     "	15457	2018-09-20	"Thu"	"Evening"	"508"	5	0	8	13	"50"	"08"	5	8
"15456     Thu. Sep 20, 2018          2          1          0     "	15456	2018-09-20	"Thu"	"Midday"	"210"	2	1	0	3	"21"	"10"	3	1
"15455     Wed. Sep 19, 2018          3          6          3     "	15455	2018-09-19	"Wed"	"Evening"	"363"	3	6	3	12	"36"	"63"	9	9
"15454     Wed. Sep 19, 2018          4          2          9     "	15454	2018-09-19	"Wed"	"Midday"	"429"	4	2	9	15	"42"	"29"	6	11
"15453     Tue. Sep 18, 2018          5          6          5     "	15453	2018-09-18	"Tue"	"Evening"	"565"	5	6	5	16	"56"	"65"	11	11
"15452     Tue. Sep 18, 2018          9          8          1     "	15452	2018-09-18	"Tue"	"Midday"	"981"	9	8	1	18	"98"	"81"	17	9
"15451     Mon. Sep 17, 2018          5          5          3     "	15451	2018-09-17	"Mon"	"Evening"	"553"	5	5	3	13	"55"	"53"	10	8
"15450     Mon. Sep 17, 2018          1          8          1     "	15450	2018-09-17	"Mon"	"Midday"	"181"	1	8	1	10	"18"	"81"	9	9
"15449     Sun. Sep 16, 2018          8          0          3     "	15449	2018-09-16	"Sun"	"Evening"	"803"	8	0	3	11	"80"	"03"	8	3
"15448     Sun. Sep 16, 2018          2          8          3     "	15448	2018-09-16	"Sun"	"Midday"	"283"	2	8	3	13	"28"	"83"	10	11
"15447     Sat. Sep 15, 2018          7          8          4     "	15447	2018-09-15	"Sat"	"Evening"	"784"	7	8	4	19	"78"	"84"	15	12
"15446     Sat. Sep 15, 2018          5          5          4     "	15446	2018-09-15	"Sat"	"Midday"	"554"	5	5	4	14	"55"	"54"	10	9
"15445     Fri. Sep 14, 2018          4          0          0     "	15445	2018-09-14	"Fri"	"Evening"	"400"	4	0	0	4	"40"	"00"	4	0
"15444     Fri. Sep 14, 2018          5          6          5     "	15444	2018-09-14	"Fri"	"Midday"	"565"	5	6	5	16	"56"	"65"	11	11
"15443     Thu. Sep 13, 2018          0          1          0     "	15443	2018-09-13	"Thu"	"Evening"	"010"	0	1	0	1	"01"	"10"	1	1
"15442     Thu. Sep 13, 2018          2          0          7     "	15442	2018-09-13	"Thu"	"Midday"	"207"	2	0	7	9	"20"	"07"	2	7
"15441     Wed. Sep 12, 2018          4          5          1     "	15441	2018-09-12	"Wed"	"Evening"	"451"	4	5	1	10	"45"	"51"	9	6
"15440     Wed. Sep 12, 2018          2          2          1     "	15440	2018-09-12	"Wed"	"Midday"	"221"	2	2	1	5	"22"	"21"	4	3
"15439     Tue. Sep 11, 2018          4          9          3     "	15439	2018-09-11	"Tue"	"Evening"	"493"	4	9	3	16	"49"	"93"	13	12
"15438     Tue. Sep 11, 2018          5          1          1     "	15438	2018-09-11	"Tue"	"Midday"	"511"	5	1	1	7	"51"	"11"	6	2
"15437     Mon. Sep 10, 2018          8          2          4     "	15437	2018-09-10	"Mon"	"Evening"	"824"	8	2	4	14	"82"	"24"	10	6
"15436     Mon. Sep 10, 2018          2          4          9     "	15436	2018-09-10	"Mon"	"Midday"	"249"	2	4	9	15	"24"	"49"	6	13
"15435     Sun. Sep 09, 2018          5          1          4     "	15435	2018-09-09	"Sun"	"Evening"	"514"	5	1	4	10	"51"	"14"	6	5
"15434     Sun. Sep 09, 2018          5          2          1     "	15434	2018-09-09	"Sun"	"Midday"	"521"	5	2	1	8	"52"	"21"	7	3
"15433     Sat. Sep 08, 2018          2          0          5     "	15433	2018-09-08	"Sat"	"Evening"	"205"	2	0	5	7	"20"	"05"	2	5
"15432     Sat. Sep 08, 2018          0          4          6     "	15432	2018-09-08	"Sat"	"Midday"	"046"	0	4	6	10	"04"	"46"	4	10
"15431     Fri. Sep 07, 2018          2          8          7     "	15431	2018-09-07	"Fri"	"Evening"	"287"	2	8	7	17	"28"	"87"	10	15
"15430     Fri. Sep 07, 2018          0          2          8     "	15430	2018-09-07	"Fri"	"Midday"	"028"	0	2	8	10	"02"	"28"	2	10
"15429     Thu. Sep 06, 2018          8          1          1     "	15429	2018-09-06	"Thu"	"Evening"	"811"	8	1	1	10	"81"	"11"	9	2
"15428     Thu. Sep 06, 2018          1          5          3     "	15428	2018-09-06	"Thu"	"Midday"	"153"	1	5	3	9	"15"	"53"	6	8
"15427     Wed. Sep 05, 2018          5          1          4     "	15427	2018-09-05	"Wed"	"Evening"	"514"	5	1	4	10	"51"	"14"	6	5
"15426     Wed. Sep 05, 2018          0          2          5     "	15426	2018-09-05	"Wed"	"Midday"	"025"	0	2	5	7	"02"	"25"	2	7
"15425     Tue. Sep 04, 2018          6          4          0     "	15425	2018-09-04	"Tue"	"Evening"	"640"	6	4	0	10	"64"	"40"	10	4
"15424     Tue. Sep 04, 2018          7          8          0     "	15424	2018-09-04	"Tue"	"Midday"	"780"	7	8	0	15	"78"	"80"	15	8
"15423     Mon. Sep 03, 2018          0          4          7     "	15423	2018-09-03	"Mon"	"Evening"	"047"	0	4	7	11	"04"	"47"	4	11
"15422     Mon. Sep 03, 2018          1          8          8     "	15422	2018-09-03	"Mon"	"Midday"	"188"	1	8	8	17	"18"	"88"	9	16
"15421     Sun. Sep 02, 2018          9          3          1     "	15421	2018-09-02	"Sun"	"Evening"	"931"	9	3	1	13	"93"	"31"	12	4
"15420     Sun. Sep 02, 2018          8          8          0     "	15420	2018-09-02	"Sun"	"Midday"	"880"	8	8	0	16	"88"	"80"	16	8
"15419     Sat. Sep 01, 2018          0          4          7     "	15419	2018-09-01	"Sat"	"Evening"	"047"	0	4	7	11	"04"	"47"	4	11
"15418     Sat. Sep 01, 2018          6          1          9     "	15418	2018-09-01	"Sat"	"Midday"	"619"	6	1	9	16	"61"	"19"	7	10
"15417     Fri. Aug 31, 2018          4          1          1     "	15417	2018-08-31	"Fri"	"Evening"	"411"	4	1	1	6	"41"	"11"	5	2
"15416     Fri. Aug 31, 2018          2          5          7     "	15416	2018-08-31	"Fri"	"Midday"	"257"	2	5	7	14	"25"	"57"	7	12
"15415     Thu. Aug 30, 2018          5          5          2     "	15415	2018-08-30	"Thu"	"Evening"	"552"	5	5	2	12	"55"	"52"	10	7
"15414     Thu. Aug 30, 2018          2          3          5     "	15414	2018-08-30	"Thu"	"Midday"	"235"	2	3	5	10	"23"	"35"	5	8
"15413     Wed. Aug 29, 2018          5          3          9     "	15413	2018-08-29	"Wed"	"Evening"	"539"	5	3	9	17	"53"	"39"	8	12
"15412     Wed. Aug 29, 2018          8          9          9     "	15412	2018-08-29	"Wed"	"Midday"	"899"	8	9	9	26	"89"	"99"	17	18
"15411     Tue. Aug 28, 2018          8          5          4     "	15411	2018-08-28	"Tue"	"Evening"	"854"	8	5	4	17	"85"	"54"	13	9
"15410     Tue. Aug 28, 2018          7          7          4     "	15410	2018-08-28	"Tue"	"Midday"	"774"	7	7	4	18	"77"	"74"	14	11
"15409     Mon. Aug 27, 2018          4          9          2     "	15409	2018-08-27	"Mon"	"Evening"	"492"	4	9	2	15	"49"	"92"	13	11
"15408     Mon. Aug 27, 2018          0          8          6     "	15408	2018-08-27	"Mon"	"Midday"	"086"	0	8	6	14	"08"	"86"	8	14
"15407     Sun. Aug 26, 2018          1          4          1     "	15407	2018-08-26	"Sun"	"Evening"	"141"	1	4	1	6	"14"	"41"	5	5
"15406     Sun. Aug 26, 2018          9          1          6     "	15406	2018-08-26	"Sun"	"Midday"	"916"	9	1	6	16	"91"	"16"	10	7
"15405     Sat. Aug 25, 2018          2          4          5     "	15405	2018-08-25	"Sat"	"Evening"	"245"	2	4	5	11	"24"	"45"	6	9
"15404     Sat. Aug 25, 2018          3          4          8     "	15404	2018-08-25	"Sat"	"Midday"	"348"	3	4	8	15	"34"	"48"	7	12
"15403     Fri. Aug 24, 2018          5          5          6     "	15403	2018-08-24	"Fri"	"Evening"	"556"	5	5	6	16	"55"	"56"	10	11
"15402     Fri. Aug 24, 2018          2          3          8     "	15402	2018-08-24	"Fri"	"Midday"	"238"	2	3	8	13	"23"	"38"	5	11
"15401     Thu. Aug 23, 2018          9          2          3     "	15401	2018-08-23	"Thu"	"Evening"	"923"	9	2	3	14	"92"	"23"	11	5
"15400     Thu. Aug 23, 2018          0          0          0     "	15400	2018-08-23	"Thu"	"Midday"	"000"	0	0	0	0	"00"	"00"	0	0
"15399     Wed. Aug 22, 2018          3          7          0     "	15399	2018-08-22	"Wed"	"Evening"	"370"	3	7	0	10	"37"	"70"	10	7
"15398     Wed. Aug 22, 2018          0          6          0     "	15398	2018-08-22	"Wed"	"Midday"	"060"	0	6	0	6	"06"	"60"	6	6
"15397     Tue. Aug 21, 2018          5          5          7     "	15397	2018-08-21	"Tue"	"Evening"	"557"	5	5	7	17	"55"	"57"	10	12
"15396     Tue. Aug 21, 2018          4          6          4     "	15396	2018-08-21	"Tue"	"Midday"	"464"	4	6	4	14	"46"	"64"	10	10
"15395     Mon. Aug 20, 2018          2          0          6     "	15395	2018-08-20	"Mon"	"Evening"	"206"	2	0	6	8	"20"	"06"	2	6
"15394     Mon. Aug 20, 2018          2          2          3     "	15394	2018-08-20	"Mon"	"Midday"	"223"	2	2	3	7	"22"	"23"	4	5
"15393     Sun. Aug 19, 2018          9          4          8     "	15393	2018-08-19	"Sun"	"Evening"	"948"	9	4	8	21	"94"	"48"	13	12
"15392     Sun. Aug 19, 2018          9          7          2     "	15392	2018-08-19	"Sun"	"Midday"	"972"	9	7	2	18	"97"	"72"	16	9
"15391     Sat. Aug 18, 2018          6          9          4     "	15391	2018-08-18	"Sat"	"Evening"	"694"	6	9	4	19	"69"	"94"	15	13
"15390     Sat. Aug 18, 2018          0          2          4     "	15390	2018-08-18	"Sat"	"Midday"	"024"	0	2	4	6	"02"	"24"	2	6
"15389     Fri. Aug 17, 2018          0          0          6     "	15389	2018-08-17	"Fri"	"Evening"	"006"	0	0	6	6	"00"	"06"	0	6
"15388     Fri. Aug 17, 2018          3          1          0     "	15388	2018-08-17	"Fri"	"Midday"	"310"	3	1	0	4	"31"	"10"	4	1
"15387     Thu. Aug 16, 2018          1          0          9     "	15387	2018-08-16	"Thu"	"Evening"	"109"	1	0	9	10	"10"	"09"	1	9
"15386     Thu. Aug 16, 2018          0          7          3     "	15386	2018-08-16	"Thu"	"Midday"	"073"	0	7	3	10	"07"	"73"	7	10
"15385     Wed. Aug 15, 2018          9          9          4     "	15385	2018-08-15	"Wed"	"Evening"	"994"	9	9	4	22	"99"	"94"	18	13
"15384     Wed. Aug 15, 2018          4          6          8     "	15384	2018-08-15	"Wed"	"Midday"	"468"	4	6	8	18	"46"	"68"	10	14
"15383     Tue. Aug 14, 2018          3          1          8     "	15383	2018-08-14	"Tue"	"Evening"	"318"	3	1	8	12	"31"	"18"	4	9
"15382     Tue. Aug 14, 2018          1          0          9     "	15382	2018-08-14	"Tue"	"Midday"	"109"	1	0	9	10	"10"	"09"	1	9
"15381     Mon. Aug 13, 2018          1          1          6     "	15381	2018-08-13	"Mon"	"Evening"	"116"	1	1	6	8	"11"	"16"	2	7
"15380     Mon. Aug 13, 2018          6          3          9     "	15380	2018-08-13	"Mon"	"Midday"	"639"	6	3	9	18	"63"	"39"	9	12
"15379     Sun. Aug 12, 2018          2          0          5     "	15379	2018-08-12	"Sun"	"Evening"	"205"	2	0	5	7	"20"	"05"	2	5
"15378     Sun. Aug 12, 2018          8          2          9     "	15378	2018-08-12	"Sun"	"Midday"	"829"	8	2	9	19	"82"	"29"	10	11
"15377     Sat. Aug 11, 2018          6          9          1     "	15377	2018-08-11	"Sat"	"Evening"	"691"	6	9	1	16	"69"	"91"	15	10
"15376     Sat. Aug 11, 2018          7          0          7     "	15376	2018-08-11	"Sat"	"Midday"	"707"	7	0	7	14	"70"	"07"	7	7
"15375     Fri. Aug 10, 2018          2          3          3     "	15375	2018-08-10	"Fri"	"Evening"	"233"	2	3	3	8	"23"	"33"	5	6
"15374     Fri. Aug 10, 2018          7          5          4     "	15374	2018-08-10	"Fri"	"Midday"	"754"	7	5	4	16	"75"	"54"	12	9
"15373     Thu. Aug 09, 2018          6          3          0     "	15373	2018-08-09	"Thu"	"Evening"	"630"	6	3	0	9	"63"	"30"	9	3
"15372     Thu. Aug 09, 2018          8          6          7     "	15372	2018-08-09	"Thu"	"Midday"	"867"	8	6	7	21	"86"	"67"	14	13
"15371     Wed. Aug 08, 2018          1          1          7     "	15371	2018-08-08	"Wed"	"Evening"	"117"	1	1	7	9	"11"	"17"	2	8
"15370     Wed. Aug 08, 2018          8          5          0     "	15370	2018-08-08	"Wed"	"Midday"	"850"	8	5	0	13	"85"	"50"	13	5
"15369     Tue. Aug 07, 2018          6          2          6     "	15369	2018-08-07	"Tue"	"Evening"	"626"	6	2	6	14	"62"	"26"	8	8
"15368     Tue. Aug 07, 2018          0          6          5     "	15368	2018-08-07	"Tue"	"Midday"	"065"	0	6	5	11	"06"	"65"	6	11
"15367     Mon. Aug 06, 2018          0          2          3     "	15367	2018-08-06	"Mon"	"Evening"	"023"	0	2	3	5	"02"	"23"	2	5
"15366     Mon. Aug 06, 2018          0          7          7     "	15366	2018-08-06	"Mon"	"Midday"	"077"	0	7	7	14	"07"	"77"	7	14
"15365     Sun. Aug 05, 2018          9          5          4     "	15365	2018-08-05	"Sun"	"Evening"	"954"	9	5	4	18	"95"	"54"	14	9
"15364     Sun. Aug 05, 2018          4          9          9     "	15364	2018-08-05	"Sun"	"Midday"	"499"	4	9	9	22	"49"	"99"	13	18
"15363     Sat. Aug 04, 2018          9          9          3     "	15363	2018-08-04	"Sat"	"Evening"	"993"	9	9	3	21	"99"	"93"	18	12
"15362     Sat. Aug 04, 2018          4          1          5     "	15362	2018-08-04	"Sat"	"Midday"	"415"	4	1	5	10	"41"	"15"	5	6
"15361     Fri. Aug 03, 2018          7          7          0     "	15361	2018-08-03	"Fri"	"Evening"	"770"	7	7	0	14	"77"	"70"	14	7
"15360     Fri. Aug 03, 2018          6          4          6     "	15360	2018-08-03	"Fri"	"Midday"	"646"	6	4	6	16	"64"	"46"	10	10
"15359     Thu. Aug 02, 2018          6          9          5     "	15359	2018-08-02	"Thu"	"Evening"	"695"	6	9	5	20	"69"	"95"	15	14
"15358     Thu. Aug 02, 2018          7          3          5     "	15358	2018-08-02	"Thu"	"Midday"	"735"	7	3	5	15	"73"	"35"	10	8
"15357     Wed. Aug 01, 2018          6          6          5     "	15357	2018-08-01	"Wed"	"Evening"	"665"	6	6	5	17	"66"	"65"	12	11
"15356     Wed. Aug 01, 2018          4          1          7     "	15356	2018-08-01	"Wed"	"Midday"	"417"	4	1	7	12	"41"	"17"	5	8
"15355     Tue. Jul 31, 2018          1          0          1     "	15355	2018-07-31	"Tue"	"Evening"	"101"	1	0	1	2	"10"	"01"	1	1
"15354     Tue. Jul 31, 2018          7          8          5     "	15354	2018-07-31	"Tue"	"Midday"	"785"	7	8	5	20	"78"	"85"	15	13
"15353     Mon. Jul 30, 2018          3          8          0     "	15353	2018-07-30	"Mon"	"Evening"	"380"	3	8	0	11	"38"	"80"	11	8
"15352     Mon. Jul 30, 2018          5          0          7     "	15352	2018-07-30	"Mon"	"Midday"	"507"	5	0	7	12	"50"	"07"	5	7
"15351     Sun. Jul 29, 2018          7          1          9     "	15351	2018-07-29	"Sun"	"Evening"	"719"	7	1	9	17	"71"	"19"	8	10
"15350     Sun. Jul 29, 2018          0          4          7     "	15350	2018-07-29	"Sun"	"Midday"	"047"	0	4	7	11	"04"	"47"	4	11
"15349     Sat. Jul 28, 2018          5          4          5     "	15349	2018-07-28	"Sat"	"Evening"	"545"	5	4	5	14	"54"	"45"	9	9
"15348     Sat. Jul 28, 2018          5          7          3     "	15348	2018-07-28	"Sat"	"Midday"	"573"	5	7	3	15	"57"	"73"	12	10
"15347     Fri. Jul 27, 2018          0          4          3     "	15347	2018-07-27	"Fri"	"Evening"	"043"	0	4	3	7	"04"	"43"	4	7
"15346     Fri. Jul 27, 2018          4          7          5     "	15346	2018-07-27	"Fri"	"Midday"	"475"	4	7	5	16	"47"	"75"	11	12
"15345     Thu. Jul 26, 2018          8          9          0     "	15345	2018-07-26	"Thu"	"Evening"	"890"	8	9	0	17	"89"	"90"	17	9
"15344     Thu. Jul 26, 2018          8          5          8     "	15344	2018-07-26	"Thu"	"Midday"	"858"	8	5	8	21	"85"	"58"	13	13
"15343     Wed. Jul 25, 2018          0          3          6     "	15343	2018-07-25	"Wed"	"Evening"	"036"	0	3	6	9	"03"	"36"	3	9
"15342     Wed. Jul 25, 2018          8          2          8     "	15342	2018-07-25	"Wed"	"Midday"	"828"	8	2	8	18	"82"	"28"	10	10
"15341     Tue. Jul 24, 2018          7          7          5     "	15341	2018-07-24	"Tue"	"Evening"	"775"	7	7	5	19	"77"	"75"	14	12
"15340     Tue. Jul 24, 2018          4          5          6     "	15340	2018-07-24	"Tue"	"Midday"	"456"	4	5	6	15	"45"	"56"	9	11
"15339     Mon. Jul 23, 2018          9          7          2     "	15339	2018-07-23	"Mon"	"Evening"	"972"	9	7	2	18	"97"	"72"	16	9
"15338     Mon. Jul 23, 2018          7          0          3     "	15338	2018-07-23	"Mon"	"Midday"	"703"	7	0	3	10	"70"	"03"	7	3
"15337     Sun. Jul 22, 2018          8          7          6     "	15337	2018-07-22	"Sun"	"Evening"	"876"	8	7	6	21	"87"	"76"	15	13
"15336     Sun. Jul 22, 2018          2          5          7     "	15336	2018-07-22	"Sun"	"Midday"	"257"	2	5	7	14	"25"	"57"	7	12
"15335     Sat. Jul 21, 2018          7          4          3     "	15335	2018-07-21	"Sat"	"Evening"	"743"	7	4	3	14	"74"	"43"	11	7
"15334     Sat. Jul 21, 2018          6          8          1     "	15334	2018-07-21	"Sat"	"Midday"	"681"	6	8	1	15	"68"	"81"	14	9
"15333     Fri. Jul 20, 2018          8          1          2     "	15333	2018-07-20	"Fri"	"Evening"	"812"	8	1	2	11	"81"	"12"	9	3
"15332     Fri. Jul 20, 2018          8          1          0     "	15332	2018-07-20	"Fri"	"Midday"	"810"	8	1	0	9	"81"	"10"	9	1
"15331     Thu. Jul 19, 2018          8          4          9     "	15331	2018-07-19	"Thu"	"Evening"	"849"	8	4	9	21	"84"	"49"	12	13
"15330     Thu. Jul 19, 2018          2          8          4     "	15330	2018-07-19	"Thu"	"Midday"	"284"	2	8	4	14	"28"	"84"	10	12
"15329     Wed. Jul 18, 2018          8          9          4     "	15329	2018-07-18	"Wed"	"Evening"	"894"	8	9	4	21	"89"	"94"	17	13
"15328     Wed. Jul 18, 2018          0          8          2     "	15328	2018-07-18	"Wed"	"Midday"	"082"	0	8	2	10	"08"	"82"	8	10
"15327     Tue. Jul 17, 2018          0          1          3     "	15327	2018-07-17	"Tue"	"Evening"	"013"	0	1	3	4	"01"	"13"	1	4
"15326     Tue. Jul 17, 2018          3          0          2     "	15326	2018-07-17	"Tue"	"Midday"	"302"	3	0	2	5	"30"	"02"	3	2
"15325     Mon. Jul 16, 2018          2          7          0     "	15325	2018-07-16	"Mon"	"Evening"	"270"	2	7	0	9	"27"	"70"	9	7
"15324     Mon. Jul 16, 2018          8          8          1     "	15324	2018-07-16	"Mon"	"Midday"	"881"	8	8	1	17	"88"	"81"	16	9
"15323     Sun. Jul 15, 2018          2          8          6     "	15323	2018-07-15	"Sun"	"Evening"	"286"	2	8	6	16	"28"	"86"	10	14
"15322     Sun. Jul 15, 2018          4          9          7     "	15322	2018-07-15	"Sun"	"Midday"	"497"	4	9	7	20	"49"	"97"	13	16
"15321     Sat. Jul 14, 2018          1          0          5     "	15321	2018-07-14	"Sat"	"Evening"	"105"	1	0	5	6	"10"	"05"	1	5
"15320     Sat. Jul 14, 2018          6          8          6     "	15320	2018-07-14	"Sat"	"Midday"	"686"	6	8	6	20	"68"	"86"	14	14
"15319     Fri. Jul 13, 2018          4          9          8     "	15319	2018-07-13	"Fri"	"Evening"	"498"	4	9	8	21	"49"	"98"	13	17
"15318     Fri. Jul 13, 2018          8          0          4     "	15318	2018-07-13	"Fri"	"Midday"	"804"	8	0	4	12	"80"	"04"	8	4
"15317     Thu. Jul 12, 2018          2          1          6     "	15317	2018-07-12	"Thu"	"Evening"	"216"	2	1	6	9	"21"	"16"	3	7
"15316     Thu. Jul 12, 2018          1          3          0     "	15316	2018-07-12	"Thu"	"Midday"	"130"	1	3	0	4	"13"	"30"	4	3
"15315     Wed. Jul 11, 2018          3          2          9     "	15315	2018-07-11	"Wed"	"Evening"	"329"	3	2	9	14	"32"	"29"	5	11
"15314     Wed. Jul 11, 2018          3          8          7     "	15314	2018-07-11	"Wed"	"Midday"	"387"	3	8	7	18	"38"	"87"	11	15
"15313     Tue. Jul 10, 2018          1          8          2     "	15313	2018-07-10	"Tue"	"Evening"	"182"	1	8	2	11	"18"	"82"	9	10
"15312     Tue. Jul 10, 2018          4          0          1     "	15312	2018-07-10	"Tue"	"Midday"	"401"	4	0	1	5	"40"	"01"	4	1
"15311     Mon. Jul 09, 2018          5          0          9     "	15311	2018-07-09	"Mon"	"Evening"	"509"	5	0	9	14	"50"	"09"	5	9
"15310     Mon. Jul 09, 2018          5          3          6     "	15310	2018-07-09	"Mon"	"Midday"	"536"	5	3	6	14	"53"	"36"	8	9
"15309     Sun. Jul 08, 2018          9          9          5     "	15309	2018-07-08	"Sun"	"Evening"	"995"	9	9	5	23	"99"	"95"	18	14
"15308     Sun. Jul 08, 2018          3          8          1     "	15308	2018-07-08	"Sun"	"Midday"	"381"	3	8	1	12	"38"	"81"	11	9
"15307     Sat. Jul 07, 2018          8          4          2     "	15307	2018-07-07	"Sat"	"Evening"	"842"	8	4	2	14	"84"	"42"	12	6
"15306     Sat. Jul 07, 2018          3          9          6     "	15306	2018-07-07	"Sat"	"Midday"	"396"	3	9	6	18	"39"	"96"	12	15
"15305     Fri. Jul 06, 2018          3          0          0     "	15305	2018-07-06	"Fri"	"Evening"	"300"	3	0	0	3	"30"	"00"	3	0
"15304     Fri. Jul 06, 2018          2          7          9     "	15304	2018-07-06	"Fri"	"Midday"	"279"	2	7	9	18	"27"	"79"	9	16
"15303     Thu. Jul 05, 2018          3          8          8     "	15303	2018-07-05	"Thu"	"Evening"	"388"	3	8	8	19	"38"	"88"	11	16
"15302     Thu. Jul 05, 2018          2          9          2     "	15302	2018-07-05	"Thu"	"Midday"	"292"	2	9	2	13	"29"	"92"	11	11
"15301     Wed. Jul 04, 2018          6          7          9     "	15301	2018-07-04	"Wed"	"Evening"	"679"	6	7	9	22	"67"	"79"	13	16
"15300     Wed. Jul 04, 2018          3          6          0     "	15300	2018-07-04	"Wed"	"Midday"	"360"	3	6	0	9	"36"	"60"	9	6
"15299     Tue. Jul 03, 2018          1          1          5     "	15299	2018-07-03	"Tue"	"Evening"	"115"	1	1	5	7	"11"	"15"	2	6
"15298     Tue. Jul 03, 2018          1          2          4     "	15298	2018-07-03	"Tue"	"Midday"	"124"	1	2	4	7	"12"	"24"	3	6
"15297     Mon. Jul 02, 2018          2          7          8     "	15297	2018-07-02	"Mon"	"Evening"	"278"	2	7	8	17	"27"	"78"	9	15
"15296     Mon. Jul 02, 2018          3          6          9     "	15296	2018-07-02	"Mon"	"Midday"	"369"	3	6	9	18	"36"	"69"	9	15
"15295     Sun. Jul 01, 2018          7          4          9     "	15295	2018-07-01	"Sun"	"Evening"	"749"	7	4	9	20	"74"	"49"	11	13
"15294     Sun. Jul 01, 2018          9          9          0     "	15294	2018-07-01	"Sun"	"Midday"	"990"	9	9	0	18	"99"	"90"	18	9
"15293     Sat. Jun 30, 2018          4          8          7     "	15293	2018-06-30	"Sat"	"Evening"	"487"	4	8	7	19	"48"	"87"	12	15
"15292     Sat. Jun 30, 2018          0          5          4     "	15292	2018-06-30	"Sat"	"Midday"	"054"	0	5	4	9	"05"	"54"	5	9
"15291     Fri. Jun 29, 2018          0          4          6     "	15291	2018-06-29	"Fri"	"Evening"	"046"	0	4	6	10	"04"	"46"	4	10
"15290     Fri. Jun 29, 2018          4          4          0     "	15290	2018-06-29	"Fri"	"Midday"	"440"	4	4	0	8	"44"	"40"	8	4
"15289     Thu. Jun 28, 2018          1          5          4     "	15289	2018-06-28	"Thu"	"Evening"	"154"	1	5	4	10	"15"	"54"	6	9
"15288     Thu. Jun 28, 2018          7          9          6     "	15288	2018-06-28	"Thu"	"Midday"	"796"	7	9	6	22	"79"	"96"	16	15
"15287     Wed. Jun 27, 2018          9          7          1     "	15287	2018-06-27	"Wed"	"Evening"	"971"	9	7	1	17	"97"	"71"	16	8
"15286     Wed. Jun 27, 2018          8          1          2     "	15286	2018-06-27	"Wed"	"Midday"	"812"	8	1	2	11	"81"	"12"	9	3
"15285     Tue. Jun 26, 2018          8          5          2     "	15285	2018-06-26	"Tue"	"Evening"	"852"	8	5	2	15	"85"	"52"	13	7
"15284     Tue. Jun 26, 2018          6          5          8     "	15284	2018-06-26	"Tue"	"Midday"	"658"	6	5	8	19	"65"	"58"	11	13
"15283     Mon. Jun 25, 2018          6          1          7     "	15283	2018-06-25	"Mon"	"Evening"	"617"	6	1	7	14	"61"	"17"	7	8
"15282     Mon. Jun 25, 2018          5          1          7     "	15282	2018-06-25	"Mon"	"Midday"	"517"	5	1	7	13	"51"	"17"	6	8
"15281     Sun. Jun 24, 2018          1          0          9     "	15281	2018-06-24	"Sun"	"Evening"	"109"	1	0	9	10	"10"	"09"	1	9
"15280     Sun. Jun 24, 2018          2          3          1     "	15280	2018-06-24	"Sun"	"Midday"	"231"	2	3	1	6	"23"	"31"	5	4
"15279     Sat. Jun 23, 2018          2          3          1     "	15279	2018-06-23	"Sat"	"Evening"	"231"	2	3	1	6	"23"	"31"	5	4
"15278     Sat. Jun 23, 2018          4          1          5     "	15278	2018-06-23	"Sat"	"Midday"	"415"	4	1	5	10	"41"	"15"	5	6
"15277     Fri. Jun 22, 2018          1          6          1     "	15277	2018-06-22	"Fri"	"Evening"	"161"	1	6	1	8	"16"	"61"	7	7
"15276     Fri. Jun 22, 2018          2          3          9     "	15276	2018-06-22	"Fri"	"Midday"	"239"	2	3	9	14	"23"	"39"	5	12
"15275     Thu. Jun 21, 2018          0          8          8     "	15275	2018-06-21	"Thu"	"Evening"	"088"	0	8	8	16	"08"	"88"	8	16
"15274     Thu. Jun 21, 2018          2          1          5     "	15274	2018-06-21	"Thu"	"Midday"	"215"	2	1	5	8	"21"	"15"	3	6
"15273     Wed. Jun 20, 2018          7          4          3     "	15273	2018-06-20	"Wed"	"Evening"	"743"	7	4	3	14	"74"	"43"	11	7
"15272     Wed. Jun 20, 2018          7          9          4     "	15272	2018-06-20	"Wed"	"Midday"	"794"	7	9	4	20	"79"	"94"	16	13
"15271     Tue. Jun 19, 2018          2          0          6     "	15271	2018-06-19	"Tue"	"Evening"	"206"	2	0	6	8	"20"	"06"	2	6
"15270     Tue. Jun 19, 2018          7          8          8     "	15270	2018-06-19	"Tue"	"Midday"	"788"	7	8	8	23	"78"	"88"	15	16
"15269     Mon. Jun 18, 2018          4          9          3     "	15269	2018-06-18	"Mon"	"Evening"	"493"	4	9	3	16	"49"	"93"	13	12
"15268     Mon. Jun 18, 2018          9          3          5     "	15268	2018-06-18	"Mon"	"Midday"	"935"	9	3	5	17	"93"	"35"	12	8
"15267     Sun. Jun 17, 2018          0          5          2     "	15267	2018-06-17	"Sun"	"Evening"	"052"	0	5	2	7	"05"	"52"	5	7
"15266     Sun. Jun 17, 2018          9          1          0     "	15266	2018-06-17	"Sun"	"Midday"	"910"	9	1	0	10	"91"	"10"	10	1
"15265     Sat. Jun 16, 2018          6          3          6     "	15265	2018-06-16	"Sat"	"Evening"	"636"	6	3	6	15	"63"	"36"	9	9
"15264     Sat. Jun 16, 2018          5          8          3     "	15264	2018-06-16	"Sat"	"Midday"	"583"	5	8	3	16	"58"	"83"	13	11
"15263     Fri. Jun 15, 2018          7          1          2     "	15263	2018-06-15	"Fri"	"Evening"	"712"	7	1	2	10	"71"	"12"	8	3
"15262     Fri. Jun 15, 2018          4          5          9     "	15262	2018-06-15	"Fri"	"Midday"	"459"	4	5	9	18	"45"	"59"	9	14
"15261     Thu. Jun 14, 2018          9          5          2     "	15261	2018-06-14	"Thu"	"Evening"	"952"	9	5	2	16	"95"	"52"	14	7
"15260     Thu. Jun 14, 2018          2          1          7     "	15260	2018-06-14	"Thu"	"Midday"	"217"	2	1	7	10	"21"	"17"	3	8
"15259     Wed. Jun 13, 2018          9          6          2     "	15259	2018-06-13	"Wed"	"Evening"	"962"	9	6	2	17	"96"	"62"	15	8
"15258     Wed. Jun 13, 2018          6          3          1     "	15258	2018-06-13	"Wed"	"Midday"	"631"	6	3	1	10	"63"	"31"	9	4
"15257     Tue. Jun 12, 2018          0          2          0     "	15257	2018-06-12	"Tue"	"Evening"	"020"	0	2	0	2	"02"	"20"	2	2
"15256     Tue. Jun 12, 2018          8          9          1     "	15256	2018-06-12	"Tue"	"Midday"	"891"	8	9	1	18	"89"	"91"	17	10
"15255     Mon. Jun 11, 2018          6          4          2     "	15255	2018-06-11	"Mon"	"Evening"	"642"	6	4	2	12	"64"	"42"	10	6
"15254     Mon. Jun 11, 2018          3          7          6     "	15254	2018-06-11	"Mon"	"Midday"	"376"	3	7	6	16	"37"	"76"	10	13
"15253     Sun. Jun 10, 2018          0          2          7     "	15253	2018-06-10	"Sun"	"Evening"	"027"	0	2	7	9	"02"	"27"	2	9
"15252     Sun. Jun 10, 2018          5          2          2     "	15252	2018-06-10	"Sun"	"Midday"	"522"	5	2	2	9	"52"	"22"	7	4
"15251     Sat. Jun 09, 2018          9          0          7     "	15251	2018-06-09	"Sat"	"Evening"	"907"	9	0	7	16	"90"	"07"	9	7
"15250     Sat. Jun 09, 2018          9          5          6     "	15250	2018-06-09	"Sat"	"Midday"	"956"	9	5	6	20	"95"	"56"	14	11
"15249     Fri. Jun 08, 2018          3          4          7     "	15249	2018-06-08	"Fri"	"Evening"	"347"	3	4	7	14	"34"	"47"	7	11
"15248     Fri. Jun 08, 2018          1          2          2     "	15248	2018-06-08	"Fri"	"Midday"	"122"	1	2	2	5	"12"	"22"	3	4
"15247     Thu. Jun 07, 2018          4          6          5     "	15247	2018-06-07	"Thu"	"Evening"	"465"	4	6	5	15	"46"	"65"	10	11
"15246     Thu. Jun 07, 2018          2          9          5     "	15246	2018-06-07	"Thu"	"Midday"	"295"	2	9	5	16	"29"	"95"	11	14
"15245     Wed. Jun 06, 2018          5          2          9     "	15245	2018-06-06	"Wed"	"Evening"	"529"	5	2	9	16	"52"	"29"	7	11
"15244     Wed. Jun 06, 2018          3          1          4     "	15244	2018-06-06	"Wed"	"Midday"	"314"	3	1	4	8	"31"	"14"	4	5
"15243     Tue. Jun 05, 2018          8          3          1     "	15243	2018-06-05	"Tue"	"Evening"	"831"	8	3	1	12	"83"	"31"	11	4
"15242     Tue. Jun 05, 2018          1          4          7     "	15242	2018-06-05	"Tue"	"Midday"	"147"	1	4	7	12	"14"	"47"	5	11
"15241     Mon. Jun 04, 2018          4          4          7     "	15241	2018-06-04	"Mon"	"Evening"	"447"	4	4	7	15	"44"	"47"	8	11
"15240     Mon. Jun 04, 2018          0          6          7     "	15240	2018-06-04	"Mon"	"Midday"	"067"	0	6	7	13	"06"	"67"	6	13
"15239     Sun. Jun 03, 2018          8          9          8     "	15239	2018-06-03	"Sun"	"Evening"	"898"	8	9	8	25	"89"	"98"	17	17
"15238     Sun. Jun 03, 2018          6          6          2     "	15238	2018-06-03	"Sun"	"Midday"	"662"	6	6	2	14	"66"	"62"	12	8
"15237     Sat. Jun 02, 2018          4          5          7     "	15237	2018-06-02	"Sat"	"Evening"	"457"	4	5	7	16	"45"	"57"	9	12
"15236     Sat. Jun 02, 2018          4          6          8     "	15236	2018-06-02	"Sat"	"Midday"	"468"	4	6	8	18	"46"	"68"	10	14
"15235     Fri. Jun 01, 2018          2          9          5     "	15235	2018-06-01	"Fri"	"Evening"	"295"	2	9	5	16	"29"	"95"	11	14
"15234     Fri. Jun 01, 2018          9          3          7     "	15234	2018-06-01	"Fri"	"Midday"	"937"	9	3	7	19	"93"	"37"	12	10
"15233     Thu. May 31, 2018          2          3          1     "	15233	2018-05-31	"Thu"	"Evening"	"231"	2	3	1	6	"23"	"31"	5	4
"15232     Thu. May 31, 2018          7          9          7     "	15232	2018-05-31	"Thu"	"Midday"	"797"	7	9	7	23	"79"	"97"	16	16
"15231     Wed. May 30, 2018          1          2          4     "	15231	2018-05-30	"Wed"	"Evening"	"124"	1	2	4	7	"12"	"24"	3	6
"15230     Wed. May 30, 2018          2          1          1     "	15230	2018-05-30	"Wed"	"Midday"	"211"	2	1	1	4	"21"	"11"	3	2
"15229     Tue. May 29, 2018          8          5          7     "	15229	2018-05-29	"Tue"	"Evening"	"857"	8	5	7	20	"85"	"57"	13	12
"15228     Tue. May 29, 2018          8          0          3     "	15228	2018-05-29	"Tue"	"Midday"	"803"	8	0	3	11	"80"	"03"	8	3
"15227     Mon. May 28, 2018          3          9          6     "	15227	2018-05-28	"Mon"	"Evening"	"396"	3	9	6	18	"39"	"96"	12	15
"15226     Mon. May 28, 2018          0          0          3     "	15226	2018-05-28	"Mon"	"Midday"	"003"	0	0	3	3	"00"	"03"	0	3
"15225     Sun. May 27, 2018          1          9          5     "	15225	2018-05-27	"Sun"	"Evening"	"195"	1	9	5	15	"19"	"95"	10	14
"15224     Sun. May 27, 2018          9          3          4     "	15224	2018-05-27	"Sun"	"Midday"	"934"	9	3	4	16	"93"	"34"	12	7
"15223     Sat. May 26, 2018          2          9          4     "	15223	2018-05-26	"Sat"	"Evening"	"294"	2	9	4	15	"29"	"94"	11	13
"15222     Sat. May 26, 2018          4          9          4     "	15222	2018-05-26	"Sat"	"Midday"	"494"	4	9	4	17	"49"	"94"	13	13
"15221     Fri. May 25, 2018          7          8          0     "	15221	2018-05-25	"Fri"	"Evening"	"780"	7	8	0	15	"78"	"80"	15	8
"15220     Fri. May 25, 2018          2          0          9     "	15220	2018-05-25	"Fri"	"Midday"	"209"	2	0	9	11	"20"	"09"	2	9
"15219     Thu. May 24, 2018          4          3          0     "	15219	2018-05-24	"Thu"	"Evening"	"430"	4	3	0	7	"43"	"30"	7	3
"15218     Thu. May 24, 2018          4          5          5     "	15218	2018-05-24	"Thu"	"Midday"	"455"	4	5	5	14	"45"	"55"	9	10
"15217     Wed. May 23, 2018          0          2          2     "	15217	2018-05-23	"Wed"	"Evening"	"022"	0	2	2	4	"02"	"22"	2	4
"15216     Wed. May 23, 2018          2          0          6     "	15216	2018-05-23	"Wed"	"Midday"	"206"	2	0	6	8	"20"	"06"	2	6
"15215     Tue. May 22, 2018          3          9          3     "	15215	2018-05-22	"Tue"	"Evening"	"393"	3	9	3	15	"39"	"93"	12	12
"15214     Tue. May 22, 2018          9          5          2     "	15214	2018-05-22	"Tue"	"Midday"	"952"	9	5	2	16	"95"	"52"	14	7
"15213     Mon. May 21, 2018          5          7          9     "	15213	2018-05-21	"Mon"	"Evening"	"579"	5	7	9	21	"57"	"79"	12	16
"15212     Mon. May 21, 2018          4          4          3     "	15212	2018-05-21	"Mon"	"Midday"	"443"	4	4	3	11	"44"	"43"	8	7
"15211     Sun. May 20, 2018          4          1          0     "	15211	2018-05-20	"Sun"	"Evening"	"410"	4	1	0	5	"41"	"10"	5	1
"15210     Sun. May 20, 2018          9          6          8     "	15210	2018-05-20	"Sun"	"Midday"	"968"	9	6	8	23	"96"	"68"	15	14
"15209     Sat. May 19, 2018          5          1          0     "	15209	2018-05-19	"Sat"	"Evening"	"510"	5	1	0	6	"51"	"10"	6	1
"15208     Sat. May 19, 2018          0          8          6     "	15208	2018-05-19	"Sat"	"Midday"	"086"	0	8	6	14	"08"	"86"	8	14
"15207     Fri. May 18, 2018          2          0          8     "	15207	2018-05-18	"Fri"	"Evening"	"208"	2	0	8	10	"20"	"08"	2	8
"15206     Fri. May 18, 2018          1          4          7     "	15206	2018-05-18	"Fri"	"Midday"	"147"	1	4	7	12	"14"	"47"	5	11
"15205     Thu. May 17, 2018          3          5          5     "	15205	2018-05-17	"Thu"	"Evening"	"355"	3	5	5	13	"35"	"55"	8	10
"15204     Thu. May 17, 2018          9          1          2     "	15204	2018-05-17	"Thu"	"Midday"	"912"	9	1	2	12	"91"	"12"	10	3
"15203     Wed. May 16, 2018          1          7          3     "	15203	2018-05-16	"Wed"	"Evening"	"173"	1	7	3	11	"17"	"73"	8	10
"15202     Wed. May 16, 2018          3          8          2     "	15202	2018-05-16	"Wed"	"Midday"	"382"	3	8	2	13	"38"	"82"	11	10
"15201     Tue. May 15, 2018          8          3          9     "	15201	2018-05-15	"Tue"	"Evening"	"839"	8	3	9	20	"83"	"39"	11	12
"15200     Tue. May 15, 2018          5          5          5     "	15200	2018-05-15	"Tue"	"Midday"	"555"	5	5	5	15	"55"	"55"	10	10
"15199     Mon. May 14, 2018          1          4          3     "	15199	2018-05-14	"Mon"	"Evening"	"143"	1	4	3	8	"14"	"43"	5	7
"15198     Mon. May 14, 2018          2          5          2     "	15198	2018-05-14	"Mon"	"Midday"	"252"	2	5	2	9	"25"	"52"	7	7
"15197     Sun. May 13, 2018          8          8          7     "	15197	2018-05-13	"Sun"	"Evening"	"887"	8	8	7	23	"88"	"87"	16	15
"15196     Sun. May 13, 2018          9          2          4     "	15196	2018-05-13	"Sun"	"Midday"	"924"	9	2	4	15	"92"	"24"	11	6
"15195     Sat. May 12, 2018          6          2          0     "	15195	2018-05-12	"Sat"	"Evening"	"620"	6	2	0	8	"62"	"20"	8	2
"15194     Sat. May 12, 2018          5          0          0     "	15194	2018-05-12	"Sat"	"Midday"	"500"	5	0	0	5	"50"	"00"	5	0
"15193     Fri. May 11, 2018          8          2          5     "	15193	2018-05-11	"Fri"	"Evening"	"825"	8	2	5	15	"82"	"25"	10	7
"15192     Fri. May 11, 2018          8          8          5     "	15192	2018-05-11	"Fri"	"Midday"	"885"	8	8	5	21	"88"	"85"	16	13
"15191     Thu. May 10, 2018          3          0          8     "	15191	2018-05-10	"Thu"	"Evening"	"308"	3	0	8	11	"30"	"08"	3	8
"15190     Thu. May 10, 2018          6          2          2     "	15190	2018-05-10	"Thu"	"Midday"	"622"	6	2	2	10	"62"	"22"	8	4
"15189     Wed. May 09, 2018          4          4          7     "	15189	2018-05-09	"Wed"	"Evening"	"447"	4	4	7	15	"44"	"47"	8	11
"15188     Wed. May 09, 2018          6          9          1     "	15188	2018-05-09	"Wed"	"Midday"	"691"	6	9	1	16	"69"	"91"	15	10
"15187     Tue. May 08, 2018          1          3          2     "	15187	2018-05-08	"Tue"	"Evening"	"132"	1	3	2	6	"13"	"32"	4	5
"15186     Tue. May 08, 2018          1          0          1     "	15186	2018-05-08	"Tue"	"Midday"	"101"	1	0	1	2	"10"	"01"	1	1
"15185     Mon. May 07, 2018          4          0          9     "	15185	2018-05-07	"Mon"	"Evening"	"409"	4	0	9	13	"40"	"09"	4	9
"15184     Mon. May 07, 2018          7          6          3     "	15184	2018-05-07	"Mon"	"Midday"	"763"	7	6	3	16	"76"	"63"	13	9
"15183     Sun. May 06, 2018          2          7          7     "	15183	2018-05-06	"Sun"	"Evening"	"277"	2	7	7	16	"27"	"77"	9	14
"15182     Sun. May 06, 2018          9          5          9     "	15182	2018-05-06	"Sun"	"Midday"	"959"	9	5	9	23	"95"	"59"	14	14
"15181     Sat. May 05, 2018          8          4          9     "	15181	2018-05-05	"Sat"	"Evening"	"849"	8	4	9	21	"84"	"49"	12	13
"15180     Sat. May 05, 2018          8          8          4     "	15180	2018-05-05	"Sat"	"Midday"	"884"	8	8	4	20	"88"	"84"	16	12
"15179     Fri. May 04, 2018          0          6          6     "	15179	2018-05-04	"Fri"	"Evening"	"066"	0	6	6	12	"06"	"66"	6	12
"15178     Fri. May 04, 2018          2          5          7     "	15178	2018-05-04	"Fri"	"Midday"	"257"	2	5	7	14	"25"	"57"	7	12
"15177     Thu. May 03, 2018          8          9          9     "	15177	2018-05-03	"Thu"	"Evening"	"899"	8	9	9	26	"89"	"99"	17	18
"15176     Thu. May 03, 2018          2          6          4     "	15176	2018-05-03	"Thu"	"Midday"	"264"	2	6	4	12	"26"	"64"	8	10
"15175     Wed. May 02, 2018          5          9          1     "	15175	2018-05-02	"Wed"	"Evening"	"591"	5	9	1	15	"59"	"91"	14	10
"15174     Wed. May 02, 2018          2          5          5     "	15174	2018-05-02	"Wed"	"Midday"	"255"	2	5	5	12	"25"	"55"	7	10
"15173     Tue. May 01, 2018          3          3          7     "	15173	2018-05-01	"Tue"	"Evening"	"337"	3	3	7	13	"33"	"37"	6	10
"15172     Tue. May 01, 2018          5          3          0     "	15172	2018-05-01	"Tue"	"Midday"	"530"	5	3	0	8	"53"	"30"	8	3
"15171     Mon. Apr 30, 2018          4          9          4     "	15171	2018-04-30	"Mon"	"Evening"	"494"	4	9	4	17	"49"	"94"	13	13
"15170     Mon. Apr 30, 2018          3          2          7     "	15170	2018-04-30	"Mon"	"Midday"	"327"	3	2	7	12	"32"	"27"	5	9
"15169     Sun. Apr 29, 2018          7          5          6     "	15169	2018-04-29	"Sun"	"Evening"	"756"	7	5	6	18	"75"	"56"	12	11
"15168     Sun. Apr 29, 2018          5          7          1     "	15168	2018-04-29	"Sun"	"Midday"	"571"	5	7	1	13	"57"	"71"	12	8
"15167     Sat. Apr 28, 2018          8          7          5     "	15167	2018-04-28	"Sat"	"Evening"	"875"	8	7	5	20	"87"	"75"	15	12
"15166     Sat. Apr 28, 2018          0          4          8     "	15166	2018-04-28	"Sat"	"Midday"	"048"	0	4	8	12	"04"	"48"	4	12
"15165     Fri. Apr 27, 2018          0          9          5     "	15165	2018-04-27	"Fri"	"Evening"	"095"	0	9	5	14	"09"	"95"	9	14
"15164     Fri. Apr 27, 2018          9          2          4     "	15164	2018-04-27	"Fri"	"Midday"	"924"	9	2	4	15	"92"	"24"	11	6
"15163     Thu. Apr 26, 2018          0          2          9     "	15163	2018-04-26	"Thu"	"Evening"	"029"	0	2	9	11	"02"	"29"	2	11
"15162     Thu. Apr 26, 2018          9          2          2     "	15162	2018-04-26	"Thu"	"Midday"	"922"	9	2	2	13	"92"	"22"	11	4
"15161     Wed. Apr 25, 2018          3          2          8     "	15161	2018-04-25	"Wed"	"Evening"	"328"	3	2	8	13	"32"	"28"	5	10
"15160     Wed. Apr 25, 2018          9          4          2     "	15160	2018-04-25	"Wed"	"Midday"	"942"	9	4	2	15	"94"	"42"	13	6
"15159     Tue. Apr 24, 2018          2          1          9     "	15159	2018-04-24	"Tue"	"Evening"	"219"	2	1	9	12	"21"	"19"	3	10
"15158     Tue. Apr 24, 2018          6          0          9     "	15158	2018-04-24	"Tue"	"Midday"	"609"	6	0	9	15	"60"	"09"	6	9
"15157     Mon. Apr 23, 2018          8          2          7     "	15157	2018-04-23	"Mon"	"Evening"	"827"	8	2	7	17	"82"	"27"	10	9
"15156     Mon. Apr 23, 2018          2          8          3     "	15156	2018-04-23	"Mon"	"Midday"	"283"	2	8	3	13	"28"	"83"	10	11
"15155     Sun. Apr 22, 2018          4          4          4     "	15155	2018-04-22	"Sun"	"Evening"	"444"	4	4	4	12	"44"	"44"	8	8
"15154     Sun. Apr 22, 2018          1          2          1     "	15154	2018-04-22	"Sun"	"Midday"	"121"	1	2	1	4	"12"	"21"	3	3
"15153     Sat. Apr 21, 2018          3          9          3     "	15153	2018-04-21	"Sat"	"Evening"	"393"	3	9	3	15	"39"	"93"	12	12
"15152     Sat. Apr 21, 2018          2          0          5     "	15152	2018-04-21	"Sat"	"Midday"	"205"	2	0	5	7	"20"	"05"	2	5
"15151     Fri. Apr 20, 2018          2          6          1     "	15151	2018-04-20	"Fri"	"Evening"	"261"	2	6	1	9	"26"	"61"	8	7
"15150     Fri. Apr 20, 2018          9          5          8     "	15150	2018-04-20	"Fri"	"Midday"	"958"	9	5	8	22	"95"	"58"	14	13
"15149     Thu. Apr 19, 2018          6          7          4     "	15149	2018-04-19	"Thu"	"Evening"	"674"	6	7	4	17	"67"	"74"	13	11
"15148     Thu. Apr 19, 2018          3          7          0     "	15148	2018-04-19	"Thu"	"Midday"	"370"	3	7	0	10	"37"	"70"	10	7
"15147     Wed. Apr 18, 2018          6          3          7     "	15147	2018-04-18	"Wed"	"Evening"	"637"	6	3	7	16	"63"	"37"	9	10
"15146     Wed. Apr 18, 2018          3          4          9     "	15146	2018-04-18	"Wed"	"Midday"	"349"	3	4	9	16	"34"	"49"	7	13
"15145     Tue. Apr 17, 2018          2          2          0     "	15145	2018-04-17	"Tue"	"Evening"	"220"	2	2	0	4	"22"	"20"	4	2
"15144     Tue. Apr 17, 2018          1          2          7     "	15144	2018-04-17	"Tue"	"Midday"	"127"	1	2	7	10	"12"	"27"	3	9
"15143     Mon. Apr 16, 2018          8          5          2     "	15143	2018-04-16	"Mon"	"Evening"	"852"	8	5	2	15	"85"	"52"	13	7
"15142     Mon. Apr 16, 2018          5          7          1     "	15142	2018-04-16	"Mon"	"Midday"	"571"	5	7	1	13	"57"	"71"	12	8
"15141     Sun. Apr 15, 2018          0          4          8     "	15141	2018-04-15	"Sun"	"Evening"	"048"	0	4	8	12	"04"	"48"	4	12
"15140     Sun. Apr 15, 2018          3          0          4     "	15140	2018-04-15	"Sun"	"Midday"	"304"	3	0	4	7	"30"	"04"	3	4
"15139     Sat. Apr 14, 2018          4          3          9     "	15139	2018-04-14	"Sat"	"Evening"	"439"	4	3	9	16	"43"	"39"	7	12
"15138     Sat. Apr 14, 2018          4          7          2     "	15138	2018-04-14	"Sat"	"Midday"	"472"	4	7	2	13	"47"	"72"	11	9
"15137     Fri. Apr 13, 2018          0          3          1     "	15137	2018-04-13	"Fri"	"Evening"	"031"	0	3	1	4	"03"	"31"	3	4
"15136     Fri. Apr 13, 2018          5          6          6     "	15136	2018-04-13	"Fri"	"Midday"	"566"	5	6	6	17	"56"	"66"	11	12
"15135     Thu. Apr 12, 2018          1          3          5     "	15135	2018-04-12	"Thu"	"Evening"	"135"	1	3	5	9	"13"	"35"	4	8
"15134     Thu. Apr 12, 2018          4          7          2     "	15134	2018-04-12	"Thu"	"Midday"	"472"	4	7	2	13	"47"	"72"	11	9
"15133     Wed. Apr 11, 2018          2          4          9     "	15133	2018-04-11	"Wed"	"Evening"	"249"	2	4	9	15	"24"	"49"	6	13
"15132     Wed. Apr 11, 2018          1          5          0     "	15132	2018-04-11	"Wed"	"Midday"	"150"	1	5	0	6	"15"	"50"	6	5
"15131     Tue. Apr 10, 2018          6          4          4     "	15131	2018-04-10	"Tue"	"Evening"	"644"	6	4	4	14	"64"	"44"	10	8
"15130     Tue. Apr 10, 2018          2          2          8     "	15130	2018-04-10	"Tue"	"Midday"	"228"	2	2	8	12	"22"	"28"	4	10
"15129     Mon. Apr 09, 2018          3          8          5     "	15129	2018-04-09	"Mon"	"Evening"	"385"	3	8	5	16	"38"	"85"	11	13
"15128     Mon. Apr 09, 2018          7          3          3     "	15128	2018-04-09	"Mon"	"Midday"	"733"	7	3	3	13	"73"	"33"	10	6
"15127     Sun. Apr 08, 2018          2          7          7     "	15127	2018-04-08	"Sun"	"Evening"	"277"	2	7	7	16	"27"	"77"	9	14
"15126     Sun. Apr 08, 2018          3          9          1     "	15126	2018-04-08	"Sun"	"Midday"	"391"	3	9	1	13	"39"	"91"	12	10
"15125     Sat. Apr 07, 2018          5          5          5     "	15125	2018-04-07	"Sat"	"Evening"	"555"	5	5	5	15	"55"	"55"	10	10
"15124     Sat. Apr 07, 2018          3          2          1     "	15124	2018-04-07	"Sat"	"Midday"	"321"	3	2	1	6	"32"	"21"	5	3
"15123     Fri. Apr 06, 2018          9          5          6     "	15123	2018-04-06	"Fri"	"Evening"	"956"	9	5	6	20	"95"	"56"	14	11
"15122     Fri. Apr 06, 2018          7          5          1     "	15122	2018-04-06	"Fri"	"Midday"	"751"	7	5	1	13	"75"	"51"	12	6
"15121     Thu. Apr 05, 2018          9          6          3     "	15121	2018-04-05	"Thu"	"Evening"	"963"	9	6	3	18	"96"	"63"	15	9
"15120     Thu. Apr 05, 2018          7          0          0     "	15120	2018-04-05	"Thu"	"Midday"	"700"	7	0	0	7	"70"	"00"	7	0
"15119     Wed. Apr 04, 2018          1          0          4     "	15119	2018-04-04	"Wed"	"Evening"	"104"	1	0	4	5	"10"	"04"	1	4
"15118     Wed. Apr 04, 2018          2          4          7     "	15118	2018-04-04	"Wed"	"Midday"	"247"	2	4	7	13	"24"	"47"	6	11
"15117     Tue. Apr 03, 2018          1          8          6     "	15117	2018-04-03	"Tue"	"Evening"	"186"	1	8	6	15	"18"	"86"	9	14
"15116     Tue. Apr 03, 2018          4          8          8     "	15116	2018-04-03	"Tue"	"Midday"	"488"	4	8	8	20	"48"	"88"	12	16
"15115     Mon. Apr 02, 2018          9          8          8     "	15115	2018-04-02	"Mon"	"Evening"	"988"	9	8	8	25	"98"	"88"	17	16
"15114     Mon. Apr 02, 2018          4          4          2     "	15114	2018-04-02	"Mon"	"Midday"	"442"	4	4	2	10	"44"	"42"	8	6
"15113     Sun. Apr 01, 2018          9          3          7     "	15113	2018-04-01	"Sun"	"Evening"	"937"	9	3	7	19	"93"	"37"	12	10
"15112     Sun. Apr 01, 2018          7          1          4     "	15112	2018-04-01	"Sun"	"Midday"	"714"	7	1	4	12	"71"	"14"	8	5
"15111     Sat. Mar 31, 2018          7          5          5     "	15111	2018-03-31	"Sat"	"Evening"	"755"	7	5	5	17	"75"	"55"	12	10
"15110     Sat. Mar 31, 2018          9          4          8     "	15110	2018-03-31	"Sat"	"Midday"	"948"	9	4	8	21	"94"	"48"	13	12
"15109     Fri. Mar 30, 2018          2          6          1     "	15109	2018-03-30	"Fri"	"Evening"	"261"	2	6	1	9	"26"	"61"	8	7
"15108     Fri. Mar 30, 2018          7          9          5     "	15108	2018-03-30	"Fri"	"Midday"	"795"	7	9	5	21	"79"	"95"	16	14
"15107     Thu. Mar 29, 2018          0          9          6     "	15107	2018-03-29	"Thu"	"Evening"	"096"	0	9	6	15	"09"	"96"	9	15
"15106     Thu. Mar 29, 2018          4          2          9     "	15106	2018-03-29	"Thu"	"Midday"	"429"	4	2	9	15	"42"	"29"	6	11
"15105     Wed. Mar 28, 2018          3          1          7     "	15105	2018-03-28	"Wed"	"Evening"	"317"	3	1	7	11	"31"	"17"	4	8
"15104     Wed. Mar 28, 2018          9          9          4     "	15104	2018-03-28	"Wed"	"Midday"	"994"	9	9	4	22	"99"	"94"	18	13
"15103     Tue. Mar 27, 2018          8          1          8     "	15103	2018-03-27	"Tue"	"Evening"	"818"	8	1	8	17	"81"	"18"	9	9
"15102     Tue. Mar 27, 2018          7          3          1     "	15102	2018-03-27	"Tue"	"Midday"	"731"	7	3	1	11	"73"	"31"	10	4
"15101     Mon. Mar 26, 2018          1          9          2     "	15101	2018-03-26	"Mon"	"Evening"	"192"	1	9	2	12	"19"	"92"	10	11
"15100     Mon. Mar 26, 2018          9          1          5     "	15100	2018-03-26	"Mon"	"Midday"	"915"	9	1	5	15	"91"	"15"	10	6
"15099     Sun. Mar 25, 2018          3          3          0     "	15099	2018-03-25	"Sun"	"Evening"	"330"	3	3	0	6	"33"	"30"	6	3
"15098     Sun. Mar 25, 2018          3          2          4     "	15098	2018-03-25	"Sun"	"Midday"	"324"	3	2	4	9	"32"	"24"	5	6
"15097     Sat. Mar 24, 2018          6          0          9     "	15097	2018-03-24	"Sat"	"Evening"	"609"	6	0	9	15	"60"	"09"	6	9
"15096     Sat. Mar 24, 2018          2          3          3     "	15096	2018-03-24	"Sat"	"Midday"	"233"	2	3	3	8	"23"	"33"	5	6
"15095     Fri. Mar 23, 2018          5          9          8     "	15095	2018-03-23	"Fri"	"Evening"	"598"	5	9	8	22	"59"	"98"	14	17
"15094     Fri. Mar 23, 2018          1          5          4     "	15094	2018-03-23	"Fri"	"Midday"	"154"	1	5	4	10	"15"	"54"	6	9
"15093     Thu. Mar 22, 2018          6          8          7     "	15093	2018-03-22	"Thu"	"Evening"	"687"	6	8	7	21	"68"	"87"	14	15
"15092     Thu. Mar 22, 2018          5          5          2     "	15092	2018-03-22	"Thu"	"Midday"	"552"	5	5	2	12	"55"	"52"	10	7
"15091     Wed. Mar 21, 2018          3          3          3     "	15091	2018-03-21	"Wed"	"Evening"	"333"	3	3	3	9	"33"	"33"	6	6
"15090     Wed. Mar 21, 2018          7          3          6     "	15090	2018-03-21	"Wed"	"Midday"	"736"	7	3	6	16	"73"	"36"	10	9
"15089     Tue. Mar 20, 2018          4          1          3     "	15089	2018-03-20	"Tue"	"Evening"	"413"	4	1	3	8	"41"	"13"	5	4
"15088     Tue. Mar 20, 2018          5          0          6     "	15088	2018-03-20	"Tue"	"Midday"	"506"	5	0	6	11	"50"	"06"	5	6
"15087     Mon. Mar 19, 2018          7          5          7     "	15087	2018-03-19	"Mon"	"Evening"	"757"	7	5	7	19	"75"	"57"	12	12
"15086     Mon. Mar 19, 2018          3          0          7     "	15086	2018-03-19	"Mon"	"Midday"	"307"	3	0	7	10	"30"	"07"	3	7
"15085     Sun. Mar 18, 2018          2          4          3     "	15085	2018-03-18	"Sun"	"Evening"	"243"	2	4	3	9	"24"	"43"	6	7
"15084     Sun. Mar 18, 2018          6          8          4     "	15084	2018-03-18	"Sun"	"Midday"	"684"	6	8	4	18	"68"	"84"	14	12
"15083     Sat. Mar 17, 2018          4          8          3     "	15083	2018-03-17	"Sat"	"Evening"	"483"	4	8	3	15	"48"	"83"	12	11
"15082     Sat. Mar 17, 2018          2          9          7     "	15082	2018-03-17	"Sat"	"Midday"	"297"	2	9	7	18	"29"	"97"	11	16
"15081     Fri. Mar 16, 2018          4          2          0     "	15081	2018-03-16	"Fri"	"Evening"	"420"	4	2	0	6	"42"	"20"	6	2
"15080     Fri. Mar 16, 2018          1          4          4     "	15080	2018-03-16	"Fri"	"Midday"	"144"	1	4	4	9	"14"	"44"	5	8
"15079     Thu. Mar 15, 2018          9          0          8     "	15079	2018-03-15	"Thu"	"Evening"	"908"	9	0	8	17	"90"	"08"	9	8
"15078     Thu. Mar 15, 2018          0          8          6     "	15078	2018-03-15	"Thu"	"Midday"	"086"	0	8	6	14	"08"	"86"	8	14
"15077     Wed. Mar 14, 2018          4          5          3     "	15077	2018-03-14	"Wed"	"Evening"	"453"	4	5	3	12	"45"	"53"	9	8
"15076     Wed. Mar 14, 2018          1          8          5     "	15076	2018-03-14	"Wed"	"Midday"	"185"	1	8	5	14	"18"	"85"	9	13
"15075     Tue. Mar 13, 2018          3          6          4     "	15075	2018-03-13	"Tue"	"Evening"	"364"	3	6	4	13	"36"	"64"	9	10
"15074     Tue. Mar 13, 2018          3          5          1     "	15074	2018-03-13	"Tue"	"Midday"	"351"	3	5	1	9	"35"	"51"	8	6
"15073     Mon. Mar 12, 2018          5          9          4     "	15073	2018-03-12	"Mon"	"Evening"	"594"	5	9	4	18	"59"	"94"	14	13
"15072     Mon. Mar 12, 2018          9          4          0     "	15072	2018-03-12	"Mon"	"Midday"	"940"	9	4	0	13	"94"	"40"	13	4
"15071     Sun. Mar 11, 2018          7          6          6     "	15071	2018-03-11	"Sun"	"Evening"	"766"	7	6	6	19	"76"	"66"	13	12
"15070     Sun. Mar 11, 2018          3          6          1     "	15070	2018-03-11	"Sun"	"Midday"	"361"	3	6	1	10	"36"	"61"	9	7
"15069     Sat. Mar 10, 2018          8          9          5     "	15069	2018-03-10	"Sat"	"Evening"	"895"	8	9	5	22	"89"	"95"	17	14
"15068     Sat. Mar 10, 2018          8          3          8     "	15068	2018-03-10	"Sat"	"Midday"	"838"	8	3	8	19	"83"	"38"	11	11
"15067     Fri. Mar 09, 2018          5          5          5     "	15067	2018-03-09	"Fri"	"Evening"	"555"	5	5	5	15	"55"	"55"	10	10
"15066     Fri. Mar 09, 2018          6          1          4     "	15066	2018-03-09	"Fri"	"Midday"	"614"	6	1	4	11	"61"	"14"	7	5
"15065     Thu. Mar 08, 2018          7          6          2     "	15065	2018-03-08	"Thu"	"Evening"	"762"	7	6	2	15	"76"	"62"	13	8
"15064     Thu. Mar 08, 2018          1          0          6     "	15064	2018-03-08	"Thu"	"Midday"	"106"	1	0	6	7	"10"	"06"	1	6
"15063     Wed. Mar 07, 2018          1          6          2     "	15063	2018-03-07	"Wed"	"Evening"	"162"	1	6	2	9	"16"	"62"	7	8
"15062     Wed. Mar 07, 2018          5          4          0     "	15062	2018-03-07	"Wed"	"Midday"	"540"	5	4	0	9	"54"	"40"	9	4
"15061     Tue. Mar 06, 2018          8          2          2     "	15061	2018-03-06	"Tue"	"Evening"	"822"	8	2	2	12	"82"	"22"	10	4
"15060     Tue. Mar 06, 2018          3          1          2     "	15060	2018-03-06	"Tue"	"Midday"	"312"	3	1	2	6	"31"	"12"	4	3
"15059     Mon. Mar 05, 2018          5          1          8     "	15059	2018-03-05	"Mon"	"Evening"	"518"	5	1	8	14	"51"	"18"	6	9
"15058     Mon. Mar 05, 2018          2          5          5     "	15058	2018-03-05	"Mon"	"Midday"	"255"	2	5	5	12	"25"	"55"	7	10
"15057     Sun. Mar 04, 2018          5          0          5     "	15057	2018-03-04	"Sun"	"Evening"	"505"	5	0	5	10	"50"	"05"	5	5
"15056     Sun. Mar 04, 2018          7          7          1     "	15056	2018-03-04	"Sun"	"Midday"	"771"	7	7	1	15	"77"	"71"	14	8
"15055     Sat. Mar 03, 2018          8          9          8     "	15055	2018-03-03	"Sat"	"Evening"	"898"	8	9	8	25	"89"	"98"	17	17
"15054     Sat. Mar 03, 2018          6          3          9     "	15054	2018-03-03	"Sat"	"Midday"	"639"	6	3	9	18	"63"	"39"	9	12
"15053     Fri. Mar 02, 2018          7          6          0     "	15053	2018-03-02	"Fri"	"Evening"	"760"	7	6	0	13	"76"	"60"	13	6
"15052     Fri. Mar 02, 2018          9          9          4     "	15052	2018-03-02	"Fri"	"Midday"	"994"	9	9	4	22	"99"	"94"	18	13
"15051     Thu. Mar 01, 2018          2          6          2     "	15051	2018-03-01	"Thu"	"Evening"	"262"	2	6	2	10	"26"	"62"	8	8
"15050     Thu. Mar 01, 2018          6          8          4     "	15050	2018-03-01	"Thu"	"Midday"	"684"	6	8	4	18	"68"	"84"	14	12
"15049     Wed. Feb 28, 2018          9          8          2     "	15049	2018-02-28	"Wed"	"Evening"	"982"	9	8	2	19	"98"	"82"	17	10
"15048     Wed. Feb 28, 2018          0          4          0     "	15048	2018-02-28	"Wed"	"Midday"	"040"	0	4	0	4	"04"	"40"	4	4
"15047     Tue. Feb 27, 2018          9          5          5     "	15047	2018-02-27	"Tue"	"Evening"	"955"	9	5	5	19	"95"	"55"	14	10
"15046     Tue. Feb 27, 2018          1          0          1     "	15046	2018-02-27	"Tue"	"Midday"	"101"	1	0	1	2	"10"	"01"	1	1
"15045     Mon. Feb 26, 2018          5          8          8     "	15045	2018-02-26	"Mon"	"Evening"	"588"	5	8	8	21	"58"	"88"	13	16
"15044     Mon. Feb 26, 2018          1          1          9     "	15044	2018-02-26	"Mon"	"Midday"	"119"	1	1	9	11	"11"	"19"	2	10
"15043     Sun. Feb 25, 2018          2          2          6     "	15043	2018-02-25	"Sun"	"Evening"	"226"	2	2	6	10	"22"	"26"	4	8
"15042     Sun. Feb 25, 2018          6          4          8     "	15042	2018-02-25	"Sun"	"Midday"	"648"	6	4	8	18	"64"	"48"	10	12
"15041     Sat. Feb 24, 2018          2          4          8     "	15041	2018-02-24	"Sat"	"Evening"	"248"	2	4	8	14	"24"	"48"	6	12
"15040     Sat. Feb 24, 2018          5          0          0     "	15040	2018-02-24	"Sat"	"Midday"	"500"	5	0	0	5	"50"	"00"	5	0
"15039     Fri. Feb 23, 2018          4          4          5     "	15039	2018-02-23	"Fri"	"Evening"	"445"	4	4	5	13	"44"	"45"	8	9
"15038     Fri. Feb 23, 2018          6          6          4     "	15038	2018-02-23	"Fri"	"Midday"	"664"	6	6	4	16	"66"	"64"	12	10
"15037     Thu. Feb 22, 2018          7          5          4     "	15037	2018-02-22	"Thu"	"Evening"	"754"	7	5	4	16	"75"	"54"	12	9
"15036     Thu. Feb 22, 2018          7          5          6     "	15036	2018-02-22	"Thu"	"Midday"	"756"	7	5	6	18	"75"	"56"	12	11
"15035     Wed. Feb 21, 2018          1          8          0     "	15035	2018-02-21	"Wed"	"Evening"	"180"	1	8	0	9	"18"	"80"	9	8
"15034     Wed. Feb 21, 2018          9          2          5     "	15034	2018-02-21	"Wed"	"Midday"	"925"	9	2	5	16	"92"	"25"	11	7
"15033     Tue. Feb 20, 2018          0          5          7     "	15033	2018-02-20	"Tue"	"Evening"	"057"	0	5	7	12	"05"	"57"	5	12
"15032     Tue. Feb 20, 2018          5          0          1     "	15032	2018-02-20	"Tue"	"Midday"	"501"	5	0	1	6	"50"	"01"	5	1
"15031     Mon. Feb 19, 2018          3          8          5     "	15031	2018-02-19	"Mon"	"Evening"	"385"	3	8	5	16	"38"	"85"	11	13
"15030     Mon. Feb 19, 2018          7          1          3     "	15030	2018-02-19	"Mon"	"Midday"	"713"	7	1	3	11	"71"	"13"	8	4
"15029     Sun. Feb 18, 2018          3          1          2     "	15029	2018-02-18	"Sun"	"Evening"	"312"	3	1	2	6	"31"	"12"	4	3
"15028     Sun. Feb 18, 2018          1          4          2     "	15028	2018-02-18	"Sun"	"Midday"	"142"	1	4	2	7	"14"	"42"	5	6
"15027     Sat. Feb 17, 2018          1          0          9     "	15027	2018-02-17	"Sat"	"Evening"	"109"	1	0	9	10	"10"	"09"	1	9
"15026     Sat. Feb 17, 2018          1          3          4     "	15026	2018-02-17	"Sat"	"Midday"	"134"	1	3	4	8	"13"	"34"	4	7
"15025     Fri. Feb 16, 2018          3          9          0     "	15025	2018-02-16	"Fri"	"Evening"	"390"	3	9	0	12	"39"	"90"	12	9
"15024     Fri. Feb 16, 2018          3          2          3     "	15024	2018-02-16	"Fri"	"Midday"	"323"	3	2	3	8	"32"	"23"	5	5
"15023     Thu. Feb 15, 2018          9          5          5     "	15023	2018-02-15	"Thu"	"Evening"	"955"	9	5	5	19	"95"	"55"	14	10
"15022     Thu. Feb 15, 2018          2          6          7     "	15022	2018-02-15	"Thu"	"Midday"	"267"	2	6	7	15	"26"	"67"	8	13
"15021     Wed. Feb 14, 2018          8          5          8     "	15021	2018-02-14	"Wed"	"Evening"	"858"	8	5	8	21	"85"	"58"	13	13
"15020     Wed. Feb 14, 2018          3          6          3     "	15020	2018-02-14	"Wed"	"Midday"	"363"	3	6	3	12	"36"	"63"	9	9
"15019     Tue. Feb 13, 2018          0          5          2     "	15019	2018-02-13	"Tue"	"Evening"	"052"	0	5	2	7	"05"	"52"	5	7
"15018     Tue. Feb 13, 2018          1          6          9     "	15018	2018-02-13	"Tue"	"Midday"	"169"	1	6	9	16	"16"	"69"	7	15
"15017     Mon. Feb 12, 2018          8          6          0     "	15017	2018-02-12	"Mon"	"Evening"	"860"	8	6	0	14	"86"	"60"	14	6
"15016     Mon. Feb 12, 2018          9          2          1     "	15016	2018-02-12	"Mon"	"Midday"	"921"	9	2	1	12	"92"	"21"	11	3
"15015     Sun. Feb 11, 2018          0          8          9     "	15015	2018-02-11	"Sun"	"Evening"	"089"	0	8	9	17	"08"	"89"	8	17
"15014     Sun. Feb 11, 2018          7          1          0     "	15014	2018-02-11	"Sun"	"Midday"	"710"	7	1	0	8	"71"	"10"	8	1
"15013     Sat. Feb 10, 2018          2          2          0     "	15013	2018-02-10	"Sat"	"Evening"	"220"	2	2	0	4	"22"	"20"	4	2
"15012     Sat. Feb 10, 2018          1          4          0     "	15012	2018-02-10	"Sat"	"Midday"	"140"	1	4	0	5	"14"	"40"	5	4
"15011     Fri. Feb 09, 2018          6          9          9     "	15011	2018-02-09	"Fri"	"Evening"	"699"	6	9	9	24	"69"	"99"	15	18
"15010     Fri. Feb 09, 2018          7          7          8     "	15010	2018-02-09	"Fri"	"Midday"	"778"	7	7	8	22	"77"	"78"	14	15
"15009     Thu. Feb 08, 2018          2          1          2     "	15009	2018-02-08	"Thu"	"Evening"	"212"	2	1	2	5	"21"	"12"	3	3
"15008     Thu. Feb 08, 2018          4          6          2     "	15008	2018-02-08	"Thu"	"Midday"	"462"	4	6	2	12	"46"	"62"	10	8
"15007     Wed. Feb 07, 2018          9          5          5     "	15007	2018-02-07	"Wed"	"Evening"	"955"	9	5	5	19	"95"	"55"	14	10
"15006     Wed. Feb 07, 2018          7          1          9     "	15006	2018-02-07	"Wed"	"Midday"	"719"	7	1	9	17	"71"	"19"	8	10
"15005     Tue. Feb 06, 2018          3          0          8     "	15005	2018-02-06	"Tue"	"Evening"	"308"	3	0	8	11	"30"	"08"	3	8
"15004     Tue. Feb 06, 2018          3          6          4     "	15004	2018-02-06	"Tue"	"Midday"	"364"	3	6	4	13	"36"	"64"	9	10
"15003     Mon. Feb 05, 2018          3          8          9     "	15003	2018-02-05	"Mon"	"Evening"	"389"	3	8	9	20	"38"	"89"	11	17
"15002     Mon. Feb 05, 2018          3          4          7     "	15002	2018-02-05	"Mon"	"Midday"	"347"	3	4	7	14	"34"	"47"	7	11
"15001     Sun. Feb 04, 2018          5          6          8     "	15001	2018-02-04	"Sun"	"Evening"	"568"	5	6	8	19	"56"	"68"	11	14
"15000     Sun. Feb 04, 2018          3          0          8     "	15000	2018-02-04	"Sun"	"Midday"	"308"	3	0	8	11	"30"	"08"	3	8
"14999     Sat. Feb 03, 2018          1          2          2     "	14999	2018-02-03	"Sat"	"Evening"	"122"	1	2	2	5	"12"	"22"	3	4
"14998     Sat. Feb 03, 2018          7          5          0     "	14998	2018-02-03	"Sat"	"Midday"	"750"	7	5	0	12	"75"	"50"	12	5
"14997     Fri. Feb 02, 2018          4          6          5     "	14997	2018-02-02	"Fri"	"Evening"	"465"	4	6	5	15	"46"	"65"	10	11
"14996     Fri. Feb 02, 2018          1          3          0     "	14996	2018-02-02	"Fri"	"Midday"	"130"	1	3	0	4	"13"	"30"	4	3
"14995     Thu. Feb 01, 2018          4          2          3     "	14995	2018-02-01	"Thu"	"Evening"	"423"	4	2	3	9	"42"	"23"	6	5
"14994     Thu. Feb 01, 2018          9          2          8     "	14994	2018-02-01	"Thu"	"Midday"	"928"	9	2	8	19	"92"	"28"	11	10
"14993     Wed. Jan 31, 2018          0          5          2     "	14993	2018-01-31	"Wed"	"Evening"	"052"	0	5	2	7	"05"	"52"	5	7
"14992     Wed. Jan 31, 2018          2          7          9     "	14992	2018-01-31	"Wed"	"Midday"	"279"	2	7	9	18	"27"	"79"	9	16
"14991     Tue. Jan 30, 2018          3          0          4     "	14991	2018-01-30	"Tue"	"Evening"	"304"	3	0	4	7	"30"	"04"	3	4
"14990     Tue. Jan 30, 2018          7          7          1     "	14990	2018-01-30	"Tue"	"Midday"	"771"	7	7	1	15	"77"	"71"	14	8
"14989     Mon. Jan 29, 2018          3          7          5     "	14989	2018-01-29	"Mon"	"Evening"	"375"	3	7	5	15	"37"	"75"	10	12
"14988     Mon. Jan 29, 2018          5          0          8     "	14988	2018-01-29	"Mon"	"Midday"	"508"	5	0	8	13	"50"	"08"	5	8
"14987     Sun. Jan 28, 2018          4          7          5     "	14987	2018-01-28	"Sun"	"Evening"	"475"	4	7	5	16	"47"	"75"	11	12
"14986     Sun. Jan 28, 2018          4          3          2     "	14986	2018-01-28	"Sun"	"Midday"	"432"	4	3	2	9	"43"	"32"	7	5
"14985     Sat. Jan 27, 2018          8          0          8     "	14985	2018-01-27	"Sat"	"Evening"	"808"	8	0	8	16	"80"	"08"	8	8
"14984     Sat. Jan 27, 2018          2          6          7     "	14984	2018-01-27	"Sat"	"Midday"	"267"	2	6	7	15	"26"	"67"	8	13
"14983     Fri. Jan 26, 2018          9          4          5     "	14983	2018-01-26	"Fri"	"Evening"	"945"	9	4	5	18	"94"	"45"	13	9
"14982     Fri. Jan 26, 2018          7          7          2     "	14982	2018-01-26	"Fri"	"Midday"	"772"	7	7	2	16	"77"	"72"	14	9
"14981     Thu. Jan 25, 2018          5          4          1     "	14981	2018-01-25	"Thu"	"Evening"	"541"	5	4	1	10	"54"	"41"	9	5
"14980     Thu. Jan 25, 2018          1          8          1     "	14980	2018-01-25	"Thu"	"Midday"	"181"	1	8	1	10	"18"	"81"	9	9
"14979     Wed. Jan 24, 2018          0          6          3     "	14979	2018-01-24	"Wed"	"Evening"	"063"	0	6	3	9	"06"	"63"	6	9
"14978     Wed. Jan 24, 2018          9          1          2     "	14978	2018-01-24	"Wed"	"Midday"	"912"	9	1	2	12	"91"	"12"	10	3
"14977     Tue. Jan 23, 2018          4          4          4     "	14977	2018-01-23	"Tue"	"Evening"	"444"	4	4	4	12	"44"	"44"	8	8
"14976     Tue. Jan 23, 2018          0          3          9     "	14976	2018-01-23	"Tue"	"Midday"	"039"	0	3	9	12	"03"	"39"	3	12
"14975     Mon. Jan 22, 2018          9          3          0     "	14975	2018-01-22	"Mon"	"Evening"	"930"	9	3	0	12	"93"	"30"	12	3
"14974     Mon. Jan 22, 2018          0          3          6     "	14974	2018-01-22	"Mon"	"Midday"	"036"	0	3	6	9	"03"	"36"	3	9
"14973     Sun. Jan 21, 2018          6          4          5     "	14973	2018-01-21	"Sun"	"Evening"	"645"	6	4	5	15	"64"	"45"	10	9
"14972     Sun. Jan 21, 2018          8          8          1     "	14972	2018-01-21	"Sun"	"Midday"	"881"	8	8	1	17	"88"	"81"	16	9
"14971     Sat. Jan 20, 2018          6          0          2     "	14971	2018-01-20	"Sat"	"Evening"	"602"	6	0	2	8	"60"	"02"	6	2
"14970     Sat. Jan 20, 2018          7          9          0     "	14970	2018-01-20	"Sat"	"Midday"	"790"	7	9	0	16	"79"	"90"	16	9
"14969     Fri. Jan 19, 2018          0          2          1     "	14969	2018-01-19	"Fri"	"Evening"	"021"	0	2	1	3	"02"	"21"	2	3
"14968     Fri. Jan 19, 2018          8          9          8     "	14968	2018-01-19	"Fri"	"Midday"	"898"	8	9	8	25	"89"	"98"	17	17
"14967     Thu. Jan 18, 2018          0          9          6     "	14967	2018-01-18	"Thu"	"Evening"	"096"	0	9	6	15	"09"	"96"	9	15
"14966     Thu. Jan 18, 2018          6          5          7     "	14966	2018-01-18	"Thu"	"Midday"	"657"	6	5	7	18	"65"	"57"	11	12
"14965     Wed. Jan 17, 2018          5          1          9     "	14965	2018-01-17	"Wed"	"Evening"	"519"	5	1	9	15	"51"	"19"	6	10
"14964     Wed. Jan 17, 2018          8          6          9     "	14964	2018-01-17	"Wed"	"Midday"	"869"	8	6	9	23	"86"	"69"	14	15
"14963     Tue. Jan 16, 2018          8          8          4     "	14963	2018-01-16	"Tue"	"Evening"	"884"	8	8	4	20	"88"	"84"	16	12
"14962     Tue. Jan 16, 2018          0          0          0     "	14962	2018-01-16	"Tue"	"Midday"	"000"	0	0	0	0	"00"	"00"	0	0
"14961     Mon. Jan 15, 2018          8          5          6     "	14961	2018-01-15	"Mon"	"Evening"	"856"	8	5	6	19	"85"	"56"	13	11
"14960     Mon. Jan 15, 2018          5          2          7     "	14960	2018-01-15	"Mon"	"Midday"	"527"	5	2	7	14	"52"	"27"	7	9
"14959     Sun. Jan 14, 2018          3          0          7     "	14959	2018-01-14	"Sun"	"Evening"	"307"	3	0	7	10	"30"	"07"	3	7
"14958     Sun. Jan 14, 2018          7          1          4     "	14958	2018-01-14	"Sun"	"Midday"	"714"	7	1	4	12	"71"	"14"	8	5
"14957     Sat. Jan 13, 2018          1          9          2     "	14957	2018-01-13	"Sat"	"Evening"	"192"	1	9	2	12	"19"	"92"	10	11
"14956     Sat. Jan 13, 2018          7          9          7     "	14956	2018-01-13	"Sat"	"Midday"	"797"	7	9	7	23	"79"	"97"	16	16
"14955     Fri. Jan 12, 2018          8          9          4     "	14955	2018-01-12	"Fri"	"Evening"	"894"	8	9	4	21	"89"	"94"	17	13
"14954     Fri. Jan 12, 2018          1          0          7     "	14954	2018-01-12	"Fri"	"Midday"	"107"	1	0	7	8	"10"	"07"	1	7
"14953     Thu. Jan 11, 2018          8          7          4     "	14953	2018-01-11	"Thu"	"Evening"	"874"	8	7	4	19	"87"	"74"	15	11
"14952     Thu. Jan 11, 2018          7          8          5     "	14952	2018-01-11	"Thu"	"Midday"	"785"	7	8	5	20	"78"	"85"	15	13
"14951     Wed. Jan 10, 2018          8          7          0     "	14951	2018-01-10	"Wed"	"Evening"	"870"	8	7	0	15	"87"	"70"	15	7
"14950     Wed. Jan 10, 2018          1          8          3     "	14950	2018-01-10	"Wed"	"Midday"	"183"	1	8	3	12	"18"	"83"	9	11
"14949     Tue. Jan 09, 2018          9          3          6     "	14949	2018-01-09	"Tue"	"Evening"	"936"	9	3	6	18	"93"	"36"	12	9
"14948     Tue. Jan 09, 2018          6          6          7     "	14948	2018-01-09	"Tue"	"Midday"	"667"	6	6	7	19	"66"	"67"	12	13
"14947     Mon. Jan 08, 2018          2          3          4     "	14947	2018-01-08	"Mon"	"Evening"	"234"	2	3	4	9	"23"	"34"	5	7
"14946     Mon. Jan 08, 2018          2          6          0     "	14946	2018-01-08	"Mon"	"Midday"	"260"	2	6	0	8	"26"	"60"	8	6
"14945     Sun. Jan 07, 2018          3          0          2     "	14945	2018-01-07	"Sun"	"Evening"	"302"	3	0	2	5	"30"	"02"	3	2
"14944     Sun. Jan 07, 2018          7          3          7     "	14944	2018-01-07	"Sun"	"Midday"	"737"	7	3	7	17	"73"	"37"	10	10
"14943     Sat. Jan 06, 2018          1          9          3     "	14943	2018-01-06	"Sat"	"Evening"	"193"	1	9	3	13	"19"	"93"	10	12
"14942     Sat. Jan 06, 2018          4          5          2     "	14942	2018-01-06	"Sat"	"Midday"	"452"	4	5	2	11	"45"	"52"	9	7
"14941     Fri. Jan 05, 2018          0          0          1     "	14941	2018-01-05	"Fri"	"Evening"	"001"	0	0	1	1	"00"	"01"	0	1
"14940     Fri. Jan 05, 2018          3          1          6     "	14940	2018-01-05	"Fri"	"Midday"	"316"	3	1	6	10	"31"	"16"	4	7
"14939     Thu. Jan 04, 2018          2          2          7     "	14939	2018-01-04	"Thu"	"Evening"	"227"	2	2	7	11	"22"	"27"	4	9
"14938     Thu. Jan 04, 2018          9          5          6     "	14938	2018-01-04	"Thu"	"Midday"	"956"	9	5	6	20	"95"	"56"	14	11
"14937     Wed. Jan 03, 2018          9          6          7     "	14937	2018-01-03	"Wed"	"Evening"	"967"	9	6	7	22	"96"	"67"	15	13
"14936     Wed. Jan 03, 2018          4          8          3     "	14936	2018-01-03	"Wed"	"Midday"	"483"	4	8	3	15	"48"	"83"	12	11
"14935     Tue. Jan 02, 2018          4          3          6     "	14935	2018-01-02	"Tue"	"Evening"	"436"	4	3	6	13	"43"	"36"	7	9
"14934     Tue. Jan 02, 2018          1          9          7     "	14934	2018-01-02	"Tue"	"Midday"	"197"	1	9	7	17	"19"	"97"	10	16
"14933     Mon. Jan 01, 2018          2          0          6     "	14933	2018-01-01	"Mon"	"Evening"	"206"	2	0	6	8	"20"	"06"	2	6
"14932     Mon. Jan 01, 2018          3          5          5     "	14932	2018-01-01	"Mon"	"Midday"	"355"	3	5	5	13	"35"	"55"	8	10
"14931     Sun. Dec 31, 2017          4          4          9     "	14931	2017-12-31	"Sun"	"Evening"	"449"	4	4	9	17	"44"	"49"	8	13
"14930     Sun. Dec 31, 2017          1          4          1     "	14930	2017-12-31	"Sun"	"Midday"	"141"	1	4	1	6	"14"	"41"	5	5
"14929     Sat. Dec 30, 2017          0          3          6     "	14929	2017-12-30	"Sat"	"Evening"	"036"	0	3	6	9	"03"	"36"	3	9
"14928     Sat. Dec 30, 2017          2          0          0     "	14928	2017-12-30	"Sat"	"Midday"	"200"	2	0	0	2	"20"	"00"	2	0
"14927     Fri. Dec 29, 2017          0          6          5     "	14927	2017-12-29	"Fri"	"Evening"	"065"	0	6	5	11	"06"	"65"	6	11
"14926     Fri. Dec 29, 2017          3          0          6     "	14926	2017-12-29	"Fri"	"Midday"	"306"	3	0	6	9	"30"	"06"	3	6
"14925     Thu. Dec 28, 2017          8          9          2     "	14925	2017-12-28	"Thu"	"Evening"	"892"	8	9	2	19	"89"	"92"	17	11
"14924     Thu. Dec 28, 2017          8          3          4     "	14924	2017-12-28	"Thu"	"Midday"	"834"	8	3	4	15	"83"	"34"	11	7
"14923     Wed. Dec 27, 2017          5          9          3     "	14923	2017-12-27	"Wed"	"Evening"	"593"	5	9	3	17	"59"	"93"	14	12
"14922     Wed. Dec 27, 2017          1          4          7     "	14922	2017-12-27	"Wed"	"Midday"	"147"	1	4	7	12	"14"	"47"	5	11
"14921     Tue. Dec 26, 2017          9          9          6     "	14921	2017-12-26	"Tue"	"Evening"	"996"	9	9	6	24	"99"	"96"	18	15
"14920     Tue. Dec 26, 2017          5          6          1     "	14920	2017-12-26	"Tue"	"Midday"	"561"	5	6	1	12	"56"	"61"	11	7
"14919     Mon. Dec 25, 2017          7          0          9     "	14919	2017-12-25	"Mon"	"Evening"	"709"	7	0	9	16	"70"	"09"	7	9
"14918     Mon. Dec 25, 2017          5          7          3     "	14918	2017-12-25	"Mon"	"Midday"	"573"	5	7	3	15	"57"	"73"	12	10
"14917     Sun. Dec 24, 2017          3          2          5     "	14917	2017-12-24	"Sun"	"Evening"	"325"	3	2	5	10	"32"	"25"	5	7
"14916     Sun. Dec 24, 2017          9          4          4     "	14916	2017-12-24	"Sun"	"Midday"	"944"	9	4	4	17	"94"	"44"	13	8
"14915     Sat. Dec 23, 2017          0          6          0     "	14915	2017-12-23	"Sat"	"Evening"	"060"	0	6	0	6	"06"	"60"	6	6
"14914     Sat. Dec 23, 2017          7          6          4     "	14914	2017-12-23	"Sat"	"Midday"	"764"	7	6	4	17	"76"	"64"	13	10
"14913     Fri. Dec 22, 2017          5          7          6     "	14913	2017-12-22	"Fri"	"Evening"	"576"	5	7	6	18	"57"	"76"	12	13
"14912     Fri. Dec 22, 2017          9          9          9     "	14912	2017-12-22	"Fri"	"Midday"	"999"	9	9	9	27	"99"	"99"	18	18
"14911     Thu. Dec 21, 2017          1          2          4     "	14911	2017-12-21	"Thu"	"Evening"	"124"	1	2	4	7	"12"	"24"	3	6
"14910     Thu. Dec 21, 2017          6          3          7     "	14910	2017-12-21	"Thu"	"Midday"	"637"	6	3	7	16	"63"	"37"	9	10
"14909     Wed. Dec 20, 2017          5          3          7     "	14909	2017-12-20	"Wed"	"Evening"	"537"	5	3	7	15	"53"	"37"	8	10
"14908     Wed. Dec 20, 2017          3          1          2     "	14908	2017-12-20	"Wed"	"Midday"	"312"	3	1	2	6	"31"	"12"	4	3
"14907     Tue. Dec 19, 2017          9          9          4     "	14907	2017-12-19	"Tue"	"Evening"	"994"	9	9	4	22	"99"	"94"	18	13
"14906     Tue. Dec 19, 2017          8          5          0     "	14906	2017-12-19	"Tue"	"Midday"	"850"	8	5	0	13	"85"	"50"	13	5
"14905     Mon. Dec 18, 2017          6          9          0     "	14905	2017-12-18	"Mon"	"Evening"	"690"	6	9	0	15	"69"	"90"	15	9
"14904     Mon. Dec 18, 2017          7          3          1     "	14904	2017-12-18	"Mon"	"Midday"	"731"	7	3	1	11	"73"	"31"	10	4
"14903     Sun. Dec 17, 2017          0          5          6     "	14903	2017-12-17	"Sun"	"Evening"	"056"	0	5	6	11	"05"	"56"	5	11
"14902     Sun. Dec 17, 2017          2          0          9     "	14902	2017-12-17	"Sun"	"Midday"	"209"	2	0	9	11	"20"	"09"	2	9
"14901     Sat. Dec 16, 2017          4          4          4     "	14901	2017-12-16	"Sat"	"Evening"	"444"	4	4	4	12	"44"	"44"	8	8
"14900     Sat. Dec 16, 2017          2          7          7     "	14900	2017-12-16	"Sat"	"Midday"	"277"	2	7	7	16	"27"	"77"	9	14
"14899     Fri. Dec 15, 2017          0          2          0     "	14899	2017-12-15	"Fri"	"Evening"	"020"	0	2	0	2	"02"	"20"	2	2
"14898     Fri. Dec 15, 2017          9          5          9     "	14898	2017-12-15	"Fri"	"Midday"	"959"	9	5	9	23	"95"	"59"	14	14
"14897     Thu. Dec 14, 2017          7          4          9     "	14897	2017-12-14	"Thu"	"Evening"	"749"	7	4	9	20	"74"	"49"	11	13
"14896     Thu. Dec 14, 2017          2          4          7     "	14896	2017-12-14	"Thu"	"Midday"	"247"	2	4	7	13	"24"	"47"	6	11
"14895     Wed. Dec 13, 2017          1          5          3     "	14895	2017-12-13	"Wed"	"Evening"	"153"	1	5	3	9	"15"	"53"	6	8
"14894     Wed. Dec 13, 2017          3          8          9     "	14894	2017-12-13	"Wed"	"Midday"	"389"	3	8	9	20	"38"	"89"	11	17
"14893     Tue. Dec 12, 2017          7          9          0     "	14893	2017-12-12	"Tue"	"Evening"	"790"	7	9	0	16	"79"	"90"	16	9
"14892     Tue. Dec 12, 2017          9          3          4     "	14892	2017-12-12	"Tue"	"Midday"	"934"	9	3	4	16	"93"	"34"	12	7
"14891     Mon. Dec 11, 2017          2          8          9     "	14891	2017-12-11	"Mon"	"Evening"	"289"	2	8	9	19	"28"	"89"	10	17
"14890     Mon. Dec 11, 2017          7          0          8     "	14890	2017-12-11	"Mon"	"Midday"	"708"	7	0	8	15	"70"	"08"	7	8
"14889     Sun. Dec 10, 2017          9          8          3     "	14889	2017-12-10	"Sun"	"Evening"	"983"	9	8	3	20	"98"	"83"	17	11
"14888     Sun. Dec 10, 2017          0          6          7     "	14888	2017-12-10	"Sun"	"Midday"	"067"	0	6	7	13	"06"	"67"	6	13
"14887     Sat. Dec 09, 2017          5          4          7     "	14887	2017-12-09	"Sat"	"Evening"	"547"	5	4	7	16	"54"	"47"	9	11
"14886     Sat. Dec 09, 2017          8          3          5     "	14886	2017-12-09	"Sat"	"Midday"	"835"	8	3	5	16	"83"	"35"	11	8
"14885     Fri. Dec 08, 2017          4          9          8     "	14885	2017-12-08	"Fri"	"Evening"	"498"	4	9	8	21	"49"	"98"	13	17
"14884     Fri. Dec 08, 2017          8          5          6     "	14884	2017-12-08	"Fri"	"Midday"	"856"	8	5	6	19	"85"	"56"	13	11
"14883     Thu. Dec 07, 2017          7          4          6     "	14883	2017-12-07	"Thu"	"Evening"	"746"	7	4	6	17	"74"	"46"	11	10
"14882     Thu. Dec 07, 2017          2          1          1     "	14882	2017-12-07	"Thu"	"Midday"	"211"	2	1	1	4	"21"	"11"	3	2
"14881     Wed. Dec 06, 2017          9          8          3     "	14881	2017-12-06	"Wed"	"Evening"	"983"	9	8	3	20	"98"	"83"	17	11
"14880     Wed. Dec 06, 2017          7          4          8     "	14880	2017-12-06	"Wed"	"Midday"	"748"	7	4	8	19	"74"	"48"	11	12
"14879     Tue. Dec 05, 2017          4          4          7     "	14879	2017-12-05	"Tue"	"Evening"	"447"	4	4	7	15	"44"	"47"	8	11
"14878     Tue. Dec 05, 2017          1          1          3     "	14878	2017-12-05	"Tue"	"Midday"	"113"	1	1	3	5	"11"	"13"	2	4
"14877     Mon. Dec 04, 2017          2          6          1     "	14877	2017-12-04	"Mon"	"Evening"	"261"	2	6	1	9	"26"	"61"	8	7
"14876     Mon. Dec 04, 2017          6          4          7     "	14876	2017-12-04	"Mon"	"Midday"	"647"	6	4	7	17	"64"	"47"	10	11
"14875     Sun. Dec 03, 2017          6          6          7     "	14875	2017-12-03	"Sun"	"Evening"	"667"	6	6	7	19	"66"	"67"	12	13
"14874     Sun. Dec 03, 2017          9          0          9     "	14874	2017-12-03	"Sun"	"Midday"	"909"	9	0	9	18	"90"	"09"	9	9
"14873     Sat. Dec 02, 2017          4          5          2     "	14873	2017-12-02	"Sat"	"Evening"	"452"	4	5	2	11	"45"	"52"	9	7
"14872     Sat. Dec 02, 2017          4          2          7     "	14872	2017-12-02	"Sat"	"Midday"	"427"	4	2	7	13	"42"	"27"	6	9
"14871     Fri. Dec 01, 2017          0          8          8     "	14871	2017-12-01	"Fri"	"Evening"	"088"	0	8	8	16	"08"	"88"	8	16
"14870     Fri. Dec 01, 2017          4          6          4     "	14870	2017-12-01	"Fri"	"Midday"	"464"	4	6	4	14	"46"	"64"	10	10
"14869     Thu. Nov 30, 2017          5          8          1     "	14869	2017-11-30	"Thu"	"Evening"	"581"	5	8	1	14	"58"	"81"	13	9
"14868     Thu. Nov 30, 2017          8          5          3     "	14868	2017-11-30	"Thu"	"Midday"	"853"	8	5	3	16	"85"	"53"	13	8
"14867     Wed. Nov 29, 2017          8          3          8     "	14867	2017-11-29	"Wed"	"Evening"	"838"	8	3	8	19	"83"	"38"	11	11
"14866     Wed. Nov 29, 2017          5          9          4     "	14866	2017-11-29	"Wed"	"Midday"	"594"	5	9	4	18	"59"	"94"	14	13
"14865     Tue. Nov 28, 2017          5          6          9     "	14865	2017-11-28	"Tue"	"Evening"	"569"	5	6	9	20	"56"	"69"	11	15
"14864     Tue. Nov 28, 2017          0          8          4     "	14864	2017-11-28	"Tue"	"Midday"	"084"	0	8	4	12	"08"	"84"	8	12
"14863     Mon. Nov 27, 2017          7          4          2     "	14863	2017-11-27	"Mon"	"Evening"	"742"	7	4	2	13	"74"	"42"	11	6
"14862     Mon. Nov 27, 2017          7          2          0     "	14862	2017-11-27	"Mon"	"Midday"	"720"	7	2	0	9	"72"	"20"	9	2
"14861     Sun. Nov 26, 2017          1          2          4     "	14861	2017-11-26	"Sun"	"Evening"	"124"	1	2	4	7	"12"	"24"	3	6
"14860     Sun. Nov 26, 2017          7          8          5     "	14860	2017-11-26	"Sun"	"Midday"	"785"	7	8	5	20	"78"	"85"	15	13
"14859     Sat. Nov 25, 2017          5          5          7     "	14859	2017-11-25	"Sat"	"Evening"	"557"	5	5	7	17	"55"	"57"	10	12
"14858     Sat. Nov 25, 2017          3          2          5     "	14858	2017-11-25	"Sat"	"Midday"	"325"	3	2	5	10	"32"	"25"	5	7
"14857     Fri. Nov 24, 2017          3          6          5     "	14857	2017-11-24	"Fri"	"Evening"	"365"	3	6	5	14	"36"	"65"	9	11
"14856     Fri. Nov 24, 2017          6          6          0     "	14856	2017-11-24	"Fri"	"Midday"	"660"	6	6	0	12	"66"	"60"	12	6
"14855     Thu. Nov 23, 2017          8          9          2     "	14855	2017-11-23	"Thu"	"Evening"	"892"	8	9	2	19	"89"	"92"	17	11
"14854     Thu. Nov 23, 2017          3          1          1     "	14854	2017-11-23	"Thu"	"Midday"	"311"	3	1	1	5	"31"	"11"	4	2
"14853     Wed. Nov 22, 2017          4          5          9     "	14853	2017-11-22	"Wed"	"Evening"	"459"	4	5	9	18	"45"	"59"	9	14
"14852     Wed. Nov 22, 2017          4          5          3     "	14852	2017-11-22	"Wed"	"Midday"	"453"	4	5	3	12	"45"	"53"	9	8
"14851     Tue. Nov 21, 2017          0          2          1     "	14851	2017-11-21	"Tue"	"Evening"	"021"	0	2	1	3	"02"	"21"	2	3
"14850     Tue. Nov 21, 2017          2          0          3     "	14850	2017-11-21	"Tue"	"Midday"	"203"	2	0	3	5	"20"	"03"	2	3
"14849     Mon. Nov 20, 2017          6          7          5     "	14849	2017-11-20	"Mon"	"Evening"	"675"	6	7	5	18	"67"	"75"	13	12
"14848     Mon. Nov 20, 2017          9          1          9     "	14848	2017-11-20	"Mon"	"Midday"	"919"	9	1	9	19	"91"	"19"	10	10
"14847     Sun. Nov 19, 2017          1          3          8     "	14847	2017-11-19	"Sun"	"Evening"	"138"	1	3	8	12	"13"	"38"	4	11
"14846     Sun. Nov 19, 2017          6          4          5     "	14846	2017-11-19	"Sun"	"Midday"	"645"	6	4	5	15	"64"	"45"	10	9
"14845     Sat. Nov 18, 2017          7          7          4     "	14845	2017-11-18	"Sat"	"Evening"	"774"	7	7	4	18	"77"	"74"	14	11
"14844     Sat. Nov 18, 2017          3          0          9     "	14844	2017-11-18	"Sat"	"Midday"	"309"	3	0	9	12	"30"	"09"	3	9
"14843     Fri. Nov 17, 2017          3          5          1     "	14843	2017-11-17	"Fri"	"Evening"	"351"	3	5	1	9	"35"	"51"	8	6
"14842     Fri. Nov 17, 2017          1          2          9     "	14842	2017-11-17	"Fri"	"Midday"	"129"	1	2	9	12	"12"	"29"	3	11
"14841     Thu. Nov 16, 2017          4          2          8     "	14841	2017-11-16	"Thu"	"Evening"	"428"	4	2	8	14	"42"	"28"	6	10
"14840     Thu. Nov 16, 2017          4          3          5     "	14840	2017-11-16	"Thu"	"Midday"	"435"	4	3	5	12	"43"	"35"	7	8
"14839     Wed. Nov 15, 2017          7          0          4     "	14839	2017-11-15	"Wed"	"Evening"	"704"	7	0	4	11	"70"	"04"	7	4
"14838     Wed. Nov 15, 2017          7          2          5     "	14838	2017-11-15	"Wed"	"Midday"	"725"	7	2	5	14	"72"	"25"	9	7
"14837     Tue. Nov 14, 2017          5          3          0     "	14837	2017-11-14	"Tue"	"Evening"	"530"	5	3	0	8	"53"	"30"	8	3
"14836     Tue. Nov 14, 2017          9          5          2     "	14836	2017-11-14	"Tue"	"Midday"	"952"	9	5	2	16	"95"	"52"	14	7
"14835     Mon. Nov 13, 2017          0          0          8     "	14835	2017-11-13	"Mon"	"Evening"	"008"	0	0	8	8	"00"	"08"	0	8
"14834     Mon. Nov 13, 2017          8          7          5     "	14834	2017-11-13	"Mon"	"Midday"	"875"	8	7	5	20	"87"	"75"	15	12
"14833     Sun. Nov 12, 2017          0          1          6     "	14833	2017-11-12	"Sun"	"Evening"	"016"	0	1	6	7	"01"	"16"	1	7
"14832     Sun. Nov 12, 2017          8          1          6     "	14832	2017-11-12	"Sun"	"Midday"	"816"	8	1	6	15	"81"	"16"	9	7
"14831     Sat. Nov 11, 2017          0          4          7     "	14831	2017-11-11	"Sat"	"Evening"	"047"	0	4	7	11	"04"	"47"	4	11
"14830     Sat. Nov 11, 2017          0          2          4     "	14830	2017-11-11	"Sat"	"Midday"	"024"	0	2	4	6	"02"	"24"	2	6
"14829     Fri. Nov 10, 2017          1          8          6     "	14829	2017-11-10	"Fri"	"Evening"	"186"	1	8	6	15	"18"	"86"	9	14
"14828     Fri. Nov 10, 2017          5          6          0     "	14828	2017-11-10	"Fri"	"Midday"	"560"	5	6	0	11	"56"	"60"	11	6
"14827     Thu. Nov 09, 2017          1          6          5     "	14827	2017-11-09	"Thu"	"Evening"	"165"	1	6	5	12	"16"	"65"	7	11
"14826     Thu. Nov 09, 2017          3          9          5     "	14826	2017-11-09	"Thu"	"Midday"	"395"	3	9	5	17	"39"	"95"	12	14
"14825     Wed. Nov 08, 2017          9          6          9     "	14825	2017-11-08	"Wed"	"Evening"	"969"	9	6	9	24	"96"	"69"	15	15
"14824     Wed. Nov 08, 2017          4          5          9     "	14824	2017-11-08	"Wed"	"Midday"	"459"	4	5	9	18	"45"	"59"	9	14
"14823     Tue. Nov 07, 2017          2          1          3     "	14823	2017-11-07	"Tue"	"Evening"	"213"	2	1	3	6	"21"	"13"	3	4
"14822     Tue. Nov 07, 2017          9          3          2     "	14822	2017-11-07	"Tue"	"Midday"	"932"	9	3	2	14	"93"	"32"	12	5
"14821     Mon. Nov 06, 2017          9          8          7     "	14821	2017-11-06	"Mon"	"Evening"	"987"	9	8	7	24	"98"	"87"	17	15
"14820     Mon. Nov 06, 2017          2          1          2     "	14820	2017-11-06	"Mon"	"Midday"	"212"	2	1	2	5	"21"	"12"	3	3
"14819     Sun. Nov 05, 2017          4          4          1     "	14819	2017-11-05	"Sun"	"Evening"	"441"	4	4	1	9	"44"	"41"	8	5
"14818     Sun. Nov 05, 2017          2          4          2     "	14818	2017-11-05	"Sun"	"Midday"	"242"	2	4	2	8	"24"	"42"	6	6
"14817     Sat. Nov 04, 2017          9          3          0     "	14817	2017-11-04	"Sat"	"Evening"	"930"	9	3	0	12	"93"	"30"	12	3
"14816     Sat. Nov 04, 2017          3          1          9     "	14816	2017-11-04	"Sat"	"Midday"	"319"	3	1	9	13	"31"	"19"	4	10
"14815     Fri. Nov 03, 2017          3          2          7     "	14815	2017-11-03	"Fri"	"Evening"	"327"	3	2	7	12	"32"	"27"	5	9
"14814     Fri. Nov 03, 2017          0          6          4     "	14814	2017-11-03	"Fri"	"Midday"	"064"	0	6	4	10	"06"	"64"	6	10
"14813     Thu. Nov 02, 2017          1          9          4     "	14813	2017-11-02	"Thu"	"Evening"	"194"	1	9	4	14	"19"	"94"	10	13
"14812     Thu. Nov 02, 2017          4          5          3     "	14812	2017-11-02	"Thu"	"Midday"	"453"	4	5	3	12	"45"	"53"	9	8
"14811     Wed. Nov 01, 2017          1          2          9     "	14811	2017-11-01	"Wed"	"Evening"	"129"	1	2	9	12	"12"	"29"	3	11
"14810     Wed. Nov 01, 2017          6          8          0     "	14810	2017-11-01	"Wed"	"Midday"	"680"	6	8	0	14	"68"	"80"	14	8
"14809     Tue. Oct 31, 2017          9          9          8     "	14809	2017-10-31	"Tue"	"Evening"	"998"	9	9	8	26	"99"	"98"	18	17
"14808     Tue. Oct 31, 2017          2          0          8     "	14808	2017-10-31	"Tue"	"Midday"	"208"	2	0	8	10	"20"	"08"	2	8
"14807     Mon. Oct 30, 2017          3          7          7     "	14807	2017-10-30	"Mon"	"Evening"	"377"	3	7	7	17	"37"	"77"	10	14
"14806     Mon. Oct 30, 2017          8          8          0     "	14806	2017-10-30	"Mon"	"Midday"	"880"	8	8	0	16	"88"	"80"	16	8
"14805     Sun. Oct 29, 2017          4          9          8     "	14805	2017-10-29	"Sun"	"Evening"	"498"	4	9	8	21	"49"	"98"	13	17
"14804     Sun. Oct 29, 2017          7          8          9     "	14804	2017-10-29	"Sun"	"Midday"	"789"	7	8	9	24	"78"	"89"	15	17
"14803     Sat. Oct 28, 2017          4          6          0     "	14803	2017-10-28	"Sat"	"Evening"	"460"	4	6	0	10	"46"	"60"	10	6
"14802     Sat. Oct 28, 2017          5          7          8     "	14802	2017-10-28	"Sat"	"Midday"	"578"	5	7	8	20	"57"	"78"	12	15
"14801     Fri. Oct 27, 2017          1          6          7     "	14801	2017-10-27	"Fri"	"Evening"	"167"	1	6	7	14	"16"	"67"	7	13
"14800     Fri. Oct 27, 2017          8          4          3     "	14800	2017-10-27	"Fri"	"Midday"	"843"	8	4	3	15	"84"	"43"	12	7
"14799     Thu. Oct 26, 2017          4          2          1     "	14799	2017-10-26	"Thu"	"Evening"	"421"	4	2	1	7	"42"	"21"	6	3
"14798     Thu. Oct 26, 2017          3          0          6     "	14798	2017-10-26	"Thu"	"Midday"	"306"	3	0	6	9	"30"	"06"	3	6
"14797     Wed. Oct 25, 2017          4          2          9     "	14797	2017-10-25	"Wed"	"Evening"	"429"	4	2	9	15	"42"	"29"	6	11
"14796     Wed. Oct 25, 2017          5          4          0     "	14796	2017-10-25	"Wed"	"Midday"	"540"	5	4	0	9	"54"	"40"	9	4
"14795     Tue. Oct 24, 2017          7          4          4     "	14795	2017-10-24	"Tue"	"Evening"	"744"	7	4	4	15	"74"	"44"	11	8
"14794     Tue. Oct 24, 2017          5          7          5     "	14794	2017-10-24	"Tue"	"Midday"	"575"	5	7	5	17	"57"	"75"	12	12
"14793     Mon. Oct 23, 2017          4          2          3     "	14793	2017-10-23	"Mon"	"Evening"	"423"	4	2	3	9	"42"	"23"	6	5
"14792     Mon. Oct 23, 2017          5          4          6     "	14792	2017-10-23	"Mon"	"Midday"	"546"	5	4	6	15	"54"	"46"	9	10
"14791     Sun. Oct 22, 2017          3          4          8     "	14791	2017-10-22	"Sun"	"Evening"	"348"	3	4	8	15	"34"	"48"	7	12
"14790     Sun. Oct 22, 2017          7          8          4     "	14790	2017-10-22	"Sun"	"Midday"	"784"	7	8	4	19	"78"	"84"	15	12
"14789     Sat. Oct 21, 2017          8          1          1     "	14789	2017-10-21	"Sat"	"Evening"	"811"	8	1	1	10	"81"	"11"	9	2
"14788     Sat. Oct 21, 2017          3          3          1     "	14788	2017-10-21	"Sat"	"Midday"	"331"	3	3	1	7	"33"	"31"	6	4
"14787     Fri. Oct 20, 2017          5          3          0     "	14787	2017-10-20	"Fri"	"Evening"	"530"	5	3	0	8	"53"	"30"	8	3
"14786     Fri. Oct 20, 2017          3          2          0     "	14786	2017-10-20	"Fri"	"Midday"	"320"	3	2	0	5	"32"	"20"	5	2
"14785     Thu. Oct 19, 2017          1          3          4     "	14785	2017-10-19	"Thu"	"Evening"	"134"	1	3	4	8	"13"	"34"	4	7
"14784     Thu. Oct 19, 2017          6          6          4     "	14784	2017-10-19	"Thu"	"Midday"	"664"	6	6	4	16	"66"	"64"	12	10
"14783     Wed. Oct 18, 2017          3          2          7     "	14783	2017-10-18	"Wed"	"Evening"	"327"	3	2	7	12	"32"	"27"	5	9
"14782     Wed. Oct 18, 2017          3          1          1     "	14782	2017-10-18	"Wed"	"Midday"	"311"	3	1	1	5	"31"	"11"	4	2
"14781     Tue. Oct 17, 2017          6          1          4     "	14781	2017-10-17	"Tue"	"Evening"	"614"	6	1	4	11	"61"	"14"	7	5
"14780     Tue. Oct 17, 2017          8          7          0     "	14780	2017-10-17	"Tue"	"Midday"	"870"	8	7	0	15	"87"	"70"	15	7
"14779     Mon. Oct 16, 2017          0          8          5     "	14779	2017-10-16	"Mon"	"Evening"	"085"	0	8	5	13	"08"	"85"	8	13
"14778     Mon. Oct 16, 2017          0          9          5     "	14778	2017-10-16	"Mon"	"Midday"	"095"	0	9	5	14	"09"	"95"	9	14
"14777     Sun. Oct 15, 2017          0          5          9     "	14777	2017-10-15	"Sun"	"Evening"	"059"	0	5	9	14	"05"	"59"	5	14
"14776     Sun. Oct 15, 2017          2          5          1     "	14776	2017-10-15	"Sun"	"Midday"	"251"	2	5	1	8	"25"	"51"	7	6
"14775     Sat. Oct 14, 2017          9          2          1     "	14775	2017-10-14	"Sat"	"Evening"	"921"	9	2	1	12	"92"	"21"	11	3
"14774     Sat. Oct 14, 2017          8          1          2     "	14774	2017-10-14	"Sat"	"Midday"	"812"	8	1	2	11	"81"	"12"	9	3
"14773     Fri. Oct 13, 2017          2          1          8     "	14773	2017-10-13	"Fri"	"Evening"	"218"	2	1	8	11	"21"	"18"	3	9
"14772     Fri. Oct 13, 2017          5          7          2     "	14772	2017-10-13	"Fri"	"Midday"	"572"	5	7	2	14	"57"	"72"	12	9
"14771     Thu. Oct 12, 2017          3          1          5     "	14771	2017-10-12	"Thu"	"Evening"	"315"	3	1	5	9	"31"	"15"	4	6
"14770     Thu. Oct 12, 2017          2          8          3     "	14770	2017-10-12	"Thu"	"Midday"	"283"	2	8	3	13	"28"	"83"	10	11
"14769     Wed. Oct 11, 2017          1          7          7     "	14769	2017-10-11	"Wed"	"Evening"	"177"	1	7	7	15	"17"	"77"	8	14
"14768     Wed. Oct 11, 2017          4          7          5     "	14768	2017-10-11	"Wed"	"Midday"	"475"	4	7	5	16	"47"	"75"	11	12
"14767     Tue. Oct 10, 2017          1          6          7     "	14767	2017-10-10	"Tue"	"Evening"	"167"	1	6	7	14	"16"	"67"	7	13
"14766     Tue. Oct 10, 2017          2          1          5     "	14766	2017-10-10	"Tue"	"Midday"	"215"	2	1	5	8	"21"	"15"	3	6
"14765     Mon. Oct 09, 2017          6          3          5     "	14765	2017-10-09	"Mon"	"Evening"	"635"	6	3	5	14	"63"	"35"	9	8
"14764     Mon. Oct 09, 2017          5          2          7     "	14764	2017-10-09	"Mon"	"Midday"	"527"	5	2	7	14	"52"	"27"	7	9
"14763     Sun. Oct 08, 2017          4          2          5     "	14763	2017-10-08	"Sun"	"Evening"	"425"	4	2	5	11	"42"	"25"	6	7
"14762     Sun. Oct 08, 2017          5          6          1     "	14762	2017-10-08	"Sun"	"Midday"	"561"	5	6	1	12	"56"	"61"	11	7
"14761     Sat. Oct 07, 2017          5          7          3     "	14761	2017-10-07	"Sat"	"Evening"	"573"	5	7	3	15	"57"	"73"	12	10
"14760     Sat. Oct 07, 2017          0          0          9     "	14760	2017-10-07	"Sat"	"Midday"	"009"	0	0	9	9	"00"	"09"	0	9
"14759     Fri. Oct 06, 2017          7          0          5     "	14759	2017-10-06	"Fri"	"Evening"	"705"	7	0	5	12	"70"	"05"	7	5
"14758     Fri. Oct 06, 2017          4          6          3     "	14758	2017-10-06	"Fri"	"Midday"	"463"	4	6	3	13	"46"	"63"	10	9
"14757     Thu. Oct 05, 2017          2          7          9     "	14757	2017-10-05	"Thu"	"Evening"	"279"	2	7	9	18	"27"	"79"	9	16
"14756     Thu. Oct 05, 2017          4          0          7     "	14756	2017-10-05	"Thu"	"Midday"	"407"	4	0	7	11	"40"	"07"	4	7
"14755     Wed. Oct 04, 2017          4          0          4     "	14755	2017-10-04	"Wed"	"Evening"	"404"	4	0	4	8	"40"	"04"	4	4
"14754     Wed. Oct 04, 2017          7          4          8     "	14754	2017-10-04	"Wed"	"Midday"	"748"	7	4	8	19	"74"	"48"	11	12
"14753     Tue. Oct 03, 2017          2          9          3     "	14753	2017-10-03	"Tue"	"Evening"	"293"	2	9	3	14	"29"	"93"	11	12
"14752     Tue. Oct 03, 2017          9          2          9     "	14752	2017-10-03	"Tue"	"Midday"	"929"	9	2	9	20	"92"	"29"	11	11
"14751     Mon. Oct 02, 2017          4          0          8     "	14751	2017-10-02	"Mon"	"Evening"	"408"	4	0	8	12	"40"	"08"	4	8
"14750     Mon. Oct 02, 2017          1          1          0     "	14750	2017-10-02	"Mon"	"Midday"	"110"	1	1	0	2	"11"	"10"	2	1
"14749     Sun. Oct 01, 2017          0          6          5     "	14749	2017-10-01	"Sun"	"Evening"	"065"	0	6	5	11	"06"	"65"	6	11
"14748     Sun. Oct 01, 2017          5          4          8     "	14748	2017-10-01	"Sun"	"Midday"	"548"	5	4	8	17	"54"	"48"	9	12
"14747     Sat. Sep 30, 2017          4          2          2     "	14747	2017-09-30	"Sat"	"Evening"	"422"	4	2	2	8	"42"	"22"	6	4
"14746     Sat. Sep 30, 2017          3          3          9     "	14746	2017-09-30	"Sat"	"Midday"	"339"	3	3	9	15	"33"	"39"	6	12
"14745     Fri. Sep 29, 2017          9          9          0     "	14745	2017-09-29	"Fri"	"Evening"	"990"	9	9	0	18	"99"	"90"	18	9
"14744     Fri. Sep 29, 2017          3          9          3     "	14744	2017-09-29	"Fri"	"Midday"	"393"	3	9	3	15	"39"	"93"	12	12
"14743     Thu. Sep 28, 2017          8          0          1     "	14743	2017-09-28	"Thu"	"Evening"	"801"	8	0	1	9	"80"	"01"	8	1
"14742     Thu. Sep 28, 2017          8          4          3     "	14742	2017-09-28	"Thu"	"Midday"	"843"	8	4	3	15	"84"	"43"	12	7
"14741     Wed. Sep 27, 2017          6          3          3     "	14741	2017-09-27	"Wed"	"Evening"	"633"	6	3	3	12	"63"	"33"	9	6
"14740     Wed. Sep 27, 2017          1          0          2     "	14740	2017-09-27	"Wed"	"Midday"	"102"	1	0	2	3	"10"	"02"	1	2
"14739     Tue. Sep 26, 2017          2          7          7     "	14739	2017-09-26	"Tue"	"Evening"	"277"	2	7	7	16	"27"	"77"	9	14
"14738     Tue. Sep 26, 2017          4          4          7     "	14738	2017-09-26	"Tue"	"Midday"	"447"	4	4	7	15	"44"	"47"	8	11
"14737     Mon. Sep 25, 2017          9          4          2     "	14737	2017-09-25	"Mon"	"Evening"	"942"	9	4	2	15	"94"	"42"	13	6
"14736     Mon. Sep 25, 2017          3          8          7     "	14736	2017-09-25	"Mon"	"Midday"	"387"	3	8	7	18	"38"	"87"	11	15
"14735     Sun. Sep 24, 2017          4          2          4     "	14735	2017-09-24	"Sun"	"Evening"	"424"	4	2	4	10	"42"	"24"	6	6
"14734     Sun. Sep 24, 2017          1          3          8     "	14734	2017-09-24	"Sun"	"Midday"	"138"	1	3	8	12	"13"	"38"	4	11
"14733     Sat. Sep 23, 2017          9          9          5     "	14733	2017-09-23	"Sat"	"Evening"	"995"	9	9	5	23	"99"	"95"	18	14
"14732     Sat. Sep 23, 2017          3          0          3     "	14732	2017-09-23	"Sat"	"Midday"	"303"	3	0	3	6	"30"	"03"	3	3
"14731     Fri. Sep 22, 2017          3          3          8     "	14731	2017-09-22	"Fri"	"Evening"	"338"	3	3	8	14	"33"	"38"	6	11
"14730     Fri. Sep 22, 2017          2          8          0     "	14730	2017-09-22	"Fri"	"Midday"	"280"	2	8	0	10	"28"	"80"	10	8
"14729     Thu. Sep 21, 2017          3          9          0     "	14729	2017-09-21	"Thu"	"Evening"	"390"	3	9	0	12	"39"	"90"	12	9
"14728     Thu. Sep 21, 2017          1          0          9     "	14728	2017-09-21	"Thu"	"Midday"	"109"	1	0	9	10	"10"	"09"	1	9
"14727     Wed. Sep 20, 2017          8          1          4     "	14727	2017-09-20	"Wed"	"Evening"	"814"	8	1	4	13	"81"	"14"	9	5
"14726     Wed. Sep 20, 2017          8          7          5     "	14726	2017-09-20	"Wed"	"Midday"	"875"	8	7	5	20	"87"	"75"	15	12
"14725     Tue. Sep 19, 2017          0          8          3     "	14725	2017-09-19	"Tue"	"Evening"	"083"	0	8	3	11	"08"	"83"	8	11
"14724     Tue. Sep 19, 2017          7          8          8     "	14724	2017-09-19	"Tue"	"Midday"	"788"	7	8	8	23	"78"	"88"	15	16
"14723     Mon. Sep 18, 2017          4          2          3     "	14723	2017-09-18	"Mon"	"Evening"	"423"	4	2	3	9	"42"	"23"	6	5
"14722     Mon. Sep 18, 2017          7          6          7     "	14722	2017-09-18	"Mon"	"Midday"	"767"	7	6	7	20	"76"	"67"	13	13
"14721     Sun. Sep 17, 2017          7          3          9     "	14721	2017-09-17	"Sun"	"Evening"	"739"	7	3	9	19	"73"	"39"	10	12
"14720     Sun. Sep 17, 2017          3          3          5     "	14720	2017-09-17	"Sun"	"Midday"	"335"	3	3	5	11	"33"	"35"	6	8
"14719     Sat. Sep 16, 2017          5          4          4     "	14719	2017-09-16	"Sat"	"Evening"	"544"	5	4	4	13	"54"	"44"	9	8
"14718     Sat. Sep 16, 2017          3          5          5     "	14718	2017-09-16	"Sat"	"Midday"	"355"	3	5	5	13	"35"	"55"	8	10
"14717     Fri. Sep 15, 2017          3          4          4     "	14717	2017-09-15	"Fri"	"Evening"	"344"	3	4	4	11	"34"	"44"	7	8
"14716     Fri. Sep 15, 2017          9          2          9     "	14716	2017-09-15	"Fri"	"Midday"	"929"	9	2	9	20	"92"	"29"	11	11
"14715     Thu. Sep 14, 2017          7          0          9     "	14715	2017-09-14	"Thu"	"Evening"	"709"	7	0	9	16	"70"	"09"	7	9
"14714     Thu. Sep 14, 2017          1          3          3     "	14714	2017-09-14	"Thu"	"Midday"	"133"	1	3	3	7	"13"	"33"	4	6
"14713     Wed. Sep 13, 2017          0          6          5     "	14713	2017-09-13	"Wed"	"Evening"	"065"	0	6	5	11	"06"	"65"	6	11
"14712     Wed. Sep 13, 2017          6          7          0     "	14712	2017-09-13	"Wed"	"Midday"	"670"	6	7	0	13	"67"	"70"	13	7
"14711     Tue. Sep 12, 2017          0          2          2     "	14711	2017-09-12	"Tue"	"Evening"	"022"	0	2	2	4	"02"	"22"	2	4
"14710     Tue. Sep 12, 2017          7          4          8     "	14710	2017-09-12	"Tue"	"Midday"	"748"	7	4	8	19	"74"	"48"	11	12
"14709     Mon. Sep 11, 2017          5          0          7     "	14709	2017-09-11	"Mon"	"Evening"	"507"	5	0	7	12	"50"	"07"	5	7
"14708     Mon. Sep 11, 2017          9          7          5     "	14708	2017-09-11	"Mon"	"Midday"	"975"	9	7	5	21	"97"	"75"	16	12
"14707     Sun. Sep 10, 2017          2          1          4     "	14707	2017-09-10	"Sun"	"Evening"	"214"	2	1	4	7	"21"	"14"	3	5
"14706     Sun. Sep 10, 2017          0          4          1     "	14706	2017-09-10	"Sun"	"Midday"	"041"	0	4	1	5	"04"	"41"	4	5
"14705     Sat. Sep 09, 2017          1          4          4     "	14705	2017-09-09	"Sat"	"Evening"	"144"	1	4	4	9	"14"	"44"	5	8
"14704     Sat. Sep 09, 2017          9          8          8     "	14704	2017-09-09	"Sat"	"Midday"	"988"	9	8	8	25	"98"	"88"	17	16
"14703     Fri. Sep 08, 2017          5          0          6     "	14703	2017-09-08	"Fri"	"Evening"	"506"	5	0	6	11	"50"	"06"	5	6
"14702     Fri. Sep 08, 2017          0          1          8     "	14702	2017-09-08	"Fri"	"Midday"	"018"	0	1	8	9	"01"	"18"	1	9
"14701     Thu. Sep 07, 2017          2          3          7     "	14701	2017-09-07	"Thu"	"Evening"	"237"	2	3	7	12	"23"	"37"	5	10
"14700     Thu. Sep 07, 2017          8          9          6     "	14700	2017-09-07	"Thu"	"Midday"	"896"	8	9	6	23	"89"	"96"	17	15
"14699     Wed. Sep 06, 2017          5          8          0     "	14699	2017-09-06	"Wed"	"Evening"	"580"	5	8	0	13	"58"	"80"	13	8
"14698     Wed. Sep 06, 2017          5          2          4     "	14698	2017-09-06	"Wed"	"Midday"	"524"	5	2	4	11	"52"	"24"	7	6
"14697     Tue. Sep 05, 2017          6          1          4     "	14697	2017-09-05	"Tue"	"Evening"	"614"	6	1	4	11	"61"	"14"	7	5
"14696     Tue. Sep 05, 2017          0          1          7     "	14696	2017-09-05	"Tue"	"Midday"	"017"	0	1	7	8	"01"	"17"	1	8
"14695     Mon. Sep 04, 2017          0          1          6     "	14695	2017-09-04	"Mon"	"Evening"	"016"	0	1	6	7	"01"	"16"	1	7
"14694     Mon. Sep 04, 2017          5          6          8     "	14694	2017-09-04	"Mon"	"Midday"	"568"	5	6	8	19	"56"	"68"	11	14
"14693     Sun. Sep 03, 2017          7          7          3     "	14693	2017-09-03	"Sun"	"Evening"	"773"	7	7	3	17	"77"	"73"	14	10
"14692     Sun. Sep 03, 2017          0          2          0     "	14692	2017-09-03	"Sun"	"Midday"	"020"	0	2	0	2	"02"	"20"	2	2
"14691     Sat. Sep 02, 2017          1          8          6     "	14691	2017-09-02	"Sat"	"Evening"	"186"	1	8	6	15	"18"	"86"	9	14
"14690     Sat. Sep 02, 2017          5          5          2     "	14690	2017-09-02	"Sat"	"Midday"	"552"	5	5	2	12	"55"	"52"	10	7
"14689     Fri. Sep 01, 2017          3          6          6     "	14689	2017-09-01	"Fri"	"Evening"	"366"	3	6	6	15	"36"	"66"	9	12
"14688     Fri. Sep 01, 2017          3          6          5     "	14688	2017-09-01	"Fri"	"Midday"	"365"	3	6	5	14	"36"	"65"	9	11
"14687     Thu. Aug 31, 2017          3          5          1     "	14687	2017-08-31	"Thu"	"Evening"	"351"	3	5	1	9	"35"	"51"	8	6
"14686     Thu. Aug 31, 2017          5          4          1     "	14686	2017-08-31	"Thu"	"Midday"	"541"	5	4	1	10	"54"	"41"	9	5
"14685     Wed. Aug 30, 2017          5          3          9     "	14685	2017-08-30	"Wed"	"Evening"	"539"	5	3	9	17	"53"	"39"	8	12
"14684     Wed. Aug 30, 2017          2          5          1     "	14684	2017-08-30	"Wed"	"Midday"	"251"	2	5	1	8	"25"	"51"	7	6
"14683     Tue. Aug 29, 2017          6          3          5     "	14683	2017-08-29	"Tue"	"Evening"	"635"	6	3	5	14	"63"	"35"	9	8
"14682     Tue. Aug 29, 2017          9          2          7     "	14682	2017-08-29	"Tue"	"Midday"	"927"	9	2	7	18	"92"	"27"	11	9
"14681     Mon. Aug 28, 2017          0          1          2     "	14681	2017-08-28	"Mon"	"Evening"	"012"	0	1	2	3	"01"	"12"	1	3
"14680     Mon. Aug 28, 2017          9          5          1     "	14680	2017-08-28	"Mon"	"Midday"	"951"	9	5	1	15	"95"	"51"	14	6
"14679     Sun. Aug 27, 2017          3          8          0     "	14679	2017-08-27	"Sun"	"Evening"	"380"	3	8	0	11	"38"	"80"	11	8
"14678     Sun. Aug 27, 2017          4          1          8     "	14678	2017-08-27	"Sun"	"Midday"	"418"	4	1	8	13	"41"	"18"	5	9
"14677     Sat. Aug 26, 2017          0          7          1     "	14677	2017-08-26	"Sat"	"Evening"	"071"	0	7	1	8	"07"	"71"	7	8
"14676     Sat. Aug 26, 2017          4          8          6     "	14676	2017-08-26	"Sat"	"Midday"	"486"	4	8	6	18	"48"	"86"	12	14
"14675     Fri. Aug 25, 2017          8          5          5     "	14675	2017-08-25	"Fri"	"Evening"	"855"	8	5	5	18	"85"	"55"	13	10
"14674     Fri. Aug 25, 2017          2          7          5     "	14674	2017-08-25	"Fri"	"Midday"	"275"	2	7	5	14	"27"	"75"	9	12
"14673     Thu. Aug 24, 2017          4          5          5     "	14673	2017-08-24	"Thu"	"Evening"	"455"	4	5	5	14	"45"	"55"	9	10
"14672     Thu. Aug 24, 2017          3          1          5     "	14672	2017-08-24	"Thu"	"Midday"	"315"	3	1	5	9	"31"	"15"	4	6
"14671     Wed. Aug 23, 2017          9          1          7     "	14671	2017-08-23	"Wed"	"Evening"	"917"	9	1	7	17	"91"	"17"	10	8
"14670     Wed. Aug 23, 2017          9          2          1     "	14670	2017-08-23	"Wed"	"Midday"	"921"	9	2	1	12	"92"	"21"	11	3
"14669     Tue. Aug 22, 2017          8          2          2     "	14669	2017-08-22	"Tue"	"Evening"	"822"	8	2	2	12	"82"	"22"	10	4
"14668     Tue. Aug 22, 2017          0          8          9     "	14668	2017-08-22	"Tue"	"Midday"	"089"	0	8	9	17	"08"	"89"	8	17
"14667     Mon. Aug 21, 2017          0          5          8     "	14667	2017-08-21	"Mon"	"Evening"	"058"	0	5	8	13	"05"	"58"	5	13
"14666     Mon. Aug 21, 2017          0          1          0     "	14666	2017-08-21	"Mon"	"Midday"	"010"	0	1	0	1	"01"	"10"	1	1
"14665     Sun. Aug 20, 2017          2          2          7     "	14665	2017-08-20	"Sun"	"Evening"	"227"	2	2	7	11	"22"	"27"	4	9
"14664     Sun. Aug 20, 2017          4          8          8     "	14664	2017-08-20	"Sun"	"Midday"	"488"	4	8	8	20	"48"	"88"	12	16
"14663     Sat. Aug 19, 2017          0          4          2     "	14663	2017-08-19	"Sat"	"Evening"	"042"	0	4	2	6	"04"	"42"	4	6
"14662     Sat. Aug 19, 2017          9          7          4     "	14662	2017-08-19	"Sat"	"Midday"	"974"	9	7	4	20	"97"	"74"	16	11
"14661     Fri. Aug 18, 2017          5          2          8     "	14661	2017-08-18	"Fri"	"Evening"	"528"	5	2	8	15	"52"	"28"	7	10
"14660     Fri. Aug 18, 2017          8          9          8     "	14660	2017-08-18	"Fri"	"Midday"	"898"	8	9	8	25	"89"	"98"	17	17
"14659     Thu. Aug 17, 2017          4          1          0     "	14659	2017-08-17	"Thu"	"Evening"	"410"	4	1	0	5	"41"	"10"	5	1
"14658     Thu. Aug 17, 2017          3          1          7     "	14658	2017-08-17	"Thu"	"Midday"	"317"	3	1	7	11	"31"	"17"	4	8
"14657     Wed. Aug 16, 2017          8          3          9     "	14657	2017-08-16	"Wed"	"Evening"	"839"	8	3	9	20	"83"	"39"	11	12
"14656     Wed. Aug 16, 2017          8          4          0     "	14656	2017-08-16	"Wed"	"Midday"	"840"	8	4	0	12	"84"	"40"	12	4
"14655     Tue. Aug 15, 2017          1          4          2     "	14655	2017-08-15	"Tue"	"Evening"	"142"	1	4	2	7	"14"	"42"	5	6
"14654     Tue. Aug 15, 2017          2          5          5     "	14654	2017-08-15	"Tue"	"Midday"	"255"	2	5	5	12	"25"	"55"	7	10
"14653     Mon. Aug 14, 2017          5          3          1     "	14653	2017-08-14	"Mon"	"Evening"	"531"	5	3	1	9	"53"	"31"	8	4
"14652     Mon. Aug 14, 2017          3          4          5     "	14652	2017-08-14	"Mon"	"Midday"	"345"	3	4	5	12	"34"	"45"	7	9
"14651     Sun. Aug 13, 2017          0          5          7     "	14651	2017-08-13	"Sun"	"Evening"	"057"	0	5	7	12	"05"	"57"	5	12
"14650     Sun. Aug 13, 2017          0          8          7     "	14650	2017-08-13	"Sun"	"Midday"	"087"	0	8	7	15	"08"	"87"	8	15
"14649     Sat. Aug 12, 2017          7          5          2     "	14649	2017-08-12	"Sat"	"Evening"	"752"	7	5	2	14	"75"	"52"	12	7
"14648     Sat. Aug 12, 2017          4          5          8     "	14648	2017-08-12	"Sat"	"Midday"	"458"	4	5	8	17	"45"	"58"	9	13
"14647     Fri. Aug 11, 2017          8          5          8     "	14647	2017-08-11	"Fri"	"Evening"	"858"	8	5	8	21	"85"	"58"	13	13
"14646     Fri. Aug 11, 2017          9          3          8     "	14646	2017-08-11	"Fri"	"Midday"	"938"	9	3	8	20	"93"	"38"	12	11
"14645     Thu. Aug 10, 2017          3          7          4     "	14645	2017-08-10	"Thu"	"Evening"	"374"	3	7	4	14	"37"	"74"	10	11
"14644     Thu. Aug 10, 2017          1          5          1     "	14644	2017-08-10	"Thu"	"Midday"	"151"	1	5	1	7	"15"	"51"	6	6
"14643     Wed. Aug 09, 2017          0          0          2     "	14643	2017-08-09	"Wed"	"Evening"	"002"	0	0	2	2	"00"	"02"	0	2
"14642     Wed. Aug 09, 2017          8          9          4     "	14642	2017-08-09	"Wed"	"Midday"	"894"	8	9	4	21	"89"	"94"	17	13
"14641     Tue. Aug 08, 2017          6          5          3     "	14641	2017-08-08	"Tue"	"Evening"	"653"	6	5	3	14	"65"	"53"	11	8
"14640     Tue. Aug 08, 2017          6          8          0     "	14640	2017-08-08	"Tue"	"Midday"	"680"	6	8	0	14	"68"	"80"	14	8
"14639     Mon. Aug 07, 2017          4          5          2     "	14639	2017-08-07	"Mon"	"Evening"	"452"	4	5	2	11	"45"	"52"	9	7
"14638     Mon. Aug 07, 2017          9          5          8     "	14638	2017-08-07	"Mon"	"Midday"	"958"	9	5	8	22	"95"	"58"	14	13
"14637     Sun. Aug 06, 2017          9          9          4     "	14637	2017-08-06	"Sun"	"Evening"	"994"	9	9	4	22	"99"	"94"	18	13
"14636     Sun. Aug 06, 2017          6          2          1     "	14636	2017-08-06	"Sun"	"Midday"	"621"	6	2	1	9	"62"	"21"	8	3
"14635     Sat. Aug 05, 2017          5          7          1     "	14635	2017-08-05	"Sat"	"Evening"	"571"	5	7	1	13	"57"	"71"	12	8
"14634     Sat. Aug 05, 2017          3          9          7     "	14634	2017-08-05	"Sat"	"Midday"	"397"	3	9	7	19	"39"	"97"	12	16
"14633     Fri. Aug 04, 2017          0          5          5     "	14633	2017-08-04	"Fri"	"Evening"	"055"	0	5	5	10	"05"	"55"	5	10
"14632     Fri. Aug 04, 2017          1          1          7     "	14632	2017-08-04	"Fri"	"Midday"	"117"	1	1	7	9	"11"	"17"	2	8
"14631     Thu. Aug 03, 2017          6          6          0     "	14631	2017-08-03	"Thu"	"Evening"	"660"	6	6	0	12	"66"	"60"	12	6
"14630     Thu. Aug 03, 2017          5          5          0     "	14630	2017-08-03	"Thu"	"Midday"	"550"	5	5	0	10	"55"	"50"	10	5
"14629     Wed. Aug 02, 2017          5          2          2     "	14629	2017-08-02	"Wed"	"Evening"	"522"	5	2	2	9	"52"	"22"	7	4
"14628     Wed. Aug 02, 2017          0          7          9     "	14628	2017-08-02	"Wed"	"Midday"	"079"	0	7	9	16	"07"	"79"	7	16
"14627     Tue. Aug 01, 2017          6          4          0     "	14627	2017-08-01	"Tue"	"Evening"	"640"	6	4	0	10	"64"	"40"	10	4
"14626     Tue. Aug 01, 2017          2          6          8     "	14626	2017-08-01	"Tue"	"Midday"	"268"	2	6	8	16	"26"	"68"	8	14
"14625     Mon. Jul 31, 2017          2          4          9     "	14625	2017-07-31	"Mon"	"Evening"	"249"	2	4	9	15	"24"	"49"	6	13
"14624     Mon. Jul 31, 2017          2          5          3     "	14624	2017-07-31	"Mon"	"Midday"	"253"	2	5	3	10	"25"	"53"	7	8
"14623     Sun. Jul 30, 2017          0          0          1     "	14623	2017-07-30	"Sun"	"Evening"	"001"	0	0	1	1	"00"	"01"	0	1
"14622     Sun. Jul 30, 2017          7          6          6     "	14622	2017-07-30	"Sun"	"Midday"	"766"	7	6	6	19	"76"	"66"	13	12
"14621     Sat. Jul 29, 2017          4          5          2     "	14621	2017-07-29	"Sat"	"Evening"	"452"	4	5	2	11	"45"	"52"	9	7
"14620     Sat. Jul 29, 2017          3          6          3     "	14620	2017-07-29	"Sat"	"Midday"	"363"	3	6	3	12	"36"	"63"	9	9
"14619     Fri. Jul 28, 2017          7          0          2     "	14619	2017-07-28	"Fri"	"Evening"	"702"	7	0	2	9	"70"	"02"	7	2
"14618     Fri. Jul 28, 2017          6          0          6     "	14618	2017-07-28	"Fri"	"Midday"	"606"	6	0	6	12	"60"	"06"	6	6
"14617     Thu. Jul 27, 2017          0          8          3     "	14617	2017-07-27	"Thu"	"Evening"	"083"	0	8	3	11	"08"	"83"	8	11
"14616     Thu. Jul 27, 2017          1          8          9     "	14616	2017-07-27	"Thu"	"Midday"	"189"	1	8	9	18	"18"	"89"	9	17
"14615     Wed. Jul 26, 2017          6          6          5     "	14615	2017-07-26	"Wed"	"Evening"	"665"	6	6	5	17	"66"	"65"	12	11
"14614     Wed. Jul 26, 2017          4          9          0     "	14614	2017-07-26	"Wed"	"Midday"	"490"	4	9	0	13	"49"	"90"	13	9
"14613     Tue. Jul 25, 2017          6          3          4     "	14613	2017-07-25	"Tue"	"Evening"	"634"	6	3	4	13	"63"	"34"	9	7
"14612     Tue. Jul 25, 2017          7          2          2     "	14612	2017-07-25	"Tue"	"Midday"	"722"	7	2	2	11	"72"	"22"	9	4
"14611     Mon. Jul 24, 2017          2          7          7     "	14611	2017-07-24	"Mon"	"Evening"	"277"	2	7	7	16	"27"	"77"	9	14
"14610     Mon. Jul 24, 2017          4          0          4     "	14610	2017-07-24	"Mon"	"Midday"	"404"	4	0	4	8	"40"	"04"	4	4
"14609     Sun. Jul 23, 2017          7          3          0     "	14609	2017-07-23	"Sun"	"Evening"	"730"	7	3	0	10	"73"	"30"	10	3
"14608     Sun. Jul 23, 2017          7          3          2     "	14608	2017-07-23	"Sun"	"Midday"	"732"	7	3	2	12	"73"	"32"	10	5
"14607     Sat. Jul 22, 2017          4          8          3     "	14607	2017-07-22	"Sat"	"Evening"	"483"	4	8	3	15	"48"	"83"	12	11
"14606     Sat. Jul 22, 2017          1          7          6     "	14606	2017-07-22	"Sat"	"Midday"	"176"	1	7	6	14	"17"	"76"	8	13
"14605     Fri. Jul 21, 2017          2          2          1     "	14605	2017-07-21	"Fri"	"Evening"	"221"	2	2	1	5	"22"	"21"	4	3
"14604     Fri. Jul 21, 2017          4          1          2     "	14604	2017-07-21	"Fri"	"Midday"	"412"	4	1	2	7	"41"	"12"	5	3
"14603     Thu. Jul 20, 2017          8          9          4     "	14603	2017-07-20	"Thu"	"Evening"	"894"	8	9	4	21	"89"	"94"	17	13
"14602     Thu. Jul 20, 2017          6          3          9     "	14602	2017-07-20	"Thu"	"Midday"	"639"	6	3	9	18	"63"	"39"	9	12
"14601     Wed. Jul 19, 2017          7          7          4     "	14601	2017-07-19	"Wed"	"Evening"	"774"	7	7	4	18	"77"	"74"	14	11
"14600     Wed. Jul 19, 2017          3          2          4     "	14600	2017-07-19	"Wed"	"Midday"	"324"	3	2	4	9	"32"	"24"	5	6
"14599     Tue. Jul 18, 2017          7          3          2     "	14599	2017-07-18	"Tue"	"Evening"	"732"	7	3	2	12	"73"	"32"	10	5
"14598     Tue. Jul 18, 2017          8          2          4     "	14598	2017-07-18	"Tue"	"Midday"	"824"	8	2	4	14	"82"	"24"	10	6
"14597     Mon. Jul 17, 2017          6          3          2     "	14597	2017-07-17	"Mon"	"Evening"	"632"	6	3	2	11	"63"	"32"	9	5
"14596     Mon. Jul 17, 2017          3          1          4     "	14596	2017-07-17	"Mon"	"Midday"	"314"	3	1	4	8	"31"	"14"	4	5
"14595     Sun. Jul 16, 2017          3          7          2     "	14595	2017-07-16	"Sun"	"Evening"	"372"	3	7	2	12	"37"	"72"	10	9
"14594     Sun. Jul 16, 2017          1          0          7     "	14594	2017-07-16	"Sun"	"Midday"	"107"	1	0	7	8	"10"	"07"	1	7
"14593     Sat. Jul 15, 2017          4          2          7     "	14593	2017-07-15	"Sat"	"Evening"	"427"	4	2	7	13	"42"	"27"	6	9
"14592     Sat. Jul 15, 2017          9          8          9     "	14592	2017-07-15	"Sat"	"Midday"	"989"	9	8	9	26	"98"	"89"	17	17
"14591     Fri. Jul 14, 2017          2          4          5     "	14591	2017-07-14	"Fri"	"Evening"	"245"	2	4	5	11	"24"	"45"	6	9
"14590     Fri. Jul 14, 2017          2          9          9     "	14590	2017-07-14	"Fri"	"Midday"	"299"	2	9	9	20	"29"	"99"	11	18
"14589     Thu. Jul 13, 2017          7          8          6     "	14589	2017-07-13	"Thu"	"Evening"	"786"	7	8	6	21	"78"	"86"	15	14
"14588     Thu. Jul 13, 2017          1          0          6     "	14588	2017-07-13	"Thu"	"Midday"	"106"	1	0	6	7	"10"	"06"	1	6
"14587     Wed. Jul 12, 2017          8          5          7     "	14587	2017-07-12	"Wed"	"Evening"	"857"	8	5	7	20	"85"	"57"	13	12
"14586     Wed. Jul 12, 2017          0          2          1     "	14586	2017-07-12	"Wed"	"Midday"	"021"	0	2	1	3	"02"	"21"	2	3
"14585     Tue. Jul 11, 2017          1          0          2     "	14585	2017-07-11	"Tue"	"Evening"	"102"	1	0	2	3	"10"	"02"	1	2
"14584     Tue. Jul 11, 2017          5          9          3     "	14584	2017-07-11	"Tue"	"Midday"	"593"	5	9	3	17	"59"	"93"	14	12
"14583     Mon. Jul 10, 2017          0          7          4     "	14583	2017-07-10	"Mon"	"Evening"	"074"	0	7	4	11	"07"	"74"	7	11
"14582     Mon. Jul 10, 2017          3          2          2     "	14582	2017-07-10	"Mon"	"Midday"	"322"	3	2	2	7	"32"	"22"	5	4
"14581     Sun. Jul 09, 2017          7          0          8     "	14581	2017-07-09	"Sun"	"Evening"	"708"	7	0	8	15	"70"	"08"	7	8
"14580     Sun. Jul 09, 2017          8          2          9     "	14580	2017-07-09	"Sun"	"Midday"	"829"	8	2	9	19	"82"	"29"	10	11
"14579     Sat. Jul 08, 2017          6          2          6     "	14579	2017-07-08	"Sat"	"Evening"	"626"	6	2	6	14	"62"	"26"	8	8
"14578     Sat. Jul 08, 2017          2          2          9     "	14578	2017-07-08	"Sat"	"Midday"	"229"	2	2	9	13	"22"	"29"	4	11
"14577     Fri. Jul 07, 2017          1          2          3     "	14577	2017-07-07	"Fri"	"Evening"	"123"	1	2	3	6	"12"	"23"	3	5
"14576     Fri. Jul 07, 2017          1          9          0     "	14576	2017-07-07	"Fri"	"Midday"	"190"	1	9	0	10	"19"	"90"	10	9
"14575     Thu. Jul 06, 2017          9          8          0     "	14575	2017-07-06	"Thu"	"Evening"	"980"	9	8	0	17	"98"	"80"	17	8
"14574     Thu. Jul 06, 2017          8          3          4     "	14574	2017-07-06	"Thu"	"Midday"	"834"	8	3	4	15	"83"	"34"	11	7
"14573     Wed. Jul 05, 2017          9          3          3     "	14573	2017-07-05	"Wed"	"Evening"	"933"	9	3	3	15	"93"	"33"	12	6
"14572     Wed. Jul 05, 2017          0          7          7     "	14572	2017-07-05	"Wed"	"Midday"	"077"	0	7	7	14	"07"	"77"	7	14
"14571     Tue. Jul 04, 2017          3          6          9     "	14571	2017-07-04	"Tue"	"Evening"	"369"	3	6	9	18	"36"	"69"	9	15
"14570     Tue. Jul 04, 2017          2          9          6     "	14570	2017-07-04	"Tue"	"Midday"	"296"	2	9	6	17	"29"	"96"	11	15
"14569     Mon. Jul 03, 2017          7          8          8     "	14569	2017-07-03	"Mon"	"Evening"	"788"	7	8	8	23	"78"	"88"	15	16
"14568     Mon. Jul 03, 2017          3          3          3     "	14568	2017-07-03	"Mon"	"Midday"	"333"	3	3	3	9	"33"	"33"	6	6
"14567     Sun. Jul 02, 2017          1          9          0     "	14567	2017-07-02	"Sun"	"Evening"	"190"	1	9	0	10	"19"	"90"	10	9
"14566     Sun. Jul 02, 2017          1          4          3     "	14566	2017-07-02	"Sun"	"Midday"	"143"	1	4	3	8	"14"	"43"	5	7
"14565     Sat. Jul 01, 2017          5          6          6     "	14565	2017-07-01	"Sat"	"Evening"	"566"	5	6	6	17	"56"	"66"	11	12
"14564     Sat. Jul 01, 2017          8          6          0     "	14564	2017-07-01	"Sat"	"Midday"	"860"	8	6	0	14	"86"	"60"	14	6
"14563     Fri. Jun 30, 2017          3          5          4     "	14563	2017-06-30	"Fri"	"Evening"	"354"	3	5	4	12	"35"	"54"	8	9
"14562     Fri. Jun 30, 2017          8          8          7     "	14562	2017-06-30	"Fri"	"Midday"	"887"	8	8	7	23	"88"	"87"	16	15
"14561     Thu. Jun 29, 2017          0          9          6     "	14561	2017-06-29	"Thu"	"Evening"	"096"	0	9	6	15	"09"	"96"	9	15
"14560     Thu. Jun 29, 2017          4          7          4     "	14560	2017-06-29	"Thu"	"Midday"	"474"	4	7	4	15	"47"	"74"	11	11
"14559     Wed. Jun 28, 2017          4          2          6     "	14559	2017-06-28	"Wed"	"Evening"	"426"	4	2	6	12	"42"	"26"	6	8
"14558     Wed. Jun 28, 2017          0          6          7     "	14558	2017-06-28	"Wed"	"Midday"	"067"	0	6	7	13	"06"	"67"	6	13
"14557     Tue. Jun 27, 2017          0          3          4     "	14557	2017-06-27	"Tue"	"Evening"	"034"	0	3	4	7	"03"	"34"	3	7
"14556     Tue. Jun 27, 2017          6          3          2     "	14556	2017-06-27	"Tue"	"Midday"	"632"	6	3	2	11	"63"	"32"	9	5
"14555     Mon. Jun 26, 2017          8          7          3     "	14555	2017-06-26	"Mon"	"Evening"	"873"	8	7	3	18	"87"	"73"	15	10
"14554     Mon. Jun 26, 2017          5          8          6     "	14554	2017-06-26	"Mon"	"Midday"	"586"	5	8	6	19	"58"	"86"	13	14
"14553     Sun. Jun 25, 2017          2          4          7     "	14553	2017-06-25	"Sun"	"Evening"	"247"	2	4	7	13	"24"	"47"	6	11
"14552     Sun. Jun 25, 2017          0          1          5     "	14552	2017-06-25	"Sun"	"Midday"	"015"	0	1	5	6	"01"	"15"	1	6
"14551     Sat. Jun 24, 2017          5          8          4     "	14551	2017-06-24	"Sat"	"Evening"	"584"	5	8	4	17	"58"	"84"	13	12
"14550     Sat. Jun 24, 2017          3          3          9     "	14550	2017-06-24	"Sat"	"Midday"	"339"	3	3	9	15	"33"	"39"	6	12
"14549     Fri. Jun 23, 2017          5          1          8     "	14549	2017-06-23	"Fri"	"Evening"	"518"	5	1	8	14	"51"	"18"	6	9
"14548     Fri. Jun 23, 2017          7          5          4     "	14548	2017-06-23	"Fri"	"Midday"	"754"	7	5	4	16	"75"	"54"	12	9
"14547     Thu. Jun 22, 2017          8          5          6     "	14547	2017-06-22	"Thu"	"Evening"	"856"	8	5	6	19	"85"	"56"	13	11
"14546     Thu. Jun 22, 2017          1          4          6     "	14546	2017-06-22	"Thu"	"Midday"	"146"	1	4	6	11	"14"	"46"	5	10
"14545     Wed. Jun 21, 2017          7          6          3     "	14545	2017-06-21	"Wed"	"Evening"	"763"	7	6	3	16	"76"	"63"	13	9
"14544     Wed. Jun 21, 2017          3          5          3     "	14544	2017-06-21	"Wed"	"Midday"	"353"	3	5	3	11	"35"	"53"	8	8
"14543     Tue. Jun 20, 2017          2          2          7     "	14543	2017-06-20	"Tue"	"Evening"	"227"	2	2	7	11	"22"	"27"	4	9
"14542     Tue. Jun 20, 2017          3          1          7     "	14542	2017-06-20	"Tue"	"Midday"	"317"	3	1	7	11	"31"	"17"	4	8
"14541     Mon. Jun 19, 2017          4          1          6     "	14541	2017-06-19	"Mon"	"Evening"	"416"	4	1	6	11	"41"	"16"	5	7
"14540     Mon. Jun 19, 2017          3          3          1     "	14540	2017-06-19	"Mon"	"Midday"	"331"	3	3	1	7	"33"	"31"	6	4
"14539     Sun. Jun 18, 2017          6          2          6     "	14539	2017-06-18	"Sun"	"Evening"	"626"	6	2	6	14	"62"	"26"	8	8
"14538     Sun. Jun 18, 2017          9          5          9     "	14538	2017-06-18	"Sun"	"Midday"	"959"	9	5	9	23	"95"	"59"	14	14
"14537     Sat. Jun 17, 2017          9          5          0     "	14537	2017-06-17	"Sat"	"Evening"	"950"	9	5	0	14	"95"	"50"	14	5
"14536     Sat. Jun 17, 2017          2          3          1     "	14536	2017-06-17	"Sat"	"Midday"	"231"	2	3	1	6	"23"	"31"	5	4
"14535     Fri. Jun 16, 2017          6          5          4     "	14535	2017-06-16	"Fri"	"Evening"	"654"	6	5	4	15	"65"	"54"	11	9
"14534     Fri. Jun 16, 2017          8          8          4     "	14534	2017-06-16	"Fri"	"Midday"	"884"	8	8	4	20	"88"	"84"	16	12
"14533     Thu. Jun 15, 2017          5          2          7     "	14533	2017-06-15	"Thu"	"Evening"	"527"	5	2	7	14	"52"	"27"	7	9
"14532     Thu. Jun 15, 2017          1          4          6     "	14532	2017-06-15	"Thu"	"Midday"	"146"	1	4	6	11	"14"	"46"	5	10
"14531     Wed. Jun 14, 2017          1          5          4     "	14531	2017-06-14	"Wed"	"Evening"	"154"	1	5	4	10	"15"	"54"	6	9
"14530     Wed. Jun 14, 2017          9          0          9     "	14530	2017-06-14	"Wed"	"Midday"	"909"	9	0	9	18	"90"	"09"	9	9
"14529     Tue. Jun 13, 2017          9          0          1     "	14529	2017-06-13	"Tue"	"Evening"	"901"	9	0	1	10	"90"	"01"	9	1
"14528     Tue. Jun 13, 2017          5          9          8     "	14528	2017-06-13	"Tue"	"Midday"	"598"	5	9	8	22	"59"	"98"	14	17
"14527     Mon. Jun 12, 2017          7          7          6     "	14527	2017-06-12	"Mon"	"Evening"	"776"	7	7	6	20	"77"	"76"	14	13
"14526     Mon. Jun 12, 2017          7          5          6     "	14526	2017-06-12	"Mon"	"Midday"	"756"	7	5	6	18	"75"	"56"	12	11
"14525     Sun. Jun 11, 2017          1          6          5     "	14525	2017-06-11	"Sun"	"Evening"	"165"	1	6	5	12	"16"	"65"	7	11
"14524     Sun. Jun 11, 2017          2          6          0     "	14524	2017-06-11	"Sun"	"Midday"	"260"	2	6	0	8	"26"	"60"	8	6
"14523     Sat. Jun 10, 2017          1          5          5     "	14523	2017-06-10	"Sat"	"Evening"	"155"	1	5	5	11	"15"	"55"	6	10
"14522     Sat. Jun 10, 2017          6          8          4     "	14522	2017-06-10	"Sat"	"Midday"	"684"	6	8	4	18	"68"	"84"	14	12
"14521     Fri. Jun 09, 2017          8          2          7     "	14521	2017-06-09	"Fri"	"Evening"	"827"	8	2	7	17	"82"	"27"	10	9
"14520     Fri. Jun 09, 2017          7          5          8     "	14520	2017-06-09	"Fri"	"Midday"	"758"	7	5	8	20	"75"	"58"	12	13
"14519     Thu. Jun 08, 2017          5          8          9     "	14519	2017-06-08	"Thu"	"Evening"	"589"	5	8	9	22	"58"	"89"	13	17
"14518     Thu. Jun 08, 2017          4          3          9     "	14518	2017-06-08	"Thu"	"Midday"	"439"	4	3	9	16	"43"	"39"	7	12
"14517     Wed. Jun 07, 2017          2          5          2     "	14517	2017-06-07	"Wed"	"Evening"	"252"	2	5	2	9	"25"	"52"	7	7
"14516     Wed. Jun 07, 2017          1          7          3     "	14516	2017-06-07	"Wed"	"Midday"	"173"	1	7	3	11	"17"	"73"	8	10
"14515     Tue. Jun 06, 2017          3          1          0     "	14515	2017-06-06	"Tue"	"Evening"	"310"	3	1	0	4	"31"	"10"	4	1
"14514     Tue. Jun 06, 2017          2          2          3     "	14514	2017-06-06	"Tue"	"Midday"	"223"	2	2	3	7	"22"	"23"	4	5
"14513     Mon. Jun 05, 2017          2          0          6     "	14513	2017-06-05	"Mon"	"Evening"	"206"	2	0	6	8	"20"	"06"	2	6
"14512     Mon. Jun 05, 2017          8          6          2     "	14512	2017-06-05	"Mon"	"Midday"	"862"	8	6	2	16	"86"	"62"	14	8
"14511     Sun. Jun 04, 2017          0          5          4     "	14511	2017-06-04	"Sun"	"Evening"	"054"	0	5	4	9	"05"	"54"	5	9
"14510     Sun. Jun 04, 2017          4          3          5     "	14510	2017-06-04	"Sun"	"Midday"	"435"	4	3	5	12	"43"	"35"	7	8
"14509     Sat. Jun 03, 2017          9          3          7     "	14509	2017-06-03	"Sat"	"Evening"	"937"	9	3	7	19	"93"	"37"	12	10
"14508     Sat. Jun 03, 2017          2          9          1     "	14508	2017-06-03	"Sat"	"Midday"	"291"	2	9	1	12	"29"	"91"	11	10
"14507     Fri. Jun 02, 2017          3          8          6     "	14507	2017-06-02	"Fri"	"Evening"	"386"	3	8	6	17	"38"	"86"	11	14
"14506     Fri. Jun 02, 2017          7          2          6     "	14506	2017-06-02	"Fri"	"Midday"	"726"	7	2	6	15	"72"	"26"	9	8
"14505     Thu. Jun 01, 2017          5          9          4     "	14505	2017-06-01	"Thu"	"Evening"	"594"	5	9	4	18	"59"	"94"	14	13
"14504     Thu. Jun 01, 2017          5          3          1     "	14504	2017-06-01	"Thu"	"Midday"	"531"	5	3	1	9	"53"	"31"	8	4
"14503     Wed. May 31, 2017          8          5          2     "	14503	2017-05-31	"Wed"	"Evening"	"852"	8	5	2	15	"85"	"52"	13	7
"14502     Wed. May 31, 2017          3          1          1     "	14502	2017-05-31	"Wed"	"Midday"	"311"	3	1	1	5	"31"	"11"	4	2
"14501     Tue. May 30, 2017          3          2          3     "	14501	2017-05-30	"Tue"	"Evening"	"323"	3	2	3	8	"32"	"23"	5	5
"14500     Tue. May 30, 2017          7          2          8     "	14500	2017-05-30	"Tue"	"Midday"	"728"	7	2	8	17	"72"	"28"	9	10
"14499     Mon. May 29, 2017          2          5          3     "	14499	2017-05-29	"Mon"	"Evening"	"253"	2	5	3	10	"25"	"53"	7	8
"14498     Mon. May 29, 2017          8          8          2     "	14498	2017-05-29	"Mon"	"Midday"	"882"	8	8	2	18	"88"	"82"	16	10
"14497     Sun. May 28, 2017          8          5          9     "	14497	2017-05-28	"Sun"	"Evening"	"859"	8	5	9	22	"85"	"59"	13	14
"14496     Sun. May 28, 2017          9          7          0     "	14496	2017-05-28	"Sun"	"Midday"	"970"	9	7	0	16	"97"	"70"	16	7
"14495     Sat. May 27, 2017          7          7          8     "	14495	2017-05-27	"Sat"	"Evening"	"778"	7	7	8	22	"77"	"78"	14	15
"14494     Sat. May 27, 2017          8          4          5     "	14494	2017-05-27	"Sat"	"Midday"	"845"	8	4	5	17	"84"	"45"	12	9
"14493     Fri. May 26, 2017          9          2          1     "	14493	2017-05-26	"Fri"	"Evening"	"921"	9	2	1	12	"92"	"21"	11	3
"14492     Fri. May 26, 2017          1          4          4     "	14492	2017-05-26	"Fri"	"Midday"	"144"	1	4	4	9	"14"	"44"	5	8
"14491     Thu. May 25, 2017          2          0          5     "	14491	2017-05-25	"Thu"	"Evening"	"205"	2	0	5	7	"20"	"05"	2	5
"14490     Thu. May 25, 2017          7          5          6     "	14490	2017-05-25	"Thu"	"Midday"	"756"	7	5	6	18	"75"	"56"	12	11
"14489     Wed. May 24, 2017          9          7          5     "	14489	2017-05-24	"Wed"	"Evening"	"975"	9	7	5	21	"97"	"75"	16	12
"14488     Wed. May 24, 2017          7          4          1     "	14488	2017-05-24	"Wed"	"Midday"	"741"	7	4	1	12	"74"	"41"	11	5
"14487     Tue. May 23, 2017          4          6          4     "	14487	2017-05-23	"Tue"	"Evening"	"464"	4	6	4	14	"46"	"64"	10	10
"14486     Tue. May 23, 2017          5          7          8     "	14486	2017-05-23	"Tue"	"Midday"	"578"	5	7	8	20	"57"	"78"	12	15
"14485     Mon. May 22, 2017          0          9          6     "	14485	2017-05-22	"Mon"	"Evening"	"096"	0	9	6	15	"09"	"96"	9	15
"14484     Mon. May 22, 2017          5          4          3     "	14484	2017-05-22	"Mon"	"Midday"	"543"	5	4	3	12	"54"	"43"	9	7
"14483     Sun. May 21, 2017          8          5          9     "	14483	2017-05-21	"Sun"	"Evening"	"859"	8	5	9	22	"85"	"59"	13	14
"14482     Sun. May 21, 2017          2          1          8     "	14482	2017-05-21	"Sun"	"Midday"	"218"	2	1	8	11	"21"	"18"	3	9
"14481     Sat. May 20, 2017          2          9          5     "	14481	2017-05-20	"Sat"	"Evening"	"295"	2	9	5	16	"29"	"95"	11	14
"14480     Sat. May 20, 2017          1          8          5     "	14480	2017-05-20	"Sat"	"Midday"	"185"	1	8	5	14	"18"	"85"	9	13
"14479     Fri. May 19, 2017          9          8          9     "	14479	2017-05-19	"Fri"	"Evening"	"989"	9	8	9	26	"98"	"89"	17	17
"14478     Fri. May 19, 2017          4          0          9     "	14478	2017-05-19	"Fri"	"Midday"	"409"	4	0	9	13	"40"	"09"	4	9
"14477     Thu. May 18, 2017          4          3          0     "	14477	2017-05-18	"Thu"	"Evening"	"430"	4	3	0	7	"43"	"30"	7	3
"14476     Thu. May 18, 2017          7          7          8     "	14476	2017-05-18	"Thu"	"Midday"	"778"	7	7	8	22	"77"	"78"	14	15
"14475     Wed. May 17, 2017          9          9          0     "	14475	2017-05-17	"Wed"	"Evening"	"990"	9	9	0	18	"99"	"90"	18	9
"14474     Wed. May 17, 2017          9          8          5     "	14474	2017-05-17	"Wed"	"Midday"	"985"	9	8	5	22	"98"	"85"	17	13
"14473     Tue. May 16, 2017          5          3          4     "	14473	2017-05-16	"Tue"	"Evening"	"534"	5	3	4	12	"53"	"34"	8	7
"14472     Tue. May 16, 2017          1          3          4     "	14472	2017-05-16	"Tue"	"Midday"	"134"	1	3	4	8	"13"	"34"	4	7
"14471     Mon. May 15, 2017          8          5          0     "	14471	2017-05-15	"Mon"	"Evening"	"850"	8	5	0	13	"85"	"50"	13	5
"14470     Mon. May 15, 2017          2          1          6     "	14470	2017-05-15	"Mon"	"Midday"	"216"	2	1	6	9	"21"	"16"	3	7
"14469     Sun. May 14, 2017          8          1          3     "	14469	2017-05-14	"Sun"	"Evening"	"813"	8	1	3	12	"81"	"13"	9	4
"14468     Sun. May 14, 2017          2          8          4     "	14468	2017-05-14	"Sun"	"Midday"	"284"	2	8	4	14	"28"	"84"	10	12
"14467     Sat. May 13, 2017          0          4          9     "	14467	2017-05-13	"Sat"	"Evening"	"049"	0	4	9	13	"04"	"49"	4	13
"14466     Sat. May 13, 2017          0          0          4     "	14466	2017-05-13	"Sat"	"Midday"	"004"	0	0	4	4	"00"	"04"	0	4
"14465     Fri. May 12, 2017          2          3          9     "	14465	2017-05-12	"Fri"	"Evening"	"239"	2	3	9	14	"23"	"39"	5	12
"14464     Fri. May 12, 2017          1          8          0     "	14464	2017-05-12	"Fri"	"Midday"	"180"	1	8	0	9	"18"	"80"	9	8
"14463     Thu. May 11, 2017          3          7          9     "	14463	2017-05-11	"Thu"	"Evening"	"379"	3	7	9	19	"37"	"79"	10	16
"14462     Thu. May 11, 2017          7          9          5     "	14462	2017-05-11	"Thu"	"Midday"	"795"	7	9	5	21	"79"	"95"	16	14
"14461     Wed. May 10, 2017          6          9          5     "	14461	2017-05-10	"Wed"	"Evening"	"695"	6	9	5	20	"69"	"95"	15	14
"14460     Wed. May 10, 2017          0          7          1     "	14460	2017-05-10	"Wed"	"Midday"	"071"	0	7	1	8	"07"	"71"	7	8
"14459     Tue. May 09, 2017          8          9          9     "	14459	2017-05-09	"Tue"	"Evening"	"899"	8	9	9	26	"89"	"99"	17	18
"14458     Tue. May 09, 2017          6          9          7     "	14458	2017-05-09	"Tue"	"Midday"	"697"	6	9	7	22	"69"	"97"	15	16
"14457     Mon. May 08, 2017          9          0          7     "	14457	2017-05-08	"Mon"	"Evening"	"907"	9	0	7	16	"90"	"07"	9	7
"14456     Mon. May 08, 2017          6          5          8     "	14456	2017-05-08	"Mon"	"Midday"	"658"	6	5	8	19	"65"	"58"	11	13
"14455     Sun. May 07, 2017          8          0          2     "	14455	2017-05-07	"Sun"	"Evening"	"802"	8	0	2	10	"80"	"02"	8	2
"14454     Sun. May 07, 2017          6          2          8     "	14454	2017-05-07	"Sun"	"Midday"	"628"	6	2	8	16	"62"	"28"	8	10
"14453     Sat. May 06, 2017          0          1          5     "	14453	2017-05-06	"Sat"	"Evening"	"015"	0	1	5	6	"01"	"15"	1	6
"14452     Sat. May 06, 2017          1          7          8     "	14452	2017-05-06	"Sat"	"Midday"	"178"	1	7	8	16	"17"	"78"	8	15
"14451     Fri. May 05, 2017          1          3          2     "	14451	2017-05-05	"Fri"	"Evening"	"132"	1	3	2	6	"13"	"32"	4	5
"14450     Fri. May 05, 2017          9          9          1     "	14450	2017-05-05	"Fri"	"Midday"	"991"	9	9	1	19	"99"	"91"	18	10
"14449     Thu. May 04, 2017          4          8          4     "	14449	2017-05-04	"Thu"	"Evening"	"484"	4	8	4	16	"48"	"84"	12	12
"14448     Thu. May 04, 2017          2          4          8     "	14448	2017-05-04	"Thu"	"Midday"	"248"	2	4	8	14	"24"	"48"	6	12
"14447     Wed. May 03, 2017          1          2          6     "	14447	2017-05-03	"Wed"	"Evening"	"126"	1	2	6	9	"12"	"26"	3	8
"14446     Wed. May 03, 2017          2          6          0     "	14446	2017-05-03	"Wed"	"Midday"	"260"	2	6	0	8	"26"	"60"	8	6
"14445     Tue. May 02, 2017          1          7          3     "	14445	2017-05-02	"Tue"	"Evening"	"173"	1	7	3	11	"17"	"73"	8	10
"14444     Tue. May 02, 2017          7          6          4     "	14444	2017-05-02	"Tue"	"Midday"	"764"	7	6	4	17	"76"	"64"	13	10
"14443     Mon. May 01, 2017          2          0          8     "	14443	2017-05-01	"Mon"	"Evening"	"208"	2	0	8	10	"20"	"08"	2	8
"14442     Mon. May 01, 2017          2          1          4     "	14442	2017-05-01	"Mon"	"Midday"	"214"	2	1	4	7	"21"	"14"	3	5
"14441     Sun. Apr 30, 2017          3          6          5     "	14441	2017-04-30	"Sun"	"Evening"	"365"	3	6	5	14	"36"	"65"	9	11
"14440     Sun. Apr 30, 2017          3          9          6     "	14440	2017-04-30	"Sun"	"Midday"	"396"	3	9	6	18	"39"	"96"	12	15
"14439     Sat. Apr 29, 2017          0          5          0     "	14439	2017-04-29	"Sat"	"Evening"	"050"	0	5	0	5	"05"	"50"	5	5
"14438     Sat. Apr 29, 2017          1          4          2     "	14438	2017-04-29	"Sat"	"Midday"	"142"	1	4	2	7	"14"	"42"	5	6
"14437     Fri. Apr 28, 2017          8          7          7     "	14437	2017-04-28	"Fri"	"Evening"	"877"	8	7	7	22	"87"	"77"	15	14
"14436     Fri. Apr 28, 2017          1          3          0     "	14436	2017-04-28	"Fri"	"Midday"	"130"	1	3	0	4	"13"	"30"	4	3
"14435     Thu. Apr 27, 2017          2          9          4     "	14435	2017-04-27	"Thu"	"Evening"	"294"	2	9	4	15	"29"	"94"	11	13
"14434     Thu. Apr 27, 2017          2          9          1     "	14434	2017-04-27	"Thu"	"Midday"	"291"	2	9	1	12	"29"	"91"	11	10
"14433     Wed. Apr 26, 2017          3          1          0     "	14433	2017-04-26	"Wed"	"Evening"	"310"	3	1	0	4	"31"	"10"	4	1
"14432     Wed. Apr 26, 2017          2          3          0     "	14432	2017-04-26	"Wed"	"Midday"	"230"	2	3	0	5	"23"	"30"	5	3
"14431     Tue. Apr 25, 2017          5          2          3     "	14431	2017-04-25	"Tue"	"Evening"	"523"	5	2	3	10	"52"	"23"	7	5
"14430     Tue. Apr 25, 2017          2          4          1     "	14430	2017-04-25	"Tue"	"Midday"	"241"	2	4	1	7	"24"	"41"	6	5
"14429     Mon. Apr 24, 2017          3          8          6     "	14429	2017-04-24	"Mon"	"Evening"	"386"	3	8	6	17	"38"	"86"	11	14
"14428     Mon. Apr 24, 2017          3          1          0     "	14428	2017-04-24	"Mon"	"Midday"	"310"	3	1	0	4	"31"	"10"	4	1
"14427     Sun. Apr 23, 2017          5          5          5     "	14427	2017-04-23	"Sun"	"Evening"	"555"	5	5	5	15	"55"	"55"	10	10
"14426     Sun. Apr 23, 2017          4          5          8     "	14426	2017-04-23	"Sun"	"Midday"	"458"	4	5	8	17	"45"	"58"	9	13
"14425     Sat. Apr 22, 2017          3          4          9     "	14425	2017-04-22	"Sat"	"Evening"	"349"	3	4	9	16	"34"	"49"	7	13
"14424     Sat. Apr 22, 2017          9          7          1     "	14424	2017-04-22	"Sat"	"Midday"	"971"	9	7	1	17	"97"	"71"	16	8
"14423     Fri. Apr 21, 2017          7          8          3     "	14423	2017-04-21	"Fri"	"Evening"	"783"	7	8	3	18	"78"	"83"	15	11
"14422     Fri. Apr 21, 2017          0          8          5     "	14422	2017-04-21	"Fri"	"Midday"	"085"	0	8	5	13	"08"	"85"	8	13
"14421     Thu. Apr 20, 2017          4          2          7     "	14421	2017-04-20	"Thu"	"Evening"	"427"	4	2	7	13	"42"	"27"	6	9
"14420     Thu. Apr 20, 2017          8          5          3     "	14420	2017-04-20	"Thu"	"Midday"	"853"	8	5	3	16	"85"	"53"	13	8
"14419     Wed. Apr 19, 2017          8          9          3     "	14419	2017-04-19	"Wed"	"Evening"	"893"	8	9	3	20	"89"	"93"	17	12
"14418     Wed. Apr 19, 2017          9          0          5     "	14418	2017-04-19	"Wed"	"Midday"	"905"	9	0	5	14	"90"	"05"	9	5
"14417     Tue. Apr 18, 2017          1          8          4     "	14417	2017-04-18	"Tue"	"Evening"	"184"	1	8	4	13	"18"	"84"	9	12
"14416     Tue. Apr 18, 2017          5          4          6     "	14416	2017-04-18	"Tue"	"Midday"	"546"	5	4	6	15	"54"	"46"	9	10
"14415     Mon. Apr 17, 2017          1          3          7     "	14415	2017-04-17	"Mon"	"Evening"	"137"	1	3	7	11	"13"	"37"	4	10
"14414     Mon. Apr 17, 2017          9          9          5     "	14414	2017-04-17	"Mon"	"Midday"	"995"	9	9	5	23	"99"	"95"	18	14
"14413     Sun. Apr 16, 2017          1          4          0     "	14413	2017-04-16	"Sun"	"Evening"	"140"	1	4	0	5	"14"	"40"	5	4
"14412     Sun. Apr 16, 2017          4          9          5     "	14412	2017-04-16	"Sun"	"Midday"	"495"	4	9	5	18	"49"	"95"	13	14
"14411     Sat. Apr 15, 2017          1          6          2     "	14411	2017-04-15	"Sat"	"Evening"	"162"	1	6	2	9	"16"	"62"	7	8
"14410     Sat. Apr 15, 2017          1          0          1     "	14410	2017-04-15	"Sat"	"Midday"	"101"	1	0	1	2	"10"	"01"	1	1
"14409     Fri. Apr 14, 2017          0          2          7     "	14409	2017-04-14	"Fri"	"Evening"	"027"	0	2	7	9	"02"	"27"	2	9
"14408     Fri. Apr 14, 2017          5          0          2     "	14408	2017-04-14	"Fri"	"Midday"	"502"	5	0	2	7	"50"	"02"	5	2
"14407     Thu. Apr 13, 2017          1          4          2     "	14407	2017-04-13	"Thu"	"Evening"	"142"	1	4	2	7	"14"	"42"	5	6
"14406     Thu. Apr 13, 2017          5          5          7     "	14406	2017-04-13	"Thu"	"Midday"	"557"	5	5	7	17	"55"	"57"	10	12
"14405     Wed. Apr 12, 2017          1          4          6     "	14405	2017-04-12	"Wed"	"Evening"	"146"	1	4	6	11	"14"	"46"	5	10
"14404     Wed. Apr 12, 2017          0          6          2     "	14404	2017-04-12	"Wed"	"Midday"	"062"	0	6	2	8	"06"	"62"	6	8
"14403     Tue. Apr 11, 2017          5          0          1     "	14403	2017-04-11	"Tue"	"Evening"	"501"	5	0	1	6	"50"	"01"	5	1
"14402     Tue. Apr 11, 2017          4          5          9     "	14402	2017-04-11	"Tue"	"Midday"	"459"	4	5	9	18	"45"	"59"	9	14
"14401     Mon. Apr 10, 2017          4          2          8     "	14401	2017-04-10	"Mon"	"Evening"	"428"	4	2	8	14	"42"	"28"	6	10
"14400     Mon. Apr 10, 2017          3          2          1     "	14400	2017-04-10	"Mon"	"Midday"	"321"	3	2	1	6	"32"	"21"	5	3
"14399     Sun. Apr 09, 2017          6          4          8     "	14399	2017-04-09	"Sun"	"Evening"	"648"	6	4	8	18	"64"	"48"	10	12
"14398     Sun. Apr 09, 2017          2          4          4     "	14398	2017-04-09	"Sun"	"Midday"	"244"	2	4	4	10	"24"	"44"	6	8
"14397     Sat. Apr 08, 2017          3          8          0     "	14397	2017-04-08	"Sat"	"Evening"	"380"	3	8	0	11	"38"	"80"	11	8
"14396     Sat. Apr 08, 2017          6          7          5     "	14396	2017-04-08	"Sat"	"Midday"	"675"	6	7	5	18	"67"	"75"	13	12
"14395     Fri. Apr 07, 2017          9          2          4     "	14395	2017-04-07	"Fri"	"Evening"	"924"	9	2	4	15	"92"	"24"	11	6
"14394     Fri. Apr 07, 2017          6          2          3     "	14394	2017-04-07	"Fri"	"Midday"	"623"	6	2	3	11	"62"	"23"	8	5
"14393     Thu. Apr 06, 2017          1          6          1     "	14393	2017-04-06	"Thu"	"Evening"	"161"	1	6	1	8	"16"	"61"	7	7
"14392     Thu. Apr 06, 2017          1          7          2     "	14392	2017-04-06	"Thu"	"Midday"	"172"	1	7	2	10	"17"	"72"	8	9
"14391     Wed. Apr 05, 2017          8          8          1     "	14391	2017-04-05	"Wed"	"Evening"	"881"	8	8	1	17	"88"	"81"	16	9
"14390     Wed. Apr 05, 2017          6          7          0     "	14390	2017-04-05	"Wed"	"Midday"	"670"	6	7	0	13	"67"	"70"	13	7
"14389     Tue. Apr 04, 2017          8          5          7     "	14389	2017-04-04	"Tue"	"Evening"	"857"	8	5	7	20	"85"	"57"	13	12
"14388     Tue. Apr 04, 2017          1          8          3     "	14388	2017-04-04	"Tue"	"Midday"	"183"	1	8	3	12	"18"	"83"	9	11
"14387     Mon. Apr 03, 2017          5          0          3     "	14387	2017-04-03	"Mon"	"Evening"	"503"	5	0	3	8	"50"	"03"	5	3
"14386     Mon. Apr 03, 2017          9          4          6     "	14386	2017-04-03	"Mon"	"Midday"	"946"	9	4	6	19	"94"	"46"	13	10
"14385     Sun. Apr 02, 2017          2          6          3     "	14385	2017-04-02	"Sun"	"Evening"	"263"	2	6	3	11	"26"	"63"	8	9
"14384     Sun. Apr 02, 2017          0          7          5     "	14384	2017-04-02	"Sun"	"Midday"	"075"	0	7	5	12	"07"	"75"	7	12
"14383     Sat. Apr 01, 2017          3          7          8     "	14383	2017-04-01	"Sat"	"Evening"	"378"	3	7	8	18	"37"	"78"	10	15
"14382     Sat. Apr 01, 2017          5          3          2     "	14382	2017-04-01	"Sat"	"Midday"	"532"	5	3	2	10	"53"	"32"	8	5
"14381     Fri. Mar 31, 2017          7          0          5     "	14381	2017-03-31	"Fri"	"Evening"	"705"	7	0	5	12	"70"	"05"	7	5
"14380     Fri. Mar 31, 2017          8          7          0     "	14380	2017-03-31	"Fri"	"Midday"	"870"	8	7	0	15	"87"	"70"	15	7
"14379     Thu. Mar 30, 2017          6          6          9     "	14379	2017-03-30	"Thu"	"Evening"	"669"	6	6	9	21	"66"	"69"	12	15
"14378     Thu. Mar 30, 2017          9          3          7     "	14378	2017-03-30	"Thu"	"Midday"	"937"	9	3	7	19	"93"	"37"	12	10
"14377     Wed. Mar 29, 2017          6          6          2     "	14377	2017-03-29	"Wed"	"Evening"	"662"	6	6	2	14	"66"	"62"	12	8
"14376     Wed. Mar 29, 2017          4          1          1     "	14376	2017-03-29	"Wed"	"Midday"	"411"	4	1	1	6	"41"	"11"	5	2
"14375     Tue. Mar 28, 2017          6          2          2     "	14375	2017-03-28	"Tue"	"Evening"	"622"	6	2	2	10	"62"	"22"	8	4
"14374     Tue. Mar 28, 2017          8          7          2     "	14374	2017-03-28	"Tue"	"Midday"	"872"	8	7	2	17	"87"	"72"	15	9
"14373     Mon. Mar 27, 2017          8          5          0     "	14373	2017-03-27	"Mon"	"Evening"	"850"	8	5	0	13	"85"	"50"	13	5
"14372     Mon. Mar 27, 2017          8          6          2     "	14372	2017-03-27	"Mon"	"Midday"	"862"	8	6	2	16	"86"	"62"	14	8
"14371     Sun. Mar 26, 2017          2          2          3     "	14371	2017-03-26	"Sun"	"Evening"	"223"	2	2	3	7	"22"	"23"	4	5
"14370     Sun. Mar 26, 2017          2          4          7     "	14370	2017-03-26	"Sun"	"Midday"	"247"	2	4	7	13	"24"	"47"	6	11
"14369     Sat. Mar 25, 2017          1          0          1     "	14369	2017-03-25	"Sat"	"Evening"	"101"	1	0	1	2	"10"	"01"	1	1
"14368     Sat. Mar 25, 2017          5          2          5     "	14368	2017-03-25	"Sat"	"Midday"	"525"	5	2	5	12	"52"	"25"	7	7
"14367     Fri. Mar 24, 2017          5          1          9     "	14367	2017-03-24	"Fri"	"Evening"	"519"	5	1	9	15	"51"	"19"	6	10
"14366     Fri. Mar 24, 2017          1          1          5     "	14366	2017-03-24	"Fri"	"Midday"	"115"	1	1	5	7	"11"	"15"	2	6
"14365     Thu. Mar 23, 2017          1          6          7     "	14365	2017-03-23	"Thu"	"Evening"	"167"	1	6	7	14	"16"	"67"	7	13
"14364     Thu. Mar 23, 2017          8          5          0     "	14364	2017-03-23	"Thu"	"Midday"	"850"	8	5	0	13	"85"	"50"	13	5
"14363     Wed. Mar 22, 2017          3          8          9     "	14363	2017-03-22	"Wed"	"Evening"	"389"	3	8	9	20	"38"	"89"	11	17
"14362     Wed. Mar 22, 2017          2          3          0     "	14362	2017-03-22	"Wed"	"Midday"	"230"	2	3	0	5	"23"	"30"	5	3
"14361     Tue. Mar 21, 2017          0          2          0     "	14361	2017-03-21	"Tue"	"Evening"	"020"	0	2	0	2	"02"	"20"	2	2
"14360     Tue. Mar 21, 2017          8          7          6     "	14360	2017-03-21	"Tue"	"Midday"	"876"	8	7	6	21	"87"	"76"	15	13
"14359     Mon. Mar 20, 2017          9          4          2     "	14359	2017-03-20	"Mon"	"Evening"	"942"	9	4	2	15	"94"	"42"	13	6
"14358     Mon. Mar 20, 2017          7          3          7     "	14358	2017-03-20	"Mon"	"Midday"	"737"	7	3	7	17	"73"	"37"	10	10
"14357     Sun. Mar 19, 2017          7          1          9     "	14357	2017-03-19	"Sun"	"Evening"	"719"	7	1	9	17	"71"	"19"	8	10
"14356     Sun. Mar 19, 2017          2          2          1     "	14356	2017-03-19	"Sun"	"Midday"	"221"	2	2	1	5	"22"	"21"	4	3
"14355     Sat. Mar 18, 2017          0          3          4     "	14355	2017-03-18	"Sat"	"Evening"	"034"	0	3	4	7	"03"	"34"	3	7
"14354     Sat. Mar 18, 2017          3          2          3     "	14354	2017-03-18	"Sat"	"Midday"	"323"	3	2	3	8	"32"	"23"	5	5
"14353     Fri. Mar 17, 2017          9          0          4     "	14353	2017-03-17	"Fri"	"Evening"	"904"	9	0	4	13	"90"	"04"	9	4
"14352     Fri. Mar 17, 2017          5          7          5     "	14352	2017-03-17	"Fri"	"Midday"	"575"	5	7	5	17	"57"	"75"	12	12
"14351     Thu. Mar 16, 2017          5          0          3     "	14351	2017-03-16	"Thu"	"Evening"	"503"	5	0	3	8	"50"	"03"	5	3
"14350     Thu. Mar 16, 2017          9          4          5     "	14350	2017-03-16	"Thu"	"Midday"	"945"	9	4	5	18	"94"	"45"	13	9
"14349     Wed. Mar 15, 2017          5          1          0     "	14349	2017-03-15	"Wed"	"Evening"	"510"	5	1	0	6	"51"	"10"	6	1
"14348     Wed. Mar 15, 2017          6          8          9     "	14348	2017-03-15	"Wed"	"Midday"	"689"	6	8	9	23	"68"	"89"	14	17
"14347     Tue. Mar 14, 2017          8          0          1     "	14347	2017-03-14	"Tue"	"Evening"	"801"	8	0	1	9	"80"	"01"	8	1
"14346     Tue. Mar 14, 2017          4          7          3     "	14346	2017-03-14	"Tue"	"Midday"	"473"	4	7	3	14	"47"	"73"	11	10
"14345     Mon. Mar 13, 2017          5          3          8     "	14345	2017-03-13	"Mon"	"Evening"	"538"	5	3	8	16	"53"	"38"	8	11
"14344     Mon. Mar 13, 2017          2          8          2     "	14344	2017-03-13	"Mon"	"Midday"	"282"	2	8	2	12	"28"	"82"	10	10
"14343     Sun. Mar 12, 2017          1          4          3     "	14343	2017-03-12	"Sun"	"Evening"	"143"	1	4	3	8	"14"	"43"	5	7
"14342     Sun. Mar 12, 2017          9          3          0     "	14342	2017-03-12	"Sun"	"Midday"	"930"	9	3	0	12	"93"	"30"	12	3
"14341     Sat. Mar 11, 2017          3          7          2     "	14341	2017-03-11	"Sat"	"Evening"	"372"	3	7	2	12	"37"	"72"	10	9
"14340     Sat. Mar 11, 2017          2          8          8     "	14340	2017-03-11	"Sat"	"Midday"	"288"	2	8	8	18	"28"	"88"	10	16
"14339     Fri. Mar 10, 2017          4          7          3     "	14339	2017-03-10	"Fri"	"Evening"	"473"	4	7	3	14	"47"	"73"	11	10
"14338     Fri. Mar 10, 2017          0          4          3     "	14338	2017-03-10	"Fri"	"Midday"	"043"	0	4	3	7	"04"	"43"	4	7
"14337     Thu. Mar 09, 2017          5          8          0     "	14337	2017-03-09	"Thu"	"Evening"	"580"	5	8	0	13	"58"	"80"	13	8
"14336     Thu. Mar 09, 2017          4          1          1     "	14336	2017-03-09	"Thu"	"Midday"	"411"	4	1	1	6	"41"	"11"	5	2
"14335     Wed. Mar 08, 2017          5          1          4     "	14335	2017-03-08	"Wed"	"Evening"	"514"	5	1	4	10	"51"	"14"	6	5
"14334     Wed. Mar 08, 2017          9          0          8     "	14334	2017-03-08	"Wed"	"Midday"	"908"	9	0	8	17	"90"	"08"	9	8
"14333     Tue. Mar 07, 2017          7          9          9     "	14333	2017-03-07	"Tue"	"Evening"	"799"	7	9	9	25	"79"	"99"	16	18
"14332     Tue. Mar 07, 2017          4          7          5     "	14332	2017-03-07	"Tue"	"Midday"	"475"	4	7	5	16	"47"	"75"	11	12
"14331     Mon. Mar 06, 2017          9          4          6     "	14331	2017-03-06	"Mon"	"Evening"	"946"	9	4	6	19	"94"	"46"	13	10
"14330     Mon. Mar 06, 2017          4          1          7     "	14330	2017-03-06	"Mon"	"Midday"	"417"	4	1	7	12	"41"	"17"	5	8
"14329     Sun. Mar 05, 2017          7          6          1     "	14329	2017-03-05	"Sun"	"Evening"	"761"	7	6	1	14	"76"	"61"	13	7
"14328     Sun. Mar 05, 2017          8          9          3     "	14328	2017-03-05	"Sun"	"Midday"	"893"	8	9	3	20	"89"	"93"	17	12
"14327     Sat. Mar 04, 2017          1          3          5     "	14327	2017-03-04	"Sat"	"Evening"	"135"	1	3	5	9	"13"	"35"	4	8
"14326     Sat. Mar 04, 2017          1          6          2     "	14326	2017-03-04	"Sat"	"Midday"	"162"	1	6	2	9	"16"	"62"	7	8
"14325     Fri. Mar 03, 2017          5          3          3     "	14325	2017-03-03	"Fri"	"Evening"	"533"	5	3	3	11	"53"	"33"	8	6
"14324     Fri. Mar 03, 2017          0          9          4     "	14324	2017-03-03	"Fri"	"Midday"	"094"	0	9	4	13	"09"	"94"	9	13
"14323     Thu. Mar 02, 2017          5          8          1     "	14323	2017-03-02	"Thu"	"Evening"	"581"	5	8	1	14	"58"	"81"	13	9
"14322     Thu. Mar 02, 2017          4          3          2     "	14322	2017-03-02	"Thu"	"Midday"	"432"	4	3	2	9	"43"	"32"	7	5
"14321     Wed. Mar 01, 2017          9          6          8     "	14321	2017-03-01	"Wed"	"Evening"	"968"	9	6	8	23	"96"	"68"	15	14
"14320     Wed. Mar 01, 2017          3          3          5     "	14320	2017-03-01	"Wed"	"Midday"	"335"	3	3	5	11	"33"	"35"	6	8
"14319     Tue. Feb 28, 2017          4          8          9     "	14319	2017-02-28	"Tue"	"Evening"	"489"	4	8	9	21	"48"	"89"	12	17
"14318     Tue. Feb 28, 2017          6          8          2     "	14318	2017-02-28	"Tue"	"Midday"	"682"	6	8	2	16	"68"	"82"	14	10
"14317     Mon. Feb 27, 2017          5          8          8     "	14317	2017-02-27	"Mon"	"Evening"	"588"	5	8	8	21	"58"	"88"	13	16
"14316     Mon. Feb 27, 2017          6          5          0     "	14316	2017-02-27	"Mon"	"Midday"	"650"	6	5	0	11	"65"	"50"	11	5
"14315     Sun. Feb 26, 2017          4          2          1     "	14315	2017-02-26	"Sun"	"Evening"	"421"	4	2	1	7	"42"	"21"	6	3
"14314     Sun. Feb 26, 2017          1          7          6     "	14314	2017-02-26	"Sun"	"Midday"	"176"	1	7	6	14	"17"	"76"	8	13
"14313     Sat. Feb 25, 2017          6          1          4     "	14313	2017-02-25	"Sat"	"Evening"	"614"	6	1	4	11	"61"	"14"	7	5
"14312     Sat. Feb 25, 2017          7          4          3     "	14312	2017-02-25	"Sat"	"Midday"	"743"	7	4	3	14	"74"	"43"	11	7
"14311     Fri. Feb 24, 2017          5          2          0     "	14311	2017-02-24	"Fri"	"Evening"	"520"	5	2	0	7	"52"	"20"	7	2
"14310     Fri. Feb 24, 2017          7          9          9     "	14310	2017-02-24	"Fri"	"Midday"	"799"	7	9	9	25	"79"	"99"	16	18
"14309     Thu. Feb 23, 2017          4          4          1     "	14309	2017-02-23	"Thu"	"Evening"	"441"	4	4	1	9	"44"	"41"	8	5
"14308     Thu. Feb 23, 2017          9          1          2     "	14308	2017-02-23	"Thu"	"Midday"	"912"	9	1	2	12	"91"	"12"	10	3
"14307     Wed. Feb 22, 2017          5          0          2     "	14307	2017-02-22	"Wed"	"Evening"	"502"	5	0	2	7	"50"	"02"	5	2
"14306     Wed. Feb 22, 2017          4          9          4     "	14306	2017-02-22	"Wed"	"Midday"	"494"	4	9	4	17	"49"	"94"	13	13
"14305     Tue. Feb 21, 2017          3          9          9     "	14305	2017-02-21	"Tue"	"Evening"	"399"	3	9	9	21	"39"	"99"	12	18
"14304     Tue. Feb 21, 2017          8          7          8     "	14304	2017-02-21	"Tue"	"Midday"	"878"	8	7	8	23	"87"	"78"	15	15
"14303     Mon. Feb 20, 2017          9          8          4     "	14303	2017-02-20	"Mon"	"Evening"	"984"	9	8	4	21	"98"	"84"	17	12
"14302     Mon. Feb 20, 2017          0          5          0     "	14302	2017-02-20	"Mon"	"Midday"	"050"	0	5	0	5	"05"	"50"	5	5
"14301     Sun. Feb 19, 2017          3          4          9     "	14301	2017-02-19	"Sun"	"Evening"	"349"	3	4	9	16	"34"	"49"	7	13
"14300     Sun. Feb 19, 2017          1          0          6     "	14300	2017-02-19	"Sun"	"Midday"	"106"	1	0	6	7	"10"	"06"	1	6
"14299     Sat. Feb 18, 2017          9          7          0     "	14299	2017-02-18	"Sat"	"Evening"	"970"	9	7	0	16	"97"	"70"	16	7
"14298     Sat. Feb 18, 2017          4          1          4     "	14298	2017-02-18	"Sat"	"Midday"	"414"	4	1	4	9	"41"	"14"	5	5
"14297     Fri. Feb 17, 2017          7          8          7     "	14297	2017-02-17	"Fri"	"Evening"	"787"	7	8	7	22	"78"	"87"	15	15
"14296     Fri. Feb 17, 2017          6          7          5     "	14296	2017-02-17	"Fri"	"Midday"	"675"	6	7	5	18	"67"	"75"	13	12
"14295     Thu. Feb 16, 2017          8          2          4     "	14295	2017-02-16	"Thu"	"Evening"	"824"	8	2	4	14	"82"	"24"	10	6
"14294     Thu. Feb 16, 2017          9          4          8     "	14294	2017-02-16	"Thu"	"Midday"	"948"	9	4	8	21	"94"	"48"	13	12
"14293     Wed. Feb 15, 2017          0          0          6     "	14293	2017-02-15	"Wed"	"Evening"	"006"	0	0	6	6	"00"	"06"	0	6
"14292     Wed. Feb 15, 2017          5          7          9     "	14292	2017-02-15	"Wed"	"Midday"	"579"	5	7	9	21	"57"	"79"	12	16
"14291     Tue. Feb 14, 2017          4          6          5     "	14291	2017-02-14	"Tue"	"Evening"	"465"	4	6	5	15	"46"	"65"	10	11
"14290     Tue. Feb 14, 2017          7          3          9     "	14290	2017-02-14	"Tue"	"Midday"	"739"	7	3	9	19	"73"	"39"	10	12
"14289     Mon. Feb 13, 2017          8          0          4     "	14289	2017-02-13	"Mon"	"Evening"	"804"	8	0	4	12	"80"	"04"	8	4
"14288     Mon. Feb 13, 2017          0          7          1     "	14288	2017-02-13	"Mon"	"Midday"	"071"	0	7	1	8	"07"	"71"	7	8
"14287     Sun. Feb 12, 2017          4          5          3     "	14287	2017-02-12	"Sun"	"Evening"	"453"	4	5	3	12	"45"	"53"	9	8
"14286     Sun. Feb 12, 2017          4          0          2     "	14286	2017-02-12	"Sun"	"Midday"	"402"	4	0	2	6	"40"	"02"	4	2
"14285     Sat. Feb 11, 2017          7          7          2     "	14285	2017-02-11	"Sat"	"Evening"	"772"	7	7	2	16	"77"	"72"	14	9
"14284     Sat. Feb 11, 2017          6          0          9     "	14284	2017-02-11	"Sat"	"Midday"	"609"	6	0	9	15	"60"	"09"	6	9
"14283     Fri. Feb 10, 2017          8          4          0     "	14283	2017-02-10	"Fri"	"Evening"	"840"	8	4	0	12	"84"	"40"	12	4
"14282     Fri. Feb 10, 2017          9          0          7     "	14282	2017-02-10	"Fri"	"Midday"	"907"	9	0	7	16	"90"	"07"	9	7
"14281     Thu. Feb 09, 2017          2          1          2     "	14281	2017-02-09	"Thu"	"Evening"	"212"	2	1	2	5	"21"	"12"	3	3
"14280     Thu. Feb 09, 2017          1          8          4     "	14280	2017-02-09	"Thu"	"Midday"	"184"	1	8	4	13	"18"	"84"	9	12
"14279     Wed. Feb 08, 2017          2          3          8     "	14279	2017-02-08	"Wed"	"Evening"	"238"	2	3	8	13	"23"	"38"	5	11
"14278     Wed. Feb 08, 2017          6          6          2     "	14278	2017-02-08	"Wed"	"Midday"	"662"	6	6	2	14	"66"	"62"	12	8
"14277     Tue. Feb 07, 2017          9          7          4     "	14277	2017-02-07	"Tue"	"Evening"	"974"	9	7	4	20	"97"	"74"	16	11
"14276     Tue. Feb 07, 2017          8          1          5     "	14276	2017-02-07	"Tue"	"Midday"	"815"	8	1	5	14	"81"	"15"	9	6
"14275     Mon. Feb 06, 2017          8          3          5     "	14275	2017-02-06	"Mon"	"Evening"	"835"	8	3	5	16	"83"	"35"	11	8
"14274     Mon. Feb 06, 2017          2          9          4     "	14274	2017-02-06	"Mon"	"Midday"	"294"	2	9	4	15	"29"	"94"	11	13
"14273     Sun. Feb 05, 2017          9          6          2     "	14273	2017-02-05	"Sun"	"Evening"	"962"	9	6	2	17	"96"	"62"	15	8
"14272     Sun. Feb 05, 2017          6          0          2     "	14272	2017-02-05	"Sun"	"Midday"	"602"	6	0	2	8	"60"	"02"	6	2
"14271     Sat. Feb 04, 2017          7          0          3     "	14271	2017-02-04	"Sat"	"Evening"	"703"	7	0	3	10	"70"	"03"	7	3
"14270     Sat. Feb 04, 2017          7          4          7     "	14270	2017-02-04	"Sat"	"Midday"	"747"	7	4	7	18	"74"	"47"	11	11
"14269     Fri. Feb 03, 2017          1          2          1     "	14269	2017-02-03	"Fri"	"Evening"	"121"	1	2	1	4	"12"	"21"	3	3
"14268     Fri. Feb 03, 2017          5          9          1     "	14268	2017-02-03	"Fri"	"Midday"	"591"	5	9	1	15	"59"	"91"	14	10
"14267     Thu. Feb 02, 2017          1          3          5     "	14267	2017-02-02	"Thu"	"Evening"	"135"	1	3	5	9	"13"	"35"	4	8
"14266     Thu. Feb 02, 2017          6          9          7     "	14266	2017-02-02	"Thu"	"Midday"	"697"	6	9	7	22	"69"	"97"	15	16
"14265     Wed. Feb 01, 2017          6          1          2     "	14265	2017-02-01	"Wed"	"Evening"	"612"	6	1	2	9	"61"	"12"	7	3
"14264     Wed. Feb 01, 2017          8          8          0     "	14264	2017-02-01	"Wed"	"Midday"	"880"	8	8	0	16	"88"	"80"	16	8
"14263     Tue. Jan 31, 2017          7          0          4     "	14263	2017-01-31	"Tue"	"Evening"	"704"	7	0	4	11	"70"	"04"	7	4
"14262     Tue. Jan 31, 2017          9          0          6     "	14262	2017-01-31	"Tue"	"Midday"	"906"	9	0	6	15	"90"	"06"	9	6
"14261     Mon. Jan 30, 2017          8          4          5     "	14261	2017-01-30	"Mon"	"Evening"	"845"	8	4	5	17	"84"	"45"	12	9
"14260     Mon. Jan 30, 2017          3          6          8     "	14260	2017-01-30	"Mon"	"Midday"	"368"	3	6	8	17	"36"	"68"	9	14
"14259     Sun. Jan 29, 2017          2          5          0     "	14259	2017-01-29	"Sun"	"Evening"	"250"	2	5	0	7	"25"	"50"	7	5
"14258     Sun. Jan 29, 2017          3          9          0     "	14258	2017-01-29	"Sun"	"Midday"	"390"	3	9	0	12	"39"	"90"	12	9
"14257     Sat. Jan 28, 2017          7          1          6     "	14257	2017-01-28	"Sat"	"Evening"	"716"	7	1	6	14	"71"	"16"	8	7
"14256     Sat. Jan 28, 2017          9          8          5     "	14256	2017-01-28	"Sat"	"Midday"	"985"	9	8	5	22	"98"	"85"	17	13
"14255     Fri. Jan 27, 2017          5          1          2     "	14255	2017-01-27	"Fri"	"Evening"	"512"	5	1	2	8	"51"	"12"	6	3
"14254     Fri. Jan 27, 2017          8          2          7     "	14254	2017-01-27	"Fri"	"Midday"	"827"	8	2	7	17	"82"	"27"	10	9
"14253     Thu. Jan 26, 2017          2          6          6     "	14253	2017-01-26	"Thu"	"Evening"	"266"	2	6	6	14	"26"	"66"	8	12
"14252     Thu. Jan 26, 2017          3          5          4     "	14252	2017-01-26	"Thu"	"Midday"	"354"	3	5	4	12	"35"	"54"	8	9
"14251     Wed. Jan 25, 2017          3          4          0     "	14251	2017-01-25	"Wed"	"Evening"	"340"	3	4	0	7	"34"	"40"	7	4
"14250     Wed. Jan 25, 2017          7          7          0     "	14250	2017-01-25	"Wed"	"Midday"	"770"	7	7	0	14	"77"	"70"	14	7
"14249     Tue. Jan 24, 2017          4          7          7     "	14249	2017-01-24	"Tue"	"Evening"	"477"	4	7	7	18	"47"	"77"	11	14
"14248     Tue. Jan 24, 2017          6          3          3     "	14248	2017-01-24	"Tue"	"Midday"	"633"	6	3	3	12	"63"	"33"	9	6
"14247     Mon. Jan 23, 2017          1          2          9     "	14247	2017-01-23	"Mon"	"Evening"	"129"	1	2	9	12	"12"	"29"	3	11
"14246     Mon. Jan 23, 2017          6          3          7     "	14246	2017-01-23	"Mon"	"Midday"	"637"	6	3	7	16	"63"	"37"	9	10
"14245     Sun. Jan 22, 2017          3          0          7     "	14245	2017-01-22	"Sun"	"Evening"	"307"	3	0	7	10	"30"	"07"	3	7
"14244     Sun. Jan 22, 2017          0          9          1     "	14244	2017-01-22	"Sun"	"Midday"	"091"	0	9	1	10	"09"	"91"	9	10
"14243     Sat. Jan 21, 2017          9          4          8     "	14243	2017-01-21	"Sat"	"Evening"	"948"	9	4	8	21	"94"	"48"	13	12
"14242     Sat. Jan 21, 2017          1          6          2     "	14242	2017-01-21	"Sat"	"Midday"	"162"	1	6	2	9	"16"	"62"	7	8
"14241     Fri. Jan 20, 2017          5          6          0     "	14241	2017-01-20	"Fri"	"Evening"	"560"	5	6	0	11	"56"	"60"	11	6
"14240     Fri. Jan 20, 2017          2          2          7     "	14240	2017-01-20	"Fri"	"Midday"	"227"	2	2	7	11	"22"	"27"	4	9
"14239     Thu. Jan 19, 2017          2          7          3     "	14239	2017-01-19	"Thu"	"Evening"	"273"	2	7	3	12	"27"	"73"	9	10
"14238     Thu. Jan 19, 2017          4          6          4     "	14238	2017-01-19	"Thu"	"Midday"	"464"	4	6	4	14	"46"	"64"	10	10
"14237     Wed. Jan 18, 2017          6          4          0     "	14237	2017-01-18	"Wed"	"Evening"	"640"	6	4	0	10	"64"	"40"	10	4
"14236     Wed. Jan 18, 2017          3          4          1     "	14236	2017-01-18	"Wed"	"Midday"	"341"	3	4	1	8	"34"	"41"	7	5
"14235     Tue. Jan 17, 2017          7          6          4     "	14235	2017-01-17	"Tue"	"Evening"	"764"	7	6	4	17	"76"	"64"	13	10
"14234     Tue. Jan 17, 2017          5          2          5     "	14234	2017-01-17	"Tue"	"Midday"	"525"	5	2	5	12	"52"	"25"	7	7
"14233     Mon. Jan 16, 2017          7          0          3     "	14233	2017-01-16	"Mon"	"Evening"	"703"	7	0	3	10	"70"	"03"	7	3
"14232     Mon. Jan 16, 2017          8          8          1     "	14232	2017-01-16	"Mon"	"Midday"	"881"	8	8	1	17	"88"	"81"	16	9
"14231     Sun. Jan 15, 2017          1          5          2     "	14231	2017-01-15	"Sun"	"Evening"	"152"	1	5	2	8	"15"	"52"	6	7
"14230     Sun. Jan 15, 2017          9          7          7     "	14230	2017-01-15	"Sun"	"Midday"	"977"	9	7	7	23	"97"	"77"	16	14
"14229     Sat. Jan 14, 2017          6          8          0     "	14229	2017-01-14	"Sat"	"Evening"	"680"	6	8	0	14	"68"	"80"	14	8
"14228     Sat. Jan 14, 2017          3          9          5     "	14228	2017-01-14	"Sat"	"Midday"	"395"	3	9	5	17	"39"	"95"	12	14
"14227     Fri. Jan 13, 2017          6          3          6     "	14227	2017-01-13	"Fri"	"Evening"	"636"	6	3	6	15	"63"	"36"	9	9
"14226     Fri. Jan 13, 2017          9          8          2     "	14226	2017-01-13	"Fri"	"Midday"	"982"	9	8	2	19	"98"	"82"	17	10
"14225     Thu. Jan 12, 2017          8          7          6     "	14225	2017-01-12	"Thu"	"Evening"	"876"	8	7	6	21	"87"	"76"	15	13
"14224     Thu. Jan 12, 2017          6          8          2     "	14224	2017-01-12	"Thu"	"Midday"	"682"	6	8	2	16	"68"	"82"	14	10
"14223     Wed. Jan 11, 2017          4          8          4     "	14223	2017-01-11	"Wed"	"Evening"	"484"	4	8	4	16	"48"	"84"	12	12
"14222     Wed. Jan 11, 2017          5          7          1     "	14222	2017-01-11	"Wed"	"Midday"	"571"	5	7	1	13	"57"	"71"	12	8
"14221     Tue. Jan 10, 2017          7          1          8     "	14221	2017-01-10	"Tue"	"Evening"	"718"	7	1	8	16	"71"	"18"	8	9
"14220     Tue. Jan 10, 2017          2          0          0     "	14220	2017-01-10	"Tue"	"Midday"	"200"	2	0	0	2	"20"	"00"	2	0
"14219     Mon. Jan 09, 2017          9          2          7     "	14219	2017-01-09	"Mon"	"Evening"	"927"	9	2	7	18	"92"	"27"	11	9
"14218     Mon. Jan 09, 2017          1          1          7     "	14218	2017-01-09	"Mon"	"Midday"	"117"	1	1	7	9	"11"	"17"	2	8
"14217     Sun. Jan 08, 2017          5          3          8     "	14217	2017-01-08	"Sun"	"Evening"	"538"	5	3	8	16	"53"	"38"	8	11
"14216     Sun. Jan 08, 2017          2          8          7     "	14216	2017-01-08	"Sun"	"Midday"	"287"	2	8	7	17	"28"	"87"	10	15
"14215     Sat. Jan 07, 2017          2          4          1     "	14215	2017-01-07	"Sat"	"Evening"	"241"	2	4	1	7	"24"	"41"	6	5
"14214     Sat. Jan 07, 2017          7          1          2     "	14214	2017-01-07	"Sat"	"Midday"	"712"	7	1	2	10	"71"	"12"	8	3
"14213     Fri. Jan 06, 2017          1          0          8     "	14213	2017-01-06	"Fri"	"Evening"	"108"	1	0	8	9	"10"	"08"	1	8
"14212     Fri. Jan 06, 2017          9          5          4     "	14212	2017-01-06	"Fri"	"Midday"	"954"	9	5	4	18	"95"	"54"	14	9
"14211     Thu. Jan 05, 2017          8          6          8     "	14211	2017-01-05	"Thu"	"Evening"	"868"	8	6	8	22	"86"	"68"	14	14
"14210     Thu. Jan 05, 2017          5          8          6     "	14210	2017-01-05	"Thu"	"Midday"	"586"	5	8	6	19	"58"	"86"	13	14
"14209     Wed. Jan 04, 2017          0          8          7     "	14209	2017-01-04	"Wed"	"Evening"	"087"	0	8	7	15	"08"	"87"	8	15
"14208     Wed. Jan 04, 2017          8          6          1     "	14208	2017-01-04	"Wed"	"Midday"	"861"	8	6	1	15	"86"	"61"	14	7
"14207     Tue. Jan 03, 2017          3          8          8     "	14207	2017-01-03	"Tue"	"Evening"	"388"	3	8	8	19	"38"	"88"	11	16
"14206     Tue. Jan 03, 2017          7          8          0     "	14206	2017-01-03	"Tue"	"Midday"	"780"	7	8	0	15	"78"	"80"	15	8
"14205     Mon. Jan 02, 2017          1          7          7     "	14205	2017-01-02	"Mon"	"Evening"	"177"	1	7	7	15	"17"	"77"	8	14
"14204     Mon. Jan 02, 2017          6          2          2     "	14204	2017-01-02	"Mon"	"Midday"	"622"	6	2	2	10	"62"	"22"	8	4
"14203     Sun. Jan 01, 2017          2          8          0     "	14203	2017-01-01	"Sun"	"Evening"	"280"	2	8	0	10	"28"	"80"	10	8
"14202     Sun. Jan 01, 2017          1          1          2     "	14202	2017-01-01	"Sun"	"Midday"	"112"	1	1	2	4	"11"	"12"	2	3
"14201     Sat. Dec 31, 2016          0          7          1     "	14201	2016-12-31	"Sat"	"Evening"	"071"	0	7	1	8	"07"	"71"	7	8
"14200     Sat. Dec 31, 2016          4          0          4     "	14200	2016-12-31	"Sat"	"Midday"	"404"	4	0	4	8	"40"	"04"	4	4
"14199     Fri. Dec 30, 2016          5          7          5     "	14199	2016-12-30	"Fri"	"Evening"	"575"	5	7	5	17	"57"	"75"	12	12
"14198     Fri. Dec 30, 2016          4          3          6     "	14198	2016-12-30	"Fri"	"Midday"	"436"	4	3	6	13	"43"	"36"	7	9
"14197     Thu. Dec 29, 2016          6          8          5     "	14197	2016-12-29	"Thu"	"Evening"	"685"	6	8	5	19	"68"	"85"	14	13
"14196     Thu. Dec 29, 2016          4          9          1     "	14196	2016-12-29	"Thu"	"Midday"	"491"	4	9	1	14	"49"	"91"	13	10
"14195     Wed. Dec 28, 2016          9          5          8     "	14195	2016-12-28	"Wed"	"Evening"	"958"	9	5	8	22	"95"	"58"	14	13
"14194     Wed. Dec 28, 2016          2          8          3     "	14194	2016-12-28	"Wed"	"Midday"	"283"	2	8	3	13	"28"	"83"	10	11
"14193     Tue. Dec 27, 2016          5          4          5     "	14193	2016-12-27	"Tue"	"Evening"	"545"	5	4	5	14	"54"	"45"	9	9
"14192     Tue. Dec 27, 2016          6          9          8     "	14192	2016-12-27	"Tue"	"Midday"	"698"	6	9	8	23	"69"	"98"	15	17
"14191     Mon. Dec 26, 2016          3          8          9     "	14191	2016-12-26	"Mon"	"Evening"	"389"	3	8	9	20	"38"	"89"	11	17
"14190     Mon. Dec 26, 2016          5          6          9     "	14190	2016-12-26	"Mon"	"Midday"	"569"	5	6	9	20	"56"	"69"	11	15
"14189     Sun. Dec 25, 2016          6          7          9     "	14189	2016-12-25	"Sun"	"Evening"	"679"	6	7	9	22	"67"	"79"	13	16
"14188     Sun. Dec 25, 2016          7          5          6     "	14188	2016-12-25	"Sun"	"Midday"	"756"	7	5	6	18	"75"	"56"	12	11
"14187     Sat. Dec 24, 2016          5          7          2     "	14187	2016-12-24	"Sat"	"Evening"	"572"	5	7	2	14	"57"	"72"	12	9
"14186     Sat. Dec 24, 2016          2          7          4     "	14186	2016-12-24	"Sat"	"Midday"	"274"	2	7	4	13	"27"	"74"	9	11
"14185     Fri. Dec 23, 2016          2          1          4     "	14185	2016-12-23	"Fri"	"Evening"	"214"	2	1	4	7	"21"	"14"	3	5
"14184     Fri. Dec 23, 2016          9          5          7     "	14184	2016-12-23	"Fri"	"Midday"	"957"	9	5	7	21	"95"	"57"	14	12
"14183     Thu. Dec 22, 2016          4          2          1     "	14183	2016-12-22	"Thu"	"Evening"	"421"	4	2	1	7	"42"	"21"	6	3
"14182     Thu. Dec 22, 2016          9          7          8     "	14182	2016-12-22	"Thu"	"Midday"	"978"	9	7	8	24	"97"	"78"	16	15
"14181     Wed. Dec 21, 2016          8          9          1     "	14181	2016-12-21	"Wed"	"Evening"	"891"	8	9	1	18	"89"	"91"	17	10
"14180     Wed. Dec 21, 2016          7          2          8     "	14180	2016-12-21	"Wed"	"Midday"	"728"	7	2	8	17	"72"	"28"	9	10
"14179     Tue. Dec 20, 2016          3          3          2     "	14179	2016-12-20	"Tue"	"Evening"	"332"	3	3	2	8	"33"	"32"	6	5
"14178     Tue. Dec 20, 2016          9          3          3     "	14178	2016-12-20	"Tue"	"Midday"	"933"	9	3	3	15	"93"	"33"	12	6
"14177     Mon. Dec 19, 2016          0          9          4     "	14177	2016-12-19	"Mon"	"Evening"	"094"	0	9	4	13	"09"	"94"	9	13
"14176     Mon. Dec 19, 2016          7          1          8     "	14176	2016-12-19	"Mon"	"Midday"	"718"	7	1	8	16	"71"	"18"	8	9
"14175     Sun. Dec 18, 2016          4          4          9     "	14175	2016-12-18	"Sun"	"Evening"	"449"	4	4	9	17	"44"	"49"	8	13
"14174     Sun. Dec 18, 2016          3          7          6     "	14174	2016-12-18	"Sun"	"Midday"	"376"	3	7	6	16	"37"	"76"	10	13
"14173     Sat. Dec 17, 2016          7          7          8     "	14173	2016-12-17	"Sat"	"Evening"	"778"	7	7	8	22	"77"	"78"	14	15
"14172     Sat. Dec 17, 2016          2          2          8     "	14172	2016-12-17	"Sat"	"Midday"	"228"	2	2	8	12	"22"	"28"	4	10
"14171     Fri. Dec 16, 2016          6          8          0     "	14171	2016-12-16	"Fri"	"Evening"	"680"	6	8	0	14	"68"	"80"	14	8
"14170     Fri. Dec 16, 2016          1          6          4     "	14170	2016-12-16	"Fri"	"Midday"	"164"	1	6	4	11	"16"	"64"	7	10
"14169     Thu. Dec 15, 2016          0          0          6     "	14169	2016-12-15	"Thu"	"Evening"	"006"	0	0	6	6	"00"	"06"	0	6
"14168     Thu. Dec 15, 2016          8          3          4     "	14168	2016-12-15	"Thu"	"Midday"	"834"	8	3	4	15	"83"	"34"	11	7
"14167     Wed. Dec 14, 2016          7          3          1     "	14167	2016-12-14	"Wed"	"Evening"	"731"	7	3	1	11	"73"	"31"	10	4
"14166     Wed. Dec 14, 2016          8          8          2     "	14166	2016-12-14	"Wed"	"Midday"	"882"	8	8	2	18	"88"	"82"	16	10
"14165     Tue. Dec 13, 2016          8          3          2     "	14165	2016-12-13	"Tue"	"Evening"	"832"	8	3	2	13	"83"	"32"	11	5
"14164     Tue. Dec 13, 2016          5          1          6     "	14164	2016-12-13	"Tue"	"Midday"	"516"	5	1	6	12	"51"	"16"	6	7
"14163     Mon. Dec 12, 2016          7          6          2     "	14163	2016-12-12	"Mon"	"Evening"	"762"	7	6	2	15	"76"	"62"	13	8
"14162     Mon. Dec 12, 2016          4          3          9     "	14162	2016-12-12	"Mon"	"Midday"	"439"	4	3	9	16	"43"	"39"	7	12
"14161     Sun. Dec 11, 2016          9          9          1     "	14161	2016-12-11	"Sun"	"Evening"	"991"	9	9	1	19	"99"	"91"	18	10
"14160     Sun. Dec 11, 2016          8          2          6     "	14160	2016-12-11	"Sun"	"Midday"	"826"	8	2	6	16	"82"	"26"	10	8
"14159     Sat. Dec 10, 2016          0          9          1     "	14159	2016-12-10	"Sat"	"Evening"	"091"	0	9	1	10	"09"	"91"	9	10
"14158     Sat. Dec 10, 2016          1          3          2     "	14158	2016-12-10	"Sat"	"Midday"	"132"	1	3	2	6	"13"	"32"	4	5
"14157     Fri. Dec 09, 2016          9          9          2     "	14157	2016-12-09	"Fri"	"Evening"	"992"	9	9	2	20	"99"	"92"	18	11
"14156     Fri. Dec 09, 2016          8          4          2     "	14156	2016-12-09	"Fri"	"Midday"	"842"	8	4	2	14	"84"	"42"	12	6
"14155     Thu. Dec 08, 2016          4          6          9     "	14155	2016-12-08	"Thu"	"Evening"	"469"	4	6	9	19	"46"	"69"	10	15
"14154     Thu. Dec 08, 2016          6          3          6     "	14154	2016-12-08	"Thu"	"Midday"	"636"	6	3	6	15	"63"	"36"	9	9
"14153     Wed. Dec 07, 2016          8          4          0     "	14153	2016-12-07	"Wed"	"Evening"	"840"	8	4	0	12	"84"	"40"	12	4
"14152     Wed. Dec 07, 2016          9          9          0     "	14152	2016-12-07	"Wed"	"Midday"	"990"	9	9	0	18	"99"	"90"	18	9
"14151     Tue. Dec 06, 2016          0          6          1     "	14151	2016-12-06	"Tue"	"Evening"	"061"	0	6	1	7	"06"	"61"	6	7
"14150     Tue. Dec 06, 2016          6          8          3     "	14150	2016-12-06	"Tue"	"Midday"	"683"	6	8	3	17	"68"	"83"	14	11
"14149     Mon. Dec 05, 2016          2          7          3     "	14149	2016-12-05	"Mon"	"Evening"	"273"	2	7	3	12	"27"	"73"	9	10
"14148     Mon. Dec 05, 2016          5          2          7     "	14148	2016-12-05	"Mon"	"Midday"	"527"	5	2	7	14	"52"	"27"	7	9
"14147     Sun. Dec 04, 2016          7          4          1     "	14147	2016-12-04	"Sun"	"Evening"	"741"	7	4	1	12	"74"	"41"	11	5
"14146     Sun. Dec 04, 2016          3          4          3     "	14146	2016-12-04	"Sun"	"Midday"	"343"	3	4	3	10	"34"	"43"	7	7
"14145     Sat. Dec 03, 2016          0          0          6     "	14145	2016-12-03	"Sat"	"Evening"	"006"	0	0	6	6	"00"	"06"	0	6
"14144     Sat. Dec 03, 2016          3          9          7     "	14144	2016-12-03	"Sat"	"Midday"	"397"	3	9	7	19	"39"	"97"	12	16
"14143     Fri. Dec 02, 2016          5          7          9     "	14143	2016-12-02	"Fri"	"Evening"	"579"	5	7	9	21	"57"	"79"	12	16
"14142     Fri. Dec 02, 2016          3          0          5     "	14142	2016-12-02	"Fri"	"Midday"	"305"	3	0	5	8	"30"	"05"	3	5
"14141     Thu. Dec 01, 2016          2          7          8     "	14141	2016-12-01	"Thu"	"Evening"	"278"	2	7	8	17	"27"	"78"	9	15
"14140     Thu. Dec 01, 2016          0          4          3     "	14140	2016-12-01	"Thu"	"Midday"	"043"	0	4	3	7	"04"	"43"	4	7
"14139     Wed. Nov 30, 2016          5          8          1     "	14139	2016-11-30	"Wed"	"Evening"	"581"	5	8	1	14	"58"	"81"	13	9
"14138     Wed. Nov 30, 2016          2          8          9     "	14138	2016-11-30	"Wed"	"Midday"	"289"	2	8	9	19	"28"	"89"	10	17
"14137     Tue. Nov 29, 2016          1          8          8     "	14137	2016-11-29	"Tue"	"Evening"	"188"	1	8	8	17	"18"	"88"	9	16
"14136     Tue. Nov 29, 2016          3          9          9     "	14136	2016-11-29	"Tue"	"Midday"	"399"	3	9	9	21	"39"	"99"	12	18
"14135     Mon. Nov 28, 2016          4          5          8     "	14135	2016-11-28	"Mon"	"Evening"	"458"	4	5	8	17	"45"	"58"	9	13
"14134     Mon. Nov 28, 2016          6          4          0     "	14134	2016-11-28	"Mon"	"Midday"	"640"	6	4	0	10	"64"	"40"	10	4
"14133     Sun. Nov 27, 2016          7          2          6     "	14133	2016-11-27	"Sun"	"Evening"	"726"	7	2	6	15	"72"	"26"	9	8
"14132     Sun. Nov 27, 2016          4          2          4     "	14132	2016-11-27	"Sun"	"Midday"	"424"	4	2	4	10	"42"	"24"	6	6
"14131     Sat. Nov 26, 2016          8          0          3     "	14131	2016-11-26	"Sat"	"Evening"	"803"	8	0	3	11	"80"	"03"	8	3
"14130     Sat. Nov 26, 2016          1          9          7     "	14130	2016-11-26	"Sat"	"Midday"	"197"	1	9	7	17	"19"	"97"	10	16
"14129     Fri. Nov 25, 2016          8          9          1     "	14129	2016-11-25	"Fri"	"Evening"	"891"	8	9	1	18	"89"	"91"	17	10
"14128     Fri. Nov 25, 2016          9          9          0     "	14128	2016-11-25	"Fri"	"Midday"	"990"	9	9	0	18	"99"	"90"	18	9
"14127     Thu. Nov 24, 2016          3          8          8     "	14127	2016-11-24	"Thu"	"Evening"	"388"	3	8	8	19	"38"	"88"	11	16
"14126     Thu. Nov 24, 2016          7          7          8     "	14126	2016-11-24	"Thu"	"Midday"	"778"	7	7	8	22	"77"	"78"	14	15
"14125     Wed. Nov 23, 2016          9          0          6     "	14125	2016-11-23	"Wed"	"Evening"	"906"	9	0	6	15	"90"	"06"	9	6
"14124     Wed. Nov 23, 2016          5          8          9     "	14124	2016-11-23	"Wed"	"Midday"	"589"	5	8	9	22	"58"	"89"	13	17
"14123     Tue. Nov 22, 2016          5          1          8     "	14123	2016-11-22	"Tue"	"Evening"	"518"	5	1	8	14	"51"	"18"	6	9
"14122     Tue. Nov 22, 2016          1          5          6     "	14122	2016-11-22	"Tue"	"Midday"	"156"	1	5	6	12	"15"	"56"	6	11
"14121     Mon. Nov 21, 2016          8          0          9     "	14121	2016-11-21	"Mon"	"Evening"	"809"	8	0	9	17	"80"	"09"	8	9
"14120     Mon. Nov 21, 2016          1          9          2     "	14120	2016-11-21	"Mon"	"Midday"	"192"	1	9	2	12	"19"	"92"	10	11
"14119     Sun. Nov 20, 2016          6          0          2     "	14119	2016-11-20	"Sun"	"Evening"	"602"	6	0	2	8	"60"	"02"	6	2
"14118     Sun. Nov 20, 2016          4          9          0     "	14118	2016-11-20	"Sun"	"Midday"	"490"	4	9	0	13	"49"	"90"	13	9
"14117     Sat. Nov 19, 2016          0          3          3     "	14117	2016-11-19	"Sat"	"Evening"	"033"	0	3	3	6	"03"	"33"	3	6
"14116     Sat. Nov 19, 2016          0          9          3     "	14116	2016-11-19	"Sat"	"Midday"	"093"	0	9	3	12	"09"	"93"	9	12
"14115     Fri. Nov 18, 2016          2          5          1     "	14115	2016-11-18	"Fri"	"Evening"	"251"	2	5	1	8	"25"	"51"	7	6
"14114     Fri. Nov 18, 2016          4          0          7     "	14114	2016-11-18	"Fri"	"Midday"	"407"	4	0	7	11	"40"	"07"	4	7
"14113     Thu. Nov 17, 2016          8          6          7     "	14113	2016-11-17	"Thu"	"Evening"	"867"	8	6	7	21	"86"	"67"	14	13
"14112     Thu. Nov 17, 2016          1          3          2     "	14112	2016-11-17	"Thu"	"Midday"	"132"	1	3	2	6	"13"	"32"	4	5
"14111     Wed. Nov 16, 2016          4          4          3     "	14111	2016-11-16	"Wed"	"Evening"	"443"	4	4	3	11	"44"	"43"	8	7
"14110     Wed. Nov 16, 2016          9          4          8     "	14110	2016-11-16	"Wed"	"Midday"	"948"	9	4	8	21	"94"	"48"	13	12
"14109     Tue. Nov 15, 2016          5          7          5     "	14109	2016-11-15	"Tue"	"Evening"	"575"	5	7	5	17	"57"	"75"	12	12
"14108     Tue. Nov 15, 2016          7          6          8     "	14108	2016-11-15	"Tue"	"Midday"	"768"	7	6	8	21	"76"	"68"	13	14
"14107     Mon. Nov 14, 2016          0          8          4     "	14107	2016-11-14	"Mon"	"Evening"	"084"	0	8	4	12	"08"	"84"	8	12
"14106     Mon. Nov 14, 2016          7          4          7     "	14106	2016-11-14	"Mon"	"Midday"	"747"	7	4	7	18	"74"	"47"	11	11
"14105     Sun. Nov 13, 2016          7          7          7     "	14105	2016-11-13	"Sun"	"Evening"	"777"	7	7	7	21	"77"	"77"	14	14
"14104     Sun. Nov 13, 2016          1          5          0     "	14104	2016-11-13	"Sun"	"Midday"	"150"	1	5	0	6	"15"	"50"	6	5
"14103     Sat. Nov 12, 2016          6          7          5     "	14103	2016-11-12	"Sat"	"Evening"	"675"	6	7	5	18	"67"	"75"	13	12
"14102     Sat. Nov 12, 2016          8          0          2     "	14102	2016-11-12	"Sat"	"Midday"	"802"	8	0	2	10	"80"	"02"	8	2
"14101     Fri. Nov 11, 2016          4          1          0     "	14101	2016-11-11	"Fri"	"Evening"	"410"	4	1	0	5	"41"	"10"	5	1
"14100     Fri. Nov 11, 2016          2          4          0     "	14100	2016-11-11	"Fri"	"Midday"	"240"	2	4	0	6	"24"	"40"	6	4
"14099     Thu. Nov 10, 2016          4          1          8     "	14099	2016-11-10	"Thu"	"Evening"	"418"	4	1	8	13	"41"	"18"	5	9
"14098     Thu. Nov 10, 2016          9          3          1     "	14098	2016-11-10	"Thu"	"Midday"	"931"	9	3	1	13	"93"	"31"	12	4
"14097     Wed. Nov 09, 2016          3          4          5     "	14097	2016-11-09	"Wed"	"Evening"	"345"	3	4	5	12	"34"	"45"	7	9
"14096     Wed. Nov 09, 2016          4          8          9     "	14096	2016-11-09	"Wed"	"Midday"	"489"	4	8	9	21	"48"	"89"	12	17
"14095     Tue. Nov 08, 2016          3          2          6     "	14095	2016-11-08	"Tue"	"Evening"	"326"	3	2	6	11	"32"	"26"	5	8
"14094     Tue. Nov 08, 2016          4          4          2     "	14094	2016-11-08	"Tue"	"Midday"	"442"	4	4	2	10	"44"	"42"	8	6
"14093     Mon. Nov 07, 2016          9          1          9     "	14093	2016-11-07	"Mon"	"Evening"	"919"	9	1	9	19	"91"	"19"	10	10
"14092     Mon. Nov 07, 2016          7          9          2     "	14092	2016-11-07	"Mon"	"Midday"	"792"	7	9	2	18	"79"	"92"	16	11
"14091     Sun. Nov 06, 2016          8          2          1     "	14091	2016-11-06	"Sun"	"Evening"	"821"	8	2	1	11	"82"	"21"	10	3
"14090     Sun. Nov 06, 2016          1          5          8     "	14090	2016-11-06	"Sun"	"Midday"	"158"	1	5	8	14	"15"	"58"	6	13
"14089     Sat. Nov 05, 2016          8          3          0     "	14089	2016-11-05	"Sat"	"Evening"	"830"	8	3	0	11	"83"	"30"	11	3
"14088     Sat. Nov 05, 2016          4          6          1     "	14088	2016-11-05	"Sat"	"Midday"	"461"	4	6	1	11	"46"	"61"	10	7
"14087     Fri. Nov 04, 2016          1          7          9     "	14087	2016-11-04	"Fri"	"Evening"	"179"	1	7	9	17	"17"	"79"	8	16
"14086     Fri. Nov 04, 2016          2          4          7     "	14086	2016-11-04	"Fri"	"Midday"	"247"	2	4	7	13	"24"	"47"	6	11
"14085     Thu. Nov 03, 2016          8          3          8     "	14085	2016-11-03	"Thu"	"Evening"	"838"	8	3	8	19	"83"	"38"	11	11
"14084     Thu. Nov 03, 2016          9          4          8     "	14084	2016-11-03	"Thu"	"Midday"	"948"	9	4	8	21	"94"	"48"	13	12
"14083     Wed. Nov 02, 2016          4          8          0     "	14083	2016-11-02	"Wed"	"Evening"	"480"	4	8	0	12	"48"	"80"	12	8
"14082     Wed. Nov 02, 2016          6          9          5     "	14082	2016-11-02	"Wed"	"Midday"	"695"	6	9	5	20	"69"	"95"	15	14
"14081     Tue. Nov 01, 2016          8          6          0     "	14081	2016-11-01	"Tue"	"Evening"	"860"	8	6	0	14	"86"	"60"	14	6
"14080     Tue. Nov 01, 2016          6          7          5     "	14080	2016-11-01	"Tue"	"Midday"	"675"	6	7	5	18	"67"	"75"	13	12
"14079     Mon. Oct 31, 2016          8          7          1     "	14079	2016-10-31	"Mon"	"Evening"	"871"	8	7	1	16	"87"	"71"	15	8
"14078     Mon. Oct 31, 2016          2          0          3     "	14078	2016-10-31	"Mon"	"Midday"	"203"	2	0	3	5	"20"	"03"	2	3
"14077     Sun. Oct 30, 2016          5          2          7     "	14077	2016-10-30	"Sun"	"Evening"	"527"	5	2	7	14	"52"	"27"	7	9
"14076     Sun. Oct 30, 2016          9          9          2     "	14076	2016-10-30	"Sun"	"Midday"	"992"	9	9	2	20	"99"	"92"	18	11
"14075     Sat. Oct 29, 2016          7          4          2     "	14075	2016-10-29	"Sat"	"Evening"	"742"	7	4	2	13	"74"	"42"	11	6
"14074     Sat. Oct 29, 2016          9          0          3     "	14074	2016-10-29	"Sat"	"Midday"	"903"	9	0	3	12	"90"	"03"	9	3
"14073     Fri. Oct 28, 2016          2          3          7     "	14073	2016-10-28	"Fri"	"Evening"	"237"	2	3	7	12	"23"	"37"	5	10
"14072     Fri. Oct 28, 2016          3          0          3     "	14072	2016-10-28	"Fri"	"Midday"	"303"	3	0	3	6	"30"	"03"	3	3
"14071     Thu. Oct 27, 2016          8          7          7     "	14071	2016-10-27	"Thu"	"Evening"	"877"	8	7	7	22	"87"	"77"	15	14
"14070     Thu. Oct 27, 2016          6          4          4     "	14070	2016-10-27	"Thu"	"Midday"	"644"	6	4	4	14	"64"	"44"	10	8
"14069     Wed. Oct 26, 2016          7          7          6     "	14069	2016-10-26	"Wed"	"Evening"	"776"	7	7	6	20	"77"	"76"	14	13
"14068     Wed. Oct 26, 2016          3          4          3     "	14068	2016-10-26	"Wed"	"Midday"	"343"	3	4	3	10	"34"	"43"	7	7
"14067     Tue. Oct 25, 2016          1          1          8     "	14067	2016-10-25	"Tue"	"Evening"	"118"	1	1	8	10	"11"	"18"	2	9
"14066     Tue. Oct 25, 2016          4          3          0     "	14066	2016-10-25	"Tue"	"Midday"	"430"	4	3	0	7	"43"	"30"	7	3
"14065     Mon. Oct 24, 2016          3          5          8     "	14065	2016-10-24	"Mon"	"Evening"	"358"	3	5	8	16	"35"	"58"	8	13
"14064     Mon. Oct 24, 2016          5          8          9     "	14064	2016-10-24	"Mon"	"Midday"	"589"	5	8	9	22	"58"	"89"	13	17
"14063     Sun. Oct 23, 2016          8          5          5     "	14063	2016-10-23	"Sun"	"Evening"	"855"	8	5	5	18	"85"	"55"	13	10
"14062     Sun. Oct 23, 2016          8          8          2     "	14062	2016-10-23	"Sun"	"Midday"	"882"	8	8	2	18	"88"	"82"	16	10
"14061     Sat. Oct 22, 2016          6          3          7     "	14061	2016-10-22	"Sat"	"Evening"	"637"	6	3	7	16	"63"	"37"	9	10
"14060     Sat. Oct 22, 2016          1          5          0     "	14060	2016-10-22	"Sat"	"Midday"	"150"	1	5	0	6	"15"	"50"	6	5
"14059     Fri. Oct 21, 2016          5          0          4     "	14059	2016-10-21	"Fri"	"Evening"	"504"	5	0	4	9	"50"	"04"	5	4
"14058     Fri. Oct 21, 2016          8          8          6     "	14058	2016-10-21	"Fri"	"Midday"	"886"	8	8	6	22	"88"	"86"	16	14
"14057     Thu. Oct 20, 2016          6          0          5     "	14057	2016-10-20	"Thu"	"Evening"	"605"	6	0	5	11	"60"	"05"	6	5
"14056     Thu. Oct 20, 2016          5          0          4     "	14056	2016-10-20	"Thu"	"Midday"	"504"	5	0	4	9	"50"	"04"	5	4
"14055     Wed. Oct 19, 2016          8          6          0     "	14055	2016-10-19	"Wed"	"Evening"	"860"	8	6	0	14	"86"	"60"	14	6
"14054     Wed. Oct 19, 2016          3          4          5     "	14054	2016-10-19	"Wed"	"Midday"	"345"	3	4	5	12	"34"	"45"	7	9
"14053     Tue. Oct 18, 2016          7          8          2     "	14053	2016-10-18	"Tue"	"Evening"	"782"	7	8	2	17	"78"	"82"	15	10
"14052     Tue. Oct 18, 2016          0          7          2     "	14052	2016-10-18	"Tue"	"Midday"	"072"	0	7	2	9	"07"	"72"	7	9
"14051     Mon. Oct 17, 2016          3          6          6     "	14051	2016-10-17	"Mon"	"Evening"	"366"	3	6	6	15	"36"	"66"	9	12
"14050     Mon. Oct 17, 2016          1          3          7     "	14050	2016-10-17	"Mon"	"Midday"	"137"	1	3	7	11	"13"	"37"	4	10
"14049     Sun. Oct 16, 2016          8          8          6     "	14049	2016-10-16	"Sun"	"Evening"	"886"	8	8	6	22	"88"	"86"	16	14
"14048     Sun. Oct 16, 2016          6          7          9     "	14048	2016-10-16	"Sun"	"Midday"	"679"	6	7	9	22	"67"	"79"	13	16
"14047     Sat. Oct 15, 2016          6          7          8     "	14047	2016-10-15	"Sat"	"Evening"	"678"	6	7	8	21	"67"	"78"	13	15
"14046     Sat. Oct 15, 2016          1          2          7     "	14046	2016-10-15	"Sat"	"Midday"	"127"	1	2	7	10	"12"	"27"	3	9
"14045     Fri. Oct 14, 2016          6          7          0     "	14045	2016-10-14	"Fri"	"Evening"	"670"	6	7	0	13	"67"	"70"	13	7
"14044     Fri. Oct 14, 2016          7          6          8     "	14044	2016-10-14	"Fri"	"Midday"	"768"	7	6	8	21	"76"	"68"	13	14
"14043     Thu. Oct 13, 2016          3          1          3     "	14043	2016-10-13	"Thu"	"Evening"	"313"	3	1	3	7	"31"	"13"	4	4
"14042     Thu. Oct 13, 2016          3          9          2     "	14042	2016-10-13	"Thu"	"Midday"	"392"	3	9	2	14	"39"	"92"	12	11
"14041     Wed. Oct 12, 2016          1          4          0     "	14041	2016-10-12	"Wed"	"Evening"	"140"	1	4	0	5	"14"	"40"	5	4
"14040     Wed. Oct 12, 2016          0          8          7     "	14040	2016-10-12	"Wed"	"Midday"	"087"	0	8	7	15	"08"	"87"	8	15
"14039     Tue. Oct 11, 2016          6          9          4     "	14039	2016-10-11	"Tue"	"Evening"	"694"	6	9	4	19	"69"	"94"	15	13
"14038     Tue. Oct 11, 2016          4          6          2     "	14038	2016-10-11	"Tue"	"Midday"	"462"	4	6	2	12	"46"	"62"	10	8
"14037     Mon. Oct 10, 2016          0          2          0     "	14037	2016-10-10	"Mon"	"Evening"	"020"	0	2	0	2	"02"	"20"	2	2
"14036     Mon. Oct 10, 2016          6          3          6     "	14036	2016-10-10	"Mon"	"Midday"	"636"	6	3	6	15	"63"	"36"	9	9
"14035     Sun. Oct 09, 2016          5          1          6     "	14035	2016-10-09	"Sun"	"Evening"	"516"	5	1	6	12	"51"	"16"	6	7
"14034     Sun. Oct 09, 2016          1          2          5     "	14034	2016-10-09	"Sun"	"Midday"	"125"	1	2	5	8	"12"	"25"	3	7
"14033     Sat. Oct 08, 2016          8          3          9     "	14033	2016-10-08	"Sat"	"Evening"	"839"	8	3	9	20	"83"	"39"	11	12
"14032     Sat. Oct 08, 2016          8          3          8     "	14032	2016-10-08	"Sat"	"Midday"	"838"	8	3	8	19	"83"	"38"	11	11
"14031     Fri. Oct 07, 2016          0          9          8     "	14031	2016-10-07	"Fri"	"Evening"	"098"	0	9	8	17	"09"	"98"	9	17
"14030     Fri. Oct 07, 2016          2          1          2     "	14030	2016-10-07	"Fri"	"Midday"	"212"	2	1	2	5	"21"	"12"	3	3
"14029     Thu. Oct 06, 2016          3          3          9     "	14029	2016-10-06	"Thu"	"Evening"	"339"	3	3	9	15	"33"	"39"	6	12
"14028     Thu. Oct 06, 2016          2          6          7     "	14028	2016-10-06	"Thu"	"Midday"	"267"	2	6	7	15	"26"	"67"	8	13
"14027     Wed. Oct 05, 2016          9          9          7     "	14027	2016-10-05	"Wed"	"Evening"	"997"	9	9	7	25	"99"	"97"	18	16
"14026     Wed. Oct 05, 2016          5          4          1     "	14026	2016-10-05	"Wed"	"Midday"	"541"	5	4	1	10	"54"	"41"	9	5
"14025     Tue. Oct 04, 2016          9          5          7     "	14025	2016-10-04	"Tue"	"Evening"	"957"	9	5	7	21	"95"	"57"	14	12
"14024     Tue. Oct 04, 2016          5          1          3     "	14024	2016-10-04	"Tue"	"Midday"	"513"	5	1	3	9	"51"	"13"	6	4
"14023     Mon. Oct 03, 2016          5          6          2     "	14023	2016-10-03	"Mon"	"Evening"	"562"	5	6	2	13	"56"	"62"	11	8
"14022     Mon. Oct 03, 2016          9          9          8     "	14022	2016-10-03	"Mon"	"Midday"	"998"	9	9	8	26	"99"	"98"	18	17
"14021     Sun. Oct 02, 2016          5          9          7     "	14021	2016-10-02	"Sun"	"Evening"	"597"	5	9	7	21	"59"	"97"	14	16
"14020     Sun. Oct 02, 2016          8          1          8     "	14020	2016-10-02	"Sun"	"Midday"	"818"	8	1	8	17	"81"	"18"	9	9
"14019     Sat. Oct 01, 2016          0          6          6     "	14019	2016-10-01	"Sat"	"Evening"	"066"	0	6	6	12	"06"	"66"	6	12
"14018     Sat. Oct 01, 2016          1          2          0     "	14018	2016-10-01	"Sat"	"Midday"	"120"	1	2	0	3	"12"	"20"	3	2
"14017     Fri. Sep 30, 2016          6          4          2     "	14017	2016-09-30	"Fri"	"Evening"	"642"	6	4	2	12	"64"	"42"	10	6
"14016     Fri. Sep 30, 2016          8          7          4     "	14016	2016-09-30	"Fri"	"Midday"	"874"	8	7	4	19	"87"	"74"	15	11
"14015     Thu. Sep 29, 2016          8          4          2     "	14015	2016-09-29	"Thu"	"Evening"	"842"	8	4	2	14	"84"	"42"	12	6
"14014     Thu. Sep 29, 2016          4          4          1     "	14014	2016-09-29	"Thu"	"Midday"	"441"	4	4	1	9	"44"	"41"	8	5
"14013     Wed. Sep 28, 2016          4          4          3     "	14013	2016-09-28	"Wed"	"Evening"	"443"	4	4	3	11	"44"	"43"	8	7
"14012     Wed. Sep 28, 2016          5          1          2     "	14012	2016-09-28	"Wed"	"Midday"	"512"	5	1	2	8	"51"	"12"	6	3
"14011     Tue. Sep 27, 2016          6          3          9     "	14011	2016-09-27	"Tue"	"Evening"	"639"	6	3	9	18	"63"	"39"	9	12
"14010     Tue. Sep 27, 2016          0          7          4     "	14010	2016-09-27	"Tue"	"Midday"	"074"	0	7	4	11	"07"	"74"	7	11
"14009     Mon. Sep 26, 2016          1          2          1     "	14009	2016-09-26	"Mon"	"Evening"	"121"	1	2	1	4	"12"	"21"	3	3
"14008     Mon. Sep 26, 2016          7          8          1     "	14008	2016-09-26	"Mon"	"Midday"	"781"	7	8	1	16	"78"	"81"	15	9
"14007     Sun. Sep 25, 2016          8          7          2     "	14007	2016-09-25	"Sun"	"Evening"	"872"	8	7	2	17	"87"	"72"	15	9
"14006     Sun. Sep 25, 2016          8          2          6     "	14006	2016-09-25	"Sun"	"Midday"	"826"	8	2	6	16	"82"	"26"	10	8
"14005     Sat. Sep 24, 2016          2          2          2     "	14005	2016-09-24	"Sat"	"Evening"	"222"	2	2	2	6	"22"	"22"	4	4
"14004     Sat. Sep 24, 2016          3          6          7     "	14004	2016-09-24	"Sat"	"Midday"	"367"	3	6	7	16	"36"	"67"	9	13
"14003     Fri. Sep 23, 2016          2          4          0     "	14003	2016-09-23	"Fri"	"Evening"	"240"	2	4	0	6	"24"	"40"	6	4
"14002     Fri. Sep 23, 2016          9          0          7     "	14002	2016-09-23	"Fri"	"Midday"	"907"	9	0	7	16	"90"	"07"	9	7
"14001     Thu. Sep 22, 2016          6          7          1     "	14001	2016-09-22	"Thu"	"Evening"	"671"	6	7	1	14	"67"	"71"	13	8
"14000     Thu. Sep 22, 2016          9          8          7     "	14000	2016-09-22	"Thu"	"Midday"	"987"	9	8	7	24	"98"	"87"	17	15
"13999     Wed. Sep 21, 2016          1          5          1     "	13999	2016-09-21	"Wed"	"Evening"	"151"	1	5	1	7	"15"	"51"	6	6
"13998     Wed. Sep 21, 2016          1          4          0     "	13998	2016-09-21	"Wed"	"Midday"	"140"	1	4	0	5	"14"	"40"	5	4
"13997     Tue. Sep 20, 2016          3          7          3     "	13997	2016-09-20	"Tue"	"Evening"	"373"	3	7	3	13	"37"	"73"	10	10
"13996     Tue. Sep 20, 2016          3          0          5     "	13996	2016-09-20	"Tue"	"Midday"	"305"	3	0	5	8	"30"	"05"	3	5
"13995     Mon. Sep 19, 2016          6          3          8     "	13995	2016-09-19	"Mon"	"Evening"	"638"	6	3	8	17	"63"	"38"	9	11
"13994     Mon. Sep 19, 2016          7          9          9     "	13994	2016-09-19	"Mon"	"Midday"	"799"	7	9	9	25	"79"	"99"	16	18
"13993     Sun. Sep 18, 2016          6          3          9     "	13993	2016-09-18	"Sun"	"Evening"	"639"	6	3	9	18	"63"	"39"	9	12
"13992     Sun. Sep 18, 2016          5          0          4     "	13992	2016-09-18	"Sun"	"Midday"	"504"	5	0	4	9	"50"	"04"	5	4
"13991     Sat. Sep 17, 2016          2          0          2     "	13991	2016-09-17	"Sat"	"Evening"	"202"	2	0	2	4	"20"	"02"	2	2
"13990     Sat. Sep 17, 2016          4          7          0     "	13990	2016-09-17	"Sat"	"Midday"	"470"	4	7	0	11	"47"	"70"	11	7
"13989     Fri. Sep 16, 2016          9          0          1     "	13989	2016-09-16	"Fri"	"Evening"	"901"	9	0	1	10	"90"	"01"	9	1
"13988     Fri. Sep 16, 2016          6          0          1     "	13988	2016-09-16	"Fri"	"Midday"	"601"	6	0	1	7	"60"	"01"	6	1
"13987     Thu. Sep 15, 2016          7          8          2     "	13987	2016-09-15	"Thu"	"Evening"	"782"	7	8	2	17	"78"	"82"	15	10
"13986     Thu. Sep 15, 2016          6          9          1     "	13986	2016-09-15	"Thu"	"Midday"	"691"	6	9	1	16	"69"	"91"	15	10
"13985     Wed. Sep 14, 2016          1          3          4     "	13985	2016-09-14	"Wed"	"Evening"	"134"	1	3	4	8	"13"	"34"	4	7
"13984     Wed. Sep 14, 2016          6          0          6     "	13984	2016-09-14	"Wed"	"Midday"	"606"	6	0	6	12	"60"	"06"	6	6
"13983     Tue. Sep 13, 2016          0          5          7     "	13983	2016-09-13	"Tue"	"Evening"	"057"	0	5	7	12	"05"	"57"	5	12
"13982     Tue. Sep 13, 2016          3          0          7     "	13982	2016-09-13	"Tue"	"Midday"	"307"	3	0	7	10	"30"	"07"	3	7
"13981     Mon. Sep 12, 2016          5          6          5     "	13981	2016-09-12	"Mon"	"Evening"	"565"	5	6	5	16	"56"	"65"	11	11
"13980     Mon. Sep 12, 2016          1          5          5     "	13980	2016-09-12	"Mon"	"Midday"	"155"	1	5	5	11	"15"	"55"	6	10
"13979     Sun. Sep 11, 2016          5          5          3     "	13979	2016-09-11	"Sun"	"Evening"	"553"	5	5	3	13	"55"	"53"	10	8
"13978     Sun. Sep 11, 2016          0          3          0     "	13978	2016-09-11	"Sun"	"Midday"	"030"	0	3	0	3	"03"	"30"	3	3
"13977     Sat. Sep 10, 2016          1          5          3     "	13977	2016-09-10	"Sat"	"Evening"	"153"	1	5	3	9	"15"	"53"	6	8
"13976     Sat. Sep 10, 2016          3          6          9     "	13976	2016-09-10	"Sat"	"Midday"	"369"	3	6	9	18	"36"	"69"	9	15
"13975     Fri. Sep 09, 2016          7          0          2     "	13975	2016-09-09	"Fri"	"Evening"	"702"	7	0	2	9	"70"	"02"	7	2
"13974     Fri. Sep 09, 2016          8          8          5     "	13974	2016-09-09	"Fri"	"Midday"	"885"	8	8	5	21	"88"	"85"	16	13
"13973     Thu. Sep 08, 2016          1          7          4     "	13973	2016-09-08	"Thu"	"Evening"	"174"	1	7	4	12	"17"	"74"	8	11
"13972     Thu. Sep 08, 2016          8          7          2     "	13972	2016-09-08	"Thu"	"Midday"	"872"	8	7	2	17	"87"	"72"	15	9
"13971     Wed. Sep 07, 2016          8          3          8     "	13971	2016-09-07	"Wed"	"Evening"	"838"	8	3	8	19	"83"	"38"	11	11
"13970     Wed. Sep 07, 2016          6          8          0     "	13970	2016-09-07	"Wed"	"Midday"	"680"	6	8	0	14	"68"	"80"	14	8
"13969     Tue. Sep 06, 2016          1          2          3     "	13969	2016-09-06	"Tue"	"Evening"	"123"	1	2	3	6	"12"	"23"	3	5
"13968     Tue. Sep 06, 2016          3          3          1     "	13968	2016-09-06	"Tue"	"Midday"	"331"	3	3	1	7	"33"	"31"	6	4
"13967     Mon. Sep 05, 2016          5          6          7     "	13967	2016-09-05	"Mon"	"Evening"	"567"	5	6	7	18	"56"	"67"	11	13
"13966     Mon. Sep 05, 2016          2          7          2     "	13966	2016-09-05	"Mon"	"Midday"	"272"	2	7	2	11	"27"	"72"	9	9
"13965     Sun. Sep 04, 2016          7          2          1     "	13965	2016-09-04	"Sun"	"Evening"	"721"	7	2	1	10	"72"	"21"	9	3
"13964     Sun. Sep 04, 2016          9          0          5     "	13964	2016-09-04	"Sun"	"Midday"	"905"	9	0	5	14	"90"	"05"	9	5
"13963     Sat. Sep 03, 2016          5          8          8     "	13963	2016-09-03	"Sat"	"Evening"	"588"	5	8	8	21	"58"	"88"	13	16
"13962     Sat. Sep 03, 2016          8          8          8     "	13962	2016-09-03	"Sat"	"Midday"	"888"	8	8	8	24	"88"	"88"	16	16
"13961     Fri. Sep 02, 2016          2          6          4     "	13961	2016-09-02	"Fri"	"Evening"	"264"	2	6	4	12	"26"	"64"	8	10
"13960     Fri. Sep 02, 2016          0          2          6     "	13960	2016-09-02	"Fri"	"Midday"	"026"	0	2	6	8	"02"	"26"	2	8
"13959     Thu. Sep 01, 2016          5          5          2     "	13959	2016-09-01	"Thu"	"Evening"	"552"	5	5	2	12	"55"	"52"	10	7
"13958     Thu. Sep 01, 2016          9          5          8     "	13958	2016-09-01	"Thu"	"Midday"	"958"	9	5	8	22	"95"	"58"	14	13
"13957     Wed. Aug 31, 2016          0          0          4     "	13957	2016-08-31	"Wed"	"Evening"	"004"	0	0	4	4	"00"	"04"	0	4
"13956     Wed. Aug 31, 2016          3          5          8     "	13956	2016-08-31	"Wed"	"Midday"	"358"	3	5	8	16	"35"	"58"	8	13
"13955     Tue. Aug 30, 2016          8          9          9     "	13955	2016-08-30	"Tue"	"Evening"	"899"	8	9	9	26	"89"	"99"	17	18
"13954     Tue. Aug 30, 2016          0          7          1     "	13954	2016-08-30	"Tue"	"Midday"	"071"	0	7	1	8	"07"	"71"	7	8
"13953     Mon. Aug 29, 2016          1          0          6     "	13953	2016-08-29	"Mon"	"Evening"	"106"	1	0	6	7	"10"	"06"	1	6
"13952     Mon. Aug 29, 2016          9          9          4     "	13952	2016-08-29	"Mon"	"Midday"	"994"	9	9	4	22	"99"	"94"	18	13
"13951     Sun. Aug 28, 2016          3          9          5     "	13951	2016-08-28	"Sun"	"Evening"	"395"	3	9	5	17	"39"	"95"	12	14
"13950     Sun. Aug 28, 2016          3          7          9     "	13950	2016-08-28	"Sun"	"Midday"	"379"	3	7	9	19	"37"	"79"	10	16
"13949     Sat. Aug 27, 2016          7          9          7     "	13949	2016-08-27	"Sat"	"Evening"	"797"	7	9	7	23	"79"	"97"	16	16
"13948     Sat. Aug 27, 2016          2          6          8     "	13948	2016-08-27	"Sat"	"Midday"	"268"	2	6	8	16	"26"	"68"	8	14
"13947     Fri. Aug 26, 2016          5          5          0     "	13947	2016-08-26	"Fri"	"Evening"	"550"	5	5	0	10	"55"	"50"	10	5
"13946     Fri. Aug 26, 2016          8          7          4     "	13946	2016-08-26	"Fri"	"Midday"	"874"	8	7	4	19	"87"	"74"	15	11
"13945     Thu. Aug 25, 2016          4          4          3     "	13945	2016-08-25	"Thu"	"Evening"	"443"	4	4	3	11	"44"	"43"	8	7
"13944     Thu. Aug 25, 2016          3          0          6     "	13944	2016-08-25	"Thu"	"Midday"	"306"	3	0	6	9	"30"	"06"	3	6
"13943     Wed. Aug 24, 2016          2          5          3     "	13943	2016-08-24	"Wed"	"Evening"	"253"	2	5	3	10	"25"	"53"	7	8
"13942     Wed. Aug 24, 2016          1          6          8     "	13942	2016-08-24	"Wed"	"Midday"	"168"	1	6	8	15	"16"	"68"	7	14
"13941     Tue. Aug 23, 2016          8          3          7     "	13941	2016-08-23	"Tue"	"Evening"	"837"	8	3	7	18	"83"	"37"	11	10
"13940     Tue. Aug 23, 2016          3          7          1     "	13940	2016-08-23	"Tue"	"Midday"	"371"	3	7	1	11	"37"	"71"	10	8
"13939     Mon. Aug 22, 2016          7          9          5     "	13939	2016-08-22	"Mon"	"Evening"	"795"	7	9	5	21	"79"	"95"	16	14
"13938     Mon. Aug 22, 2016          1          0          1     "	13938	2016-08-22	"Mon"	"Midday"	"101"	1	0	1	2	"10"	"01"	1	1
"13937     Sun. Aug 21, 2016          9          8          4     "	13937	2016-08-21	"Sun"	"Evening"	"984"	9	8	4	21	"98"	"84"	17	12
"13936     Sun. Aug 21, 2016          4          4          1     "	13936	2016-08-21	"Sun"	"Midday"	"441"	4	4	1	9	"44"	"41"	8	5
"13935     Sat. Aug 20, 2016          2          1          7     "	13935	2016-08-20	"Sat"	"Evening"	"217"	2	1	7	10	"21"	"17"	3	8
"13934     Sat. Aug 20, 2016          5          0          2     "	13934	2016-08-20	"Sat"	"Midday"	"502"	5	0	2	7	"50"	"02"	5	2
"13933     Fri. Aug 19, 2016          0          0          7     "	13933	2016-08-19	"Fri"	"Evening"	"007"	0	0	7	7	"00"	"07"	0	7
"13932     Fri. Aug 19, 2016          8          8          5     "	13932	2016-08-19	"Fri"	"Midday"	"885"	8	8	5	21	"88"	"85"	16	13
"13931     Thu. Aug 18, 2016          9          2          7     "	13931	2016-08-18	"Thu"	"Evening"	"927"	9	2	7	18	"92"	"27"	11	9
"13930     Thu. Aug 18, 2016          7          6          2     "	13930	2016-08-18	"Thu"	"Midday"	"762"	7	6	2	15	"76"	"62"	13	8
"13929     Wed. Aug 17, 2016          4          6          0     "	13929	2016-08-17	"Wed"	"Evening"	"460"	4	6	0	10	"46"	"60"	10	6
"13928     Wed. Aug 17, 2016          5          8          7     "	13928	2016-08-17	"Wed"	"Midday"	"587"	5	8	7	20	"58"	"87"	13	15
"13927     Tue. Aug 16, 2016          5          7          5     "	13927	2016-08-16	"Tue"	"Evening"	"575"	5	7	5	17	"57"	"75"	12	12
"13926     Tue. Aug 16, 2016          7          4          6     "	13926	2016-08-16	"Tue"	"Midday"	"746"	7	4	6	17	"74"	"46"	11	10
"13925     Mon. Aug 15, 2016          3          3          3     "	13925	2016-08-15	"Mon"	"Evening"	"333"	3	3	3	9	"33"	"33"	6	6
"13924     Mon. Aug 15, 2016          3          6          0     "	13924	2016-08-15	"Mon"	"Midday"	"360"	3	6	0	9	"36"	"60"	9	6
"13923     Sun. Aug 14, 2016          9          5          7     "	13923	2016-08-14	"Sun"	"Evening"	"957"	9	5	7	21	"95"	"57"	14	12
"13922     Sun. Aug 14, 2016          5          6          6     "	13922	2016-08-14	"Sun"	"Midday"	"566"	5	6	6	17	"56"	"66"	11	12
"13921     Sat. Aug 13, 2016          0          3          7     "	13921	2016-08-13	"Sat"	"Evening"	"037"	0	3	7	10	"03"	"37"	3	10
"13920     Sat. Aug 13, 2016          6          4          2     "	13920	2016-08-13	"Sat"	"Midday"	"642"	6	4	2	12	"64"	"42"	10	6
"13919     Fri. Aug 12, 2016          0          8          6     "	13919	2016-08-12	"Fri"	"Evening"	"086"	0	8	6	14	"08"	"86"	8	14
"13918     Fri. Aug 12, 2016          7          6          4     "	13918	2016-08-12	"Fri"	"Midday"	"764"	7	6	4	17	"76"	"64"	13	10
"13917     Thu. Aug 11, 2016          5          1          3     "	13917	2016-08-11	"Thu"	"Evening"	"513"	5	1	3	9	"51"	"13"	6	4
"13916     Thu. Aug 11, 2016          3          2          9     "	13916	2016-08-11	"Thu"	"Midday"	"329"	3	2	9	14	"32"	"29"	5	11
"13915     Wed. Aug 10, 2016          2          8          5     "	13915	2016-08-10	"Wed"	"Evening"	"285"	2	8	5	15	"28"	"85"	10	13
"13914     Wed. Aug 10, 2016          7          4          6     "	13914	2016-08-10	"Wed"	"Midday"	"746"	7	4	6	17	"74"	"46"	11	10
"13913     Tue. Aug 09, 2016          3          5          9     "	13913	2016-08-09	"Tue"	"Evening"	"359"	3	5	9	17	"35"	"59"	8	14
"13912     Tue. Aug 09, 2016          5          5          1     "	13912	2016-08-09	"Tue"	"Midday"	"551"	5	5	1	11	"55"	"51"	10	6
"13911     Mon. Aug 08, 2016          6          8          2     "	13911	2016-08-08	"Mon"	"Evening"	"682"	6	8	2	16	"68"	"82"	14	10
"13910     Mon. Aug 08, 2016          6          7          3     "	13910	2016-08-08	"Mon"	"Midday"	"673"	6	7	3	16	"67"	"73"	13	10
"13909     Sun. Aug 07, 2016          0          5          2     "	13909	2016-08-07	"Sun"	"Evening"	"052"	0	5	2	7	"05"	"52"	5	7
"13908     Sun. Aug 07, 2016          3          6          4     "	13908	2016-08-07	"Sun"	"Midday"	"364"	3	6	4	13	"36"	"64"	9	10
"13907     Sat. Aug 06, 2016          8          0          6     "	13907	2016-08-06	"Sat"	"Evening"	"806"	8	0	6	14	"80"	"06"	8	6
"13906     Sat. Aug 06, 2016          4          4          7     "	13906	2016-08-06	"Sat"	"Midday"	"447"	4	4	7	15	"44"	"47"	8	11
"13905     Fri. Aug 05, 2016          7          5          2     "	13905	2016-08-05	"Fri"	"Evening"	"752"	7	5	2	14	"75"	"52"	12	7
"13904     Fri. Aug 05, 2016          9          7          0     "	13904	2016-08-05	"Fri"	"Midday"	"970"	9	7	0	16	"97"	"70"	16	7
"13903     Thu. Aug 04, 2016          7          1          3     "	13903	2016-08-04	"Thu"	"Evening"	"713"	7	1	3	11	"71"	"13"	8	4
"13902     Thu. Aug 04, 2016          3          9          9     "	13902	2016-08-04	"Thu"	"Midday"	"399"	3	9	9	21	"39"	"99"	12	18
"13901     Wed. Aug 03, 2016          2          8          6     "	13901	2016-08-03	"Wed"	"Evening"	"286"	2	8	6	16	"28"	"86"	10	14
"13900     Wed. Aug 03, 2016          2          9          3     "	13900	2016-08-03	"Wed"	"Midday"	"293"	2	9	3	14	"29"	"93"	11	12
"13899     Tue. Aug 02, 2016          2          1          3     "	13899	2016-08-02	"Tue"	"Evening"	"213"	2	1	3	6	"21"	"13"	3	4
"13898     Tue. Aug 02, 2016          8          9          2     "	13898	2016-08-02	"Tue"	"Midday"	"892"	8	9	2	19	"89"	"92"	17	11
"13897     Mon. Aug 01, 2016          3          0          3     "	13897	2016-08-01	"Mon"	"Evening"	"303"	3	0	3	6	"30"	"03"	3	3
"13896     Mon. Aug 01, 2016          9          4          5     "	13896	2016-08-01	"Mon"	"Midday"	"945"	9	4	5	18	"94"	"45"	13	9
"13895     Sun. Jul 31, 2016          2          3          8     "	13895	2016-07-31	"Sun"	"Evening"	"238"	2	3	8	13	"23"	"38"	5	11
"13894     Sun. Jul 31, 2016          1          7          0     "	13894	2016-07-31	"Sun"	"Midday"	"170"	1	7	0	8	"17"	"70"	8	7
"13893     Sat. Jul 30, 2016          5          0          5     "	13893	2016-07-30	"Sat"	"Evening"	"505"	5	0	5	10	"50"	"05"	5	5
"13892     Sat. Jul 30, 2016          4          4          7     "	13892	2016-07-30	"Sat"	"Midday"	"447"	4	4	7	15	"44"	"47"	8	11
"13891     Fri. Jul 29, 2016          7          3          5     "	13891	2016-07-29	"Fri"	"Evening"	"735"	7	3	5	15	"73"	"35"	10	8
"13890     Fri. Jul 29, 2016          5          8          1     "	13890	2016-07-29	"Fri"	"Midday"	"581"	5	8	1	14	"58"	"81"	13	9
"13889     Thu. Jul 28, 2016          9          9          3     "	13889	2016-07-28	"Thu"	"Evening"	"993"	9	9	3	21	"99"	"93"	18	12
"13888     Thu. Jul 28, 2016          4          9          2     "	13888	2016-07-28	"Thu"	"Midday"	"492"	4	9	2	15	"49"	"92"	13	11
"13887     Wed. Jul 27, 2016          7          5          3     "	13887	2016-07-27	"Wed"	"Evening"	"753"	7	5	3	15	"75"	"53"	12	8
"13886     Wed. Jul 27, 2016          4          4          5     "	13886	2016-07-27	"Wed"	"Midday"	"445"	4	4	5	13	"44"	"45"	8	9
"13885     Tue. Jul 26, 2016          1          5          1     "	13885	2016-07-26	"Tue"	"Evening"	"151"	1	5	1	7	"15"	"51"	6	6
"13884     Tue. Jul 26, 2016          8          2          0     "	13884	2016-07-26	"Tue"	"Midday"	"820"	8	2	0	10	"82"	"20"	10	2
"13883     Mon. Jul 25, 2016          5          1          5     "	13883	2016-07-25	"Mon"	"Evening"	"515"	5	1	5	11	"51"	"15"	6	6
"13882     Mon. Jul 25, 2016          0          3          0     "	13882	2016-07-25	"Mon"	"Midday"	"030"	0	3	0	3	"03"	"30"	3	3
"13881     Sun. Jul 24, 2016          3          3          5     "	13881	2016-07-24	"Sun"	"Evening"	"335"	3	3	5	11	"33"	"35"	6	8
"13880     Sun. Jul 24, 2016          8          5          2     "	13880	2016-07-24	"Sun"	"Midday"	"852"	8	5	2	15	"85"	"52"	13	7
"13879     Sat. Jul 23, 2016          9          9          0     "	13879	2016-07-23	"Sat"	"Evening"	"990"	9	9	0	18	"99"	"90"	18	9
"13878     Sat. Jul 23, 2016          3          4          4     "	13878	2016-07-23	"Sat"	"Midday"	"344"	3	4	4	11	"34"	"44"	7	8
"13877     Fri. Jul 22, 2016          3          3          6     "	13877	2016-07-22	"Fri"	"Evening"	"336"	3	3	6	12	"33"	"36"	6	9
"13876     Fri. Jul 22, 2016          6          0          7     "	13876	2016-07-22	"Fri"	"Midday"	"607"	6	0	7	13	"60"	"07"	6	7
"13875     Thu. Jul 21, 2016          2          7          8     "	13875	2016-07-21	"Thu"	"Evening"	"278"	2	7	8	17	"27"	"78"	9	15
"13874     Thu. Jul 21, 2016          0          6          3     "	13874	2016-07-21	"Thu"	"Midday"	"063"	0	6	3	9	"06"	"63"	6	9
"13873     Wed. Jul 20, 2016          4          3          8     "	13873	2016-07-20	"Wed"	"Evening"	"438"	4	3	8	15	"43"	"38"	7	11
"13872     Wed. Jul 20, 2016          2          9          7     "	13872	2016-07-20	"Wed"	"Midday"	"297"	2	9	7	18	"29"	"97"	11	16
"13871     Tue. Jul 19, 2016          4          1          5     "	13871	2016-07-19	"Tue"	"Evening"	"415"	4	1	5	10	"41"	"15"	5	6
"13870     Tue. Jul 19, 2016          1          9          0     "	13870	2016-07-19	"Tue"	"Midday"	"190"	1	9	0	10	"19"	"90"	10	9
"13869     Mon. Jul 18, 2016          0          9          6     "	13869	2016-07-18	"Mon"	"Evening"	"096"	0	9	6	15	"09"	"96"	9	15
"13868     Mon. Jul 18, 2016          9          7          8     "	13868	2016-07-18	"Mon"	"Midday"	"978"	9	7	8	24	"97"	"78"	16	15
"13867     Sun. Jul 17, 2016          9          4          2     "	13867	2016-07-17	"Sun"	"Evening"	"942"	9	4	2	15	"94"	"42"	13	6
"13866     Sun. Jul 17, 2016          8          6          5     "	13866	2016-07-17	"Sun"	"Midday"	"865"	8	6	5	19	"86"	"65"	14	11
"13865     Sat. Jul 16, 2016          6          0          7     "	13865	2016-07-16	"Sat"	"Evening"	"607"	6	0	7	13	"60"	"07"	6	7
"13864     Sat. Jul 16, 2016          4          4          9     "	13864	2016-07-16	"Sat"	"Midday"	"449"	4	4	9	17	"44"	"49"	8	13
"13863     Fri. Jul 15, 2016          4          3          9     "	13863	2016-07-15	"Fri"	"Evening"	"439"	4	3	9	16	"43"	"39"	7	12
"13862     Fri. Jul 15, 2016          1          0          8     "	13862	2016-07-15	"Fri"	"Midday"	"108"	1	0	8	9	"10"	"08"	1	8
"13861     Thu. Jul 14, 2016          1          2          5     "	13861	2016-07-14	"Thu"	"Evening"	"125"	1	2	5	8	"12"	"25"	3	7
"13860     Thu. Jul 14, 2016          6          7          1     "	13860	2016-07-14	"Thu"	"Midday"	"671"	6	7	1	14	"67"	"71"	13	8
"13859     Wed. Jul 13, 2016          9          9          7     "	13859	2016-07-13	"Wed"	"Evening"	"997"	9	9	7	25	"99"	"97"	18	16
"13858     Wed. Jul 13, 2016          6          7          7     "	13858	2016-07-13	"Wed"	"Midday"	"677"	6	7	7	20	"67"	"77"	13	14
"13857     Tue. Jul 12, 2016          7          5          0     "	13857	2016-07-12	"Tue"	"Evening"	"750"	7	5	0	12	"75"	"50"	12	5
"13856     Tue. Jul 12, 2016          0          8          6     "	13856	2016-07-12	"Tue"	"Midday"	"086"	0	8	6	14	"08"	"86"	8	14
"13855     Mon. Jul 11, 2016          5          3          5     "	13855	2016-07-11	"Mon"	"Evening"	"535"	5	3	5	13	"53"	"35"	8	8
"13854     Mon. Jul 11, 2016          4          9          3     "	13854	2016-07-11	"Mon"	"Midday"	"493"	4	9	3	16	"49"	"93"	13	12
"13853     Sun. Jul 10, 2016          4          4          1     "	13853	2016-07-10	"Sun"	"Evening"	"441"	4	4	1	9	"44"	"41"	8	5
"13852     Sun. Jul 10, 2016          9          4          3     "	13852	2016-07-10	"Sun"	"Midday"	"943"	9	4	3	16	"94"	"43"	13	7
"13851     Sat. Jul 09, 2016          8          9          7     "	13851	2016-07-09	"Sat"	"Evening"	"897"	8	9	7	24	"89"	"97"	17	16
"13850     Sat. Jul 09, 2016          9          2          8     "	13850	2016-07-09	"Sat"	"Midday"	"928"	9	2	8	19	"92"	"28"	11	10
"13849     Fri. Jul 08, 2016          1          4          1     "	13849	2016-07-08	"Fri"	"Evening"	"141"	1	4	1	6	"14"	"41"	5	5
"13848     Fri. Jul 08, 2016          3          6          8     "	13848	2016-07-08	"Fri"	"Midday"	"368"	3	6	8	17	"36"	"68"	9	14
"13847     Thu. Jul 07, 2016          3          3          2     "	13847	2016-07-07	"Thu"	"Evening"	"332"	3	3	2	8	"33"	"32"	6	5
"13846     Thu. Jul 07, 2016          7          6          3     "	13846	2016-07-07	"Thu"	"Midday"	"763"	7	6	3	16	"76"	"63"	13	9
"13845     Wed. Jul 06, 2016          3          4          0     "	13845	2016-07-06	"Wed"	"Evening"	"340"	3	4	0	7	"34"	"40"	7	4
"13844     Wed. Jul 06, 2016          7          9          1     "	13844	2016-07-06	"Wed"	"Midday"	"791"	7	9	1	17	"79"	"91"	16	10
"13843     Tue. Jul 05, 2016          5          7          2     "	13843	2016-07-05	"Tue"	"Evening"	"572"	5	7	2	14	"57"	"72"	12	9
"13842     Tue. Jul 05, 2016          8          2          3     "	13842	2016-07-05	"Tue"	"Midday"	"823"	8	2	3	13	"82"	"23"	10	5
"13841     Mon. Jul 04, 2016          4          4          2     "	13841	2016-07-04	"Mon"	"Evening"	"442"	4	4	2	10	"44"	"42"	8	6
"13840     Mon. Jul 04, 2016          6          2          9     "	13840	2016-07-04	"Mon"	"Midday"	"629"	6	2	9	17	"62"	"29"	8	11
"13839     Sun. Jul 03, 2016          4          2          2     "	13839	2016-07-03	"Sun"	"Evening"	"422"	4	2	2	8	"42"	"22"	6	4
"13838     Sun. Jul 03, 2016          0          2          6     "	13838	2016-07-03	"Sun"	"Midday"	"026"	0	2	6	8	"02"	"26"	2	8
"13837     Sat. Jul 02, 2016          5          8          5     "	13837	2016-07-02	"Sat"	"Evening"	"585"	5	8	5	18	"58"	"85"	13	13
"13836     Sat. Jul 02, 2016          9          3          5     "	13836	2016-07-02	"Sat"	"Midday"	"935"	9	3	5	17	"93"	"35"	12	8
"13835     Fri. Jul 01, 2016          6          0          2     "	13835	2016-07-01	"Fri"	"Evening"	"602"	6	0	2	8	"60"	"02"	6	2
"13834     Fri. Jul 01, 2016          7          7          5     "	13834	2016-07-01	"Fri"	"Midday"	"775"	7	7	5	19	"77"	"75"	14	12
"13833     Thu. Jun 30, 2016          8          8          6     "	13833	2016-06-30	"Thu"	"Evening"	"886"	8	8	6	22	"88"	"86"	16	14
"13832     Thu. Jun 30, 2016          4          7          3     "	13832	2016-06-30	"Thu"	"Midday"	"473"	4	7	3	14	"47"	"73"	11	10
"13831     Wed. Jun 29, 2016          5          5          4     "	13831	2016-06-29	"Wed"	"Evening"	"554"	5	5	4	14	"55"	"54"	10	9
"13830     Wed. Jun 29, 2016          8          6          6     "	13830	2016-06-29	"Wed"	"Midday"	"866"	8	6	6	20	"86"	"66"	14	12
"13829     Tue. Jun 28, 2016          5          2          6     "	13829	2016-06-28	"Tue"	"Evening"	"526"	5	2	6	13	"52"	"26"	7	8
"13828     Tue. Jun 28, 2016          6          3          0     "	13828	2016-06-28	"Tue"	"Midday"	"630"	6	3	0	9	"63"	"30"	9	3
"13827     Mon. Jun 27, 2016          0          6          4     "	13827	2016-06-27	"Mon"	"Evening"	"064"	0	6	4	10	"06"	"64"	6	10
"13826     Mon. Jun 27, 2016          9          8          8     "	13826	2016-06-27	"Mon"	"Midday"	"988"	9	8	8	25	"98"	"88"	17	16
"13825     Sun. Jun 26, 2016          8          1          8     "	13825	2016-06-26	"Sun"	"Evening"	"818"	8	1	8	17	"81"	"18"	9	9
"13824     Sun. Jun 26, 2016          9          5          7     "	13824	2016-06-26	"Sun"	"Midday"	"957"	9	5	7	21	"95"	"57"	14	12
"13823     Sat. Jun 25, 2016          1          8          4     "	13823	2016-06-25	"Sat"	"Evening"	"184"	1	8	4	13	"18"	"84"	9	12
"13822     Sat. Jun 25, 2016          1          0          2     "	13822	2016-06-25	"Sat"	"Midday"	"102"	1	0	2	3	"10"	"02"	1	2
"13821     Fri. Jun 24, 2016          3          0          1     "	13821	2016-06-24	"Fri"	"Evening"	"301"	3	0	1	4	"30"	"01"	3	1
"13820     Fri. Jun 24, 2016          6          2          6     "	13820	2016-06-24	"Fri"	"Midday"	"626"	6	2	6	14	"62"	"26"	8	8
"13819     Thu. Jun 23, 2016          8          5          3     "	13819	2016-06-23	"Thu"	"Evening"	"853"	8	5	3	16	"85"	"53"	13	8
"13818     Thu. Jun 23, 2016          9          3          7     "	13818	2016-06-23	"Thu"	"Midday"	"937"	9	3	7	19	"93"	"37"	12	10
"13817     Wed. Jun 22, 2016          2          2          1     "	13817	2016-06-22	"Wed"	"Evening"	"221"	2	2	1	5	"22"	"21"	4	3
"13816     Wed. Jun 22, 2016          4          9          4     "	13816	2016-06-22	"Wed"	"Midday"	"494"	4	9	4	17	"49"	"94"	13	13
"13815     Tue. Jun 21, 2016          5          2          0     "	13815	2016-06-21	"Tue"	"Evening"	"520"	5	2	0	7	"52"	"20"	7	2
"13814     Tue. Jun 21, 2016          0          3          2     "	13814	2016-06-21	"Tue"	"Midday"	"032"	0	3	2	5	"03"	"32"	3	5
"13813     Mon. Jun 20, 2016          8          4          4     "	13813	2016-06-20	"Mon"	"Evening"	"844"	8	4	4	16	"84"	"44"	12	8
"13812     Mon. Jun 20, 2016          8          1          7     "	13812	2016-06-20	"Mon"	"Midday"	"817"	8	1	7	16	"81"	"17"	9	8
"13811     Sun. Jun 19, 2016          4          8          8     "	13811	2016-06-19	"Sun"	"Evening"	"488"	4	8	8	20	"48"	"88"	12	16
"13810     Sun. Jun 19, 2016          8          1          5     "	13810	2016-06-19	"Sun"	"Midday"	"815"	8	1	5	14	"81"	"15"	9	6
"13809     Sat. Jun 18, 2016          5          6          8     "	13809	2016-06-18	"Sat"	"Evening"	"568"	5	6	8	19	"56"	"68"	11	14
"13808     Sat. Jun 18, 2016          9          1          7     "	13808	2016-06-18	"Sat"	"Midday"	"917"	9	1	7	17	"91"	"17"	10	8
"13807     Fri. Jun 17, 2016          7          3          3     "	13807	2016-06-17	"Fri"	"Evening"	"733"	7	3	3	13	"73"	"33"	10	6
"13806     Fri. Jun 17, 2016          1          3          0     "	13806	2016-06-17	"Fri"	"Midday"	"130"	1	3	0	4	"13"	"30"	4	3
"13805     Thu. Jun 16, 2016          8          0          4     "	13805	2016-06-16	"Thu"	"Evening"	"804"	8	0	4	12	"80"	"04"	8	4
"13804     Thu. Jun 16, 2016          2          1          4     "	13804	2016-06-16	"Thu"	"Midday"	"214"	2	1	4	7	"21"	"14"	3	5
"13803     Wed. Jun 15, 2016          0          1          8     "	13803	2016-06-15	"Wed"	"Evening"	"018"	0	1	8	9	"01"	"18"	1	9
"13802     Wed. Jun 15, 2016          8          5          6     "	13802	2016-06-15	"Wed"	"Midday"	"856"	8	5	6	19	"85"	"56"	13	11
"13801     Tue. Jun 14, 2016          1          2          1     "	13801	2016-06-14	"Tue"	"Evening"	"121"	1	2	1	4	"12"	"21"	3	3
"13800     Tue. Jun 14, 2016          1          6          1     "	13800	2016-06-14	"Tue"	"Midday"	"161"	1	6	1	8	"16"	"61"	7	7
"13799     Mon. Jun 13, 2016          2          9          9     "	13799	2016-06-13	"Mon"	"Evening"	"299"	2	9	9	20	"29"	"99"	11	18
"13798     Mon. Jun 13, 2016          1          7          0     "	13798	2016-06-13	"Mon"	"Midday"	"170"	1	7	0	8	"17"	"70"	8	7
"13797     Sun. Jun 12, 2016          6          6          4     "	13797	2016-06-12	"Sun"	"Evening"	"664"	6	6	4	16	"66"	"64"	12	10
"13796     Sun. Jun 12, 2016          1          5          4     "	13796	2016-06-12	"Sun"	"Midday"	"154"	1	5	4	10	"15"	"54"	6	9
"13795     Sat. Jun 11, 2016          2          6          1     "	13795	2016-06-11	"Sat"	"Evening"	"261"	2	6	1	9	"26"	"61"	8	7
"13794     Sat. Jun 11, 2016          1          0          7     "	13794	2016-06-11	"Sat"	"Midday"	"107"	1	0	7	8	"10"	"07"	1	7
"13793     Fri. Jun 10, 2016          8          6          6     "	13793	2016-06-10	"Fri"	"Evening"	"866"	8	6	6	20	"86"	"66"	14	12
"13792     Fri. Jun 10, 2016          3          1          0     "	13792	2016-06-10	"Fri"	"Midday"	"310"	3	1	0	4	"31"	"10"	4	1
"13791     Thu. Jun 09, 2016          9          9          5     "	13791	2016-06-09	"Thu"	"Evening"	"995"	9	9	5	23	"99"	"95"	18	14
"13790     Thu. Jun 09, 2016          7          9          3     "	13790	2016-06-09	"Thu"	"Midday"	"793"	7	9	3	19	"79"	"93"	16	12
"13789     Wed. Jun 08, 2016          5          3          1     "	13789	2016-06-08	"Wed"	"Evening"	"531"	5	3	1	9	"53"	"31"	8	4
"13788     Wed. Jun 08, 2016          4          0          5     "	13788	2016-06-08	"Wed"	"Midday"	"405"	4	0	5	9	"40"	"05"	4	5
"13787     Tue. Jun 07, 2016          3          9          6     "	13787	2016-06-07	"Tue"	"Evening"	"396"	3	9	6	18	"39"	"96"	12	15
"13786     Tue. Jun 07, 2016          5          6          4     "	13786	2016-06-07	"Tue"	"Midday"	"564"	5	6	4	15	"56"	"64"	11	10
"13785     Mon. Jun 06, 2016          6          1          7     "	13785	2016-06-06	"Mon"	"Evening"	"617"	6	1	7	14	"61"	"17"	7	8
"13784     Mon. Jun 06, 2016          5          7          2     "	13784	2016-06-06	"Mon"	"Midday"	"572"	5	7	2	14	"57"	"72"	12	9
"13783     Sun. Jun 05, 2016          6          4          5     "	13783	2016-06-05	"Sun"	"Evening"	"645"	6	4	5	15	"64"	"45"	10	9
"13782     Sun. Jun 05, 2016          8          4          1     "	13782	2016-06-05	"Sun"	"Midday"	"841"	8	4	1	13	"84"	"41"	12	5
"13781     Sat. Jun 04, 2016          1          3          0     "	13781	2016-06-04	"Sat"	"Evening"	"130"	1	3	0	4	"13"	"30"	4	3
"13780     Sat. Jun 04, 2016          0          0          9     "	13780	2016-06-04	"Sat"	"Midday"	"009"	0	0	9	9	"00"	"09"	0	9
"13779     Fri. Jun 03, 2016          0          3          7     "	13779	2016-06-03	"Fri"	"Evening"	"037"	0	3	7	10	"03"	"37"	3	10
"13778     Fri. Jun 03, 2016          4          2          8     "	13778	2016-06-03	"Fri"	"Midday"	"428"	4	2	8	14	"42"	"28"	6	10
"13777     Thu. Jun 02, 2016          4          1          4     "	13777	2016-06-02	"Thu"	"Evening"	"414"	4	1	4	9	"41"	"14"	5	5
"13776     Thu. Jun 02, 2016          1          4          3     "	13776	2016-06-02	"Thu"	"Midday"	"143"	1	4	3	8	"14"	"43"	5	7
"13775     Wed. Jun 01, 2016          1          3          3     "	13775	2016-06-01	"Wed"	"Evening"	"133"	1	3	3	7	"13"	"33"	4	6
"13774     Wed. Jun 01, 2016          6          5          8     "	13774	2016-06-01	"Wed"	"Midday"	"658"	6	5	8	19	"65"	"58"	11	13
"13773     Tue. May 31, 2016          1          5          2     "	13773	2016-05-31	"Tue"	"Evening"	"152"	1	5	2	8	"15"	"52"	6	7
"13772     Tue. May 31, 2016          6          7          0     "	13772	2016-05-31	"Tue"	"Midday"	"670"	6	7	0	13	"67"	"70"	13	7
"13771     Mon. May 30, 2016          5          2          8     "	13771	2016-05-30	"Mon"	"Evening"	"528"	5	2	8	15	"52"	"28"	7	10
"13770     Mon. May 30, 2016          3          9          9     "	13770	2016-05-30	"Mon"	"Midday"	"399"	3	9	9	21	"39"	"99"	12	18
"13769     Sun. May 29, 2016          5          9          8     "	13769	2016-05-29	"Sun"	"Evening"	"598"	5	9	8	22	"59"	"98"	14	17
"13768     Sun. May 29, 2016          3          2          5     "	13768	2016-05-29	"Sun"	"Midday"	"325"	3	2	5	10	"32"	"25"	5	7
"13767     Sat. May 28, 2016          8          2          0     "	13767	2016-05-28	"Sat"	"Evening"	"820"	8	2	0	10	"82"	"20"	10	2
"13766     Sat. May 28, 2016          1          4          5     "	13766	2016-05-28	"Sat"	"Midday"	"145"	1	4	5	10	"14"	"45"	5	9
"13765     Fri. May 27, 2016          5          9          5     "	13765	2016-05-27	"Fri"	"Evening"	"595"	5	9	5	19	"59"	"95"	14	14
"13764     Fri. May 27, 2016          4          2          4     "	13764	2016-05-27	"Fri"	"Midday"	"424"	4	2	4	10	"42"	"24"	6	6
"13763     Thu. May 26, 2016          7          8          0     "	13763	2016-05-26	"Thu"	"Evening"	"780"	7	8	0	15	"78"	"80"	15	8
"13762     Thu. May 26, 2016          5          6          2     "	13762	2016-05-26	"Thu"	"Midday"	"562"	5	6	2	13	"56"	"62"	11	8
"13761     Wed. May 25, 2016          0          2          4     "	13761	2016-05-25	"Wed"	"Evening"	"024"	0	2	4	6	"02"	"24"	2	6
"13760     Wed. May 25, 2016          2          6          7     "	13760	2016-05-25	"Wed"	"Midday"	"267"	2	6	7	15	"26"	"67"	8	13
"13759     Tue. May 24, 2016          6          4          5     "	13759	2016-05-24	"Tue"	"Evening"	"645"	6	4	5	15	"64"	"45"	10	9
"13758     Tue. May 24, 2016          8          1          3     "	13758	2016-05-24	"Tue"	"Midday"	"813"	8	1	3	12	"81"	"13"	9	4
"13757     Mon. May 23, 2016          1          0          9     "	13757	2016-05-23	"Mon"	"Evening"	"109"	1	0	9	10	"10"	"09"	1	9
"13756     Mon. May 23, 2016          1          5          5     "	13756	2016-05-23	"Mon"	"Midday"	"155"	1	5	5	11	"15"	"55"	6	10
"13755     Sun. May 22, 2016          2          8          8     "	13755	2016-05-22	"Sun"	"Evening"	"288"	2	8	8	18	"28"	"88"	10	16
"13754     Sun. May 22, 2016          4          6          3     "	13754	2016-05-22	"Sun"	"Midday"	"463"	4	6	3	13	"46"	"63"	10	9
"13753     Sat. May 21, 2016          4          5          3     "	13753	2016-05-21	"Sat"	"Evening"	"453"	4	5	3	12	"45"	"53"	9	8
"13752     Sat. May 21, 2016          4          3          9     "	13752	2016-05-21	"Sat"	"Midday"	"439"	4	3	9	16	"43"	"39"	7	12
"13751     Fri. May 20, 2016          6          2          3     "	13751	2016-05-20	"Fri"	"Evening"	"623"	6	2	3	11	"62"	"23"	8	5
"13750     Fri. May 20, 2016          4          6          0     "	13750	2016-05-20	"Fri"	"Midday"	"460"	4	6	0	10	"46"	"60"	10	6
"13749     Thu. May 19, 2016          9          4          6     "	13749	2016-05-19	"Thu"	"Evening"	"946"	9	4	6	19	"94"	"46"	13	10
"13748     Thu. May 19, 2016          1          0          3     "	13748	2016-05-19	"Thu"	"Midday"	"103"	1	0	3	4	"10"	"03"	1	3
"13747     Wed. May 18, 2016          6          5          3     "	13747	2016-05-18	"Wed"	"Evening"	"653"	6	5	3	14	"65"	"53"	11	8
"13746     Wed. May 18, 2016          0          3          5     "	13746	2016-05-18	"Wed"	"Midday"	"035"	0	3	5	8	"03"	"35"	3	8
"13745     Tue. May 17, 2016          1          0          2     "	13745	2016-05-17	"Tue"	"Evening"	"102"	1	0	2	3	"10"	"02"	1	2
"13744     Tue. May 17, 2016          5          8          4     "	13744	2016-05-17	"Tue"	"Midday"	"584"	5	8	4	17	"58"	"84"	13	12
"13743     Mon. May 16, 2016          3          1          9     "	13743	2016-05-16	"Mon"	"Evening"	"319"	3	1	9	13	"31"	"19"	4	10
"13742     Mon. May 16, 2016          0          4          7     "	13742	2016-05-16	"Mon"	"Midday"	"047"	0	4	7	11	"04"	"47"	4	11
"13741     Sun. May 15, 2016          1          7          1     "	13741	2016-05-15	"Sun"	"Evening"	"171"	1	7	1	9	"17"	"71"	8	8
"13740     Sun. May 15, 2016          1          1          4     "	13740	2016-05-15	"Sun"	"Midday"	"114"	1	1	4	6	"11"	"14"	2	5
"13739     Sat. May 14, 2016          9          3          9     "	13739	2016-05-14	"Sat"	"Evening"	"939"	9	3	9	21	"93"	"39"	12	12
"13738     Sat. May 14, 2016          3          4          3     "	13738	2016-05-14	"Sat"	"Midday"	"343"	3	4	3	10	"34"	"43"	7	7
"13737     Fri. May 13, 2016          6          5          3     "	13737	2016-05-13	"Fri"	"Evening"	"653"	6	5	3	14	"65"	"53"	11	8
"13736     Fri. May 13, 2016          2          0          5     "	13736	2016-05-13	"Fri"	"Midday"	"205"	2	0	5	7	"20"	"05"	2	5
"13735     Thu. May 12, 2016          4          3          1     "	13735	2016-05-12	"Thu"	"Evening"	"431"	4	3	1	8	"43"	"31"	7	4
"13734     Thu. May 12, 2016          1          1          9     "	13734	2016-05-12	"Thu"	"Midday"	"119"	1	1	9	11	"11"	"19"	2	10
"13733     Wed. May 11, 2016          6          6          3     "	13733	2016-05-11	"Wed"	"Evening"	"663"	6	6	3	15	"66"	"63"	12	9
"13732     Wed. May 11, 2016          0          5          6     "	13732	2016-05-11	"Wed"	"Midday"	"056"	0	5	6	11	"05"	"56"	5	11
"13731     Tue. May 10, 2016          5          9          5     "	13731	2016-05-10	"Tue"	"Evening"	"595"	5	9	5	19	"59"	"95"	14	14
"13730     Tue. May 10, 2016          2          9          7     "	13730	2016-05-10	"Tue"	"Midday"	"297"	2	9	7	18	"29"	"97"	11	16
"13729     Mon. May 09, 2016          2          8          5     "	13729	2016-05-09	"Mon"	"Evening"	"285"	2	8	5	15	"28"	"85"	10	13
"13728     Mon. May 09, 2016          9          6          5     "	13728	2016-05-09	"Mon"	"Midday"	"965"	9	6	5	20	"96"	"65"	15	11
"13727     Sun. May 08, 2016          3          7          0     "	13727	2016-05-08	"Sun"	"Evening"	"370"	3	7	0	10	"37"	"70"	10	7
"13726     Sun. May 08, 2016          3          2          5     "	13726	2016-05-08	"Sun"	"Midday"	"325"	3	2	5	10	"32"	"25"	5	7
"13725     Sat. May 07, 2016          9          2          9     "	13725	2016-05-07	"Sat"	"Evening"	"929"	9	2	9	20	"92"	"29"	11	11
"13724     Sat. May 07, 2016          1          3          0     "	13724	2016-05-07	"Sat"	"Midday"	"130"	1	3	0	4	"13"	"30"	4	3
"13723     Fri. May 06, 2016          9          7          1     "	13723	2016-05-06	"Fri"	"Evening"	"971"	9	7	1	17	"97"	"71"	16	8
"13722     Fri. May 06, 2016          1          0          5     "	13722	2016-05-06	"Fri"	"Midday"	"105"	1	0	5	6	"10"	"05"	1	5
"13721     Thu. May 05, 2016          6          8          1     "	13721	2016-05-05	"Thu"	"Evening"	"681"	6	8	1	15	"68"	"81"	14	9
"13720     Thu. May 05, 2016          9          1          4     "	13720	2016-05-05	"Thu"	"Midday"	"914"	9	1	4	14	"91"	"14"	10	5
"13719     Wed. May 04, 2016          1          5          1     "	13719	2016-05-04	"Wed"	"Evening"	"151"	1	5	1	7	"15"	"51"	6	6
"13718     Wed. May 04, 2016          9          7          7     "	13718	2016-05-04	"Wed"	"Midday"	"977"	9	7	7	23	"97"	"77"	16	14
"13717     Tue. May 03, 2016          8          7          3     "	13717	2016-05-03	"Tue"	"Evening"	"873"	8	7	3	18	"87"	"73"	15	10
"13716     Tue. May 03, 2016          0          1          4     "	13716	2016-05-03	"Tue"	"Midday"	"014"	0	1	4	5	"01"	"14"	1	5
"13715     Mon. May 02, 2016          8          5          3     "	13715	2016-05-02	"Mon"	"Evening"	"853"	8	5	3	16	"85"	"53"	13	8
"13714     Mon. May 02, 2016          7          7          0     "	13714	2016-05-02	"Mon"	"Midday"	"770"	7	7	0	14	"77"	"70"	14	7
"13713     Sun. May 01, 2016          6          1          4     "	13713	2016-05-01	"Sun"	"Evening"	"614"	6	1	4	11	"61"	"14"	7	5
"13712     Sun. May 01, 2016          5          6          5     "	13712	2016-05-01	"Sun"	"Midday"	"565"	5	6	5	16	"56"	"65"	11	11
"13711     Sat. Apr 30, 2016          8          9          5     "	13711	2016-04-30	"Sat"	"Evening"	"895"	8	9	5	22	"89"	"95"	17	14
"13710     Sat. Apr 30, 2016          0          6          8     "	13710	2016-04-30	"Sat"	"Midday"	"068"	0	6	8	14	"06"	"68"	6	14
"13709     Fri. Apr 29, 2016          0          0          2     "	13709	2016-04-29	"Fri"	"Evening"	"002"	0	0	2	2	"00"	"02"	0	2
"13708     Fri. Apr 29, 2016          6          8          0     "	13708	2016-04-29	"Fri"	"Midday"	"680"	6	8	0	14	"68"	"80"	14	8
"13707     Thu. Apr 28, 2016          0          8          8     "	13707	2016-04-28	"Thu"	"Evening"	"088"	0	8	8	16	"08"	"88"	8	16
"13706     Thu. Apr 28, 2016          1          5          3     "	13706	2016-04-28	"Thu"	"Midday"	"153"	1	5	3	9	"15"	"53"	6	8
"13705     Wed. Apr 27, 2016          5          8          2     "	13705	2016-04-27	"Wed"	"Evening"	"582"	5	8	2	15	"58"	"82"	13	10
"13704     Wed. Apr 27, 2016          4          9          9     "	13704	2016-04-27	"Wed"	"Midday"	"499"	4	9	9	22	"49"	"99"	13	18
"13703     Tue. Apr 26, 2016          3          0          3     "	13703	2016-04-26	"Tue"	"Evening"	"303"	3	0	3	6	"30"	"03"	3	3
"13702     Tue. Apr 26, 2016          1          9          3     "	13702	2016-04-26	"Tue"	"Midday"	"193"	1	9	3	13	"19"	"93"	10	12
"13701     Mon. Apr 25, 2016          1          0          5     "	13701	2016-04-25	"Mon"	"Evening"	"105"	1	0	5	6	"10"	"05"	1	5
"13700     Mon. Apr 25, 2016          9          1          3     "	13700	2016-04-25	"Mon"	"Midday"	"913"	9	1	3	13	"91"	"13"	10	4
"13699     Sun. Apr 24, 2016          8          0          4     "	13699	2016-04-24	"Sun"	"Evening"	"804"	8	0	4	12	"80"	"04"	8	4
"13698     Sun. Apr 24, 2016          4          5          9     "	13698	2016-04-24	"Sun"	"Midday"	"459"	4	5	9	18	"45"	"59"	9	14
"13697     Sat. Apr 23, 2016          4          5          8     "	13697	2016-04-23	"Sat"	"Evening"	"458"	4	5	8	17	"45"	"58"	9	13
"13696     Sat. Apr 23, 2016          5          1          2     "	13696	2016-04-23	"Sat"	"Midday"	"512"	5	1	2	8	"51"	"12"	6	3
"13695     Fri. Apr 22, 2016          0          6          9     "	13695	2016-04-22	"Fri"	"Evening"	"069"	0	6	9	15	"06"	"69"	6	15
"13694     Fri. Apr 22, 2016          8          5          7     "	13694	2016-04-22	"Fri"	"Midday"	"857"	8	5	7	20	"85"	"57"	13	12
"13693     Thu. Apr 21, 2016          6          2          3     "	13693	2016-04-21	"Thu"	"Evening"	"623"	6	2	3	11	"62"	"23"	8	5
"13692     Thu. Apr 21, 2016          3          9          2     "	13692	2016-04-21	"Thu"	"Midday"	"392"	3	9	2	14	"39"	"92"	12	11
"13691     Wed. Apr 20, 2016          8          4          8     "	13691	2016-04-20	"Wed"	"Evening"	"848"	8	4	8	20	"84"	"48"	12	12
"13690     Wed. Apr 20, 2016          4          7          9     "	13690	2016-04-20	"Wed"	"Midday"	"479"	4	7	9	20	"47"	"79"	11	16
"13689     Tue. Apr 19, 2016          9          6          7     "	13689	2016-04-19	"Tue"	"Evening"	"967"	9	6	7	22	"96"	"67"	15	13
"13688     Tue. Apr 19, 2016          9          8          0     "	13688	2016-04-19	"Tue"	"Midday"	"980"	9	8	0	17	"98"	"80"	17	8
"13687     Mon. Apr 18, 2016          0          8          1     "	13687	2016-04-18	"Mon"	"Evening"	"081"	0	8	1	9	"08"	"81"	8	9
"13686     Mon. Apr 18, 2016          6          2          2     "	13686	2016-04-18	"Mon"	"Midday"	"622"	6	2	2	10	"62"	"22"	8	4
"13685     Sun. Apr 17, 2016          4          5          4     "	13685	2016-04-17	"Sun"	"Evening"	"454"	4	5	4	13	"45"	"54"	9	9
"13684     Sun. Apr 17, 2016          8          8          5     "	13684	2016-04-17	"Sun"	"Midday"	"885"	8	8	5	21	"88"	"85"	16	13
"13683     Sat. Apr 16, 2016          7          1          8     "	13683	2016-04-16	"Sat"	"Evening"	"718"	7	1	8	16	"71"	"18"	8	9
"13682     Sat. Apr 16, 2016          9          5          2     "	13682	2016-04-16	"Sat"	"Midday"	"952"	9	5	2	16	"95"	"52"	14	7
"13681     Fri. Apr 15, 2016          8          5          1     "	13681	2016-04-15	"Fri"	"Evening"	"851"	8	5	1	14	"85"	"51"	13	6
"13680     Fri. Apr 15, 2016          4          5          8     "	13680	2016-04-15	"Fri"	"Midday"	"458"	4	5	8	17	"45"	"58"	9	13
"13679     Thu. Apr 14, 2016          6          9          9     "	13679	2016-04-14	"Thu"	"Evening"	"699"	6	9	9	24	"69"	"99"	15	18
"13678     Thu. Apr 14, 2016          0          1          9     "	13678	2016-04-14	"Thu"	"Midday"	"019"	0	1	9	10	"01"	"19"	1	10
"13677     Wed. Apr 13, 2016          4          9          2     "	13677	2016-04-13	"Wed"	"Evening"	"492"	4	9	2	15	"49"	"92"	13	11
"13676     Wed. Apr 13, 2016          8          9          0     "	13676	2016-04-13	"Wed"	"Midday"	"890"	8	9	0	17	"89"	"90"	17	9
"13675     Tue. Apr 12, 2016          2          4          0     "	13675	2016-04-12	"Tue"	"Evening"	"240"	2	4	0	6	"24"	"40"	6	4
"13674     Tue. Apr 12, 2016          5          8          9     "	13674	2016-04-12	"Tue"	"Midday"	"589"	5	8	9	22	"58"	"89"	13	17
"13673     Mon. Apr 11, 2016          9          7          7     "	13673	2016-04-11	"Mon"	"Evening"	"977"	9	7	7	23	"97"	"77"	16	14
"13672     Mon. Apr 11, 2016          1          4          9     "	13672	2016-04-11	"Mon"	"Midday"	"149"	1	4	9	14	"14"	"49"	5	13
"13671     Sun. Apr 10, 2016          1          1          5     "	13671	2016-04-10	"Sun"	"Evening"	"115"	1	1	5	7	"11"	"15"	2	6
"13670     Sun. Apr 10, 2016          9          5          6     "	13670	2016-04-10	"Sun"	"Midday"	"956"	9	5	6	20	"95"	"56"	14	11
"13669     Sat. Apr 09, 2016          9          6          0     "	13669	2016-04-09	"Sat"	"Evening"	"960"	9	6	0	15	"96"	"60"	15	6
"13668     Sat. Apr 09, 2016          3          5          6     "	13668	2016-04-09	"Sat"	"Midday"	"356"	3	5	6	14	"35"	"56"	8	11
"13667     Fri. Apr 08, 2016          0          0          8     "	13667	2016-04-08	"Fri"	"Evening"	"008"	0	0	8	8	"00"	"08"	0	8
"13666     Fri. Apr 08, 2016          9          7          8     "	13666	2016-04-08	"Fri"	"Midday"	"978"	9	7	8	24	"97"	"78"	16	15
"13665     Thu. Apr 07, 2016          9          7          2     "	13665	2016-04-07	"Thu"	"Evening"	"972"	9	7	2	18	"97"	"72"	16	9
"13664     Thu. Apr 07, 2016          2          7          1     "	13664	2016-04-07	"Thu"	"Midday"	"271"	2	7	1	10	"27"	"71"	9	8
"13663     Wed. Apr 06, 2016          2          3          7     "	13663	2016-04-06	"Wed"	"Evening"	"237"	2	3	7	12	"23"	"37"	5	10
"13662     Wed. Apr 06, 2016          5          3          6     "	13662	2016-04-06	"Wed"	"Midday"	"536"	5	3	6	14	"53"	"36"	8	9
"13661     Tue. Apr 05, 2016          8          2          0     "	13661	2016-04-05	"Tue"	"Evening"	"820"	8	2	0	10	"82"	"20"	10	2
"13660     Tue. Apr 05, 2016          2          2          8     "	13660	2016-04-05	"Tue"	"Midday"	"228"	2	2	8	12	"22"	"28"	4	10
"13659     Mon. Apr 04, 2016          7          2          9     "	13659	2016-04-04	"Mon"	"Evening"	"729"	7	2	9	18	"72"	"29"	9	11
"13658     Mon. Apr 04, 2016          9          5          9     "	13658	2016-04-04	"Mon"	"Midday"	"959"	9	5	9	23	"95"	"59"	14	14
"13657     Sun. Apr 03, 2016          6          9          5     "	13657	2016-04-03	"Sun"	"Evening"	"695"	6	9	5	20	"69"	"95"	15	14
"13656     Sun. Apr 03, 2016          2          6          2     "	13656	2016-04-03	"Sun"	"Midday"	"262"	2	6	2	10	"26"	"62"	8	8
"13655     Sat. Apr 02, 2016          0          2          9     "	13655	2016-04-02	"Sat"	"Evening"	"029"	0	2	9	11	"02"	"29"	2	11
"13654     Sat. Apr 02, 2016          7          5          7     "	13654	2016-04-02	"Sat"	"Midday"	"757"	7	5	7	19	"75"	"57"	12	12
"13653     Fri. Apr 01, 2016          5          4          9     "	13653	2016-04-01	"Fri"	"Evening"	"549"	5	4	9	18	"54"	"49"	9	13
"13652     Fri. Apr 01, 2016          8          1          5     "	13652	2016-04-01	"Fri"	"Midday"	"815"	8	1	5	14	"81"	"15"	9	6
"13651     Thu. Mar 31, 2016          8          8          5     "	13651	2016-03-31	"Thu"	"Evening"	"885"	8	8	5	21	"88"	"85"	16	13
"13650     Thu. Mar 31, 2016          1          6          4     "	13650	2016-03-31	"Thu"	"Midday"	"164"	1	6	4	11	"16"	"64"	7	10
"13649     Wed. Mar 30, 2016          6          3          1     "	13649	2016-03-30	"Wed"	"Evening"	"631"	6	3	1	10	"63"	"31"	9	4
"13648     Wed. Mar 30, 2016          7          6          0     "	13648	2016-03-30	"Wed"	"Midday"	"760"	7	6	0	13	"76"	"60"	13	6
"13647     Tue. Mar 29, 2016          4          9          3     "	13647	2016-03-29	"Tue"	"Evening"	"493"	4	9	3	16	"49"	"93"	13	12
"13646     Tue. Mar 29, 2016          1          9          8     "	13646	2016-03-29	"Tue"	"Midday"	"198"	1	9	8	18	"19"	"98"	10	17
"13645     Mon. Mar 28, 2016          2          1          5     "	13645	2016-03-28	"Mon"	"Evening"	"215"	2	1	5	8	"21"	"15"	3	6
"13644     Mon. Mar 28, 2016          0          6          2     "	13644	2016-03-28	"Mon"	"Midday"	"062"	0	6	2	8	"06"	"62"	6	8
"13643     Sun. Mar 27, 2016          2          2          3     "	13643	2016-03-27	"Sun"	"Evening"	"223"	2	2	3	7	"22"	"23"	4	5
"13642     Sun. Mar 27, 2016          0          1          2     "	13642	2016-03-27	"Sun"	"Midday"	"012"	0	1	2	3	"01"	"12"	1	3
"13641     Sat. Mar 26, 2016          6          0          9     "	13641	2016-03-26	"Sat"	"Evening"	"609"	6	0	9	15	"60"	"09"	6	9
"13640     Sat. Mar 26, 2016          7          8          2     "	13640	2016-03-26	"Sat"	"Midday"	"782"	7	8	2	17	"78"	"82"	15	10
"13639     Fri. Mar 25, 2016          4          7          1     "	13639	2016-03-25	"Fri"	"Evening"	"471"	4	7	1	12	"47"	"71"	11	8
"13638     Fri. Mar 25, 2016          5          9          7     "	13638	2016-03-25	"Fri"	"Midday"	"597"	5	9	7	21	"59"	"97"	14	16
"13637     Thu. Mar 24, 2016          4          0          2     "	13637	2016-03-24	"Thu"	"Evening"	"402"	4	0	2	6	"40"	"02"	4	2
"13636     Thu. Mar 24, 2016          3          3          2     "	13636	2016-03-24	"Thu"	"Midday"	"332"	3	3	2	8	"33"	"32"	6	5
"13635     Wed. Mar 23, 2016          2          4          1     "	13635	2016-03-23	"Wed"	"Evening"	"241"	2	4	1	7	"24"	"41"	6	5
"13634     Wed. Mar 23, 2016          5          9          4     "	13634	2016-03-23	"Wed"	"Midday"	"594"	5	9	4	18	"59"	"94"	14	13
"13633     Tue. Mar 22, 2016          9          8          6     "	13633	2016-03-22	"Tue"	"Evening"	"986"	9	8	6	23	"98"	"86"	17	14
"13632     Tue. Mar 22, 2016          2          7          5     "	13632	2016-03-22	"Tue"	"Midday"	"275"	2	7	5	14	"27"	"75"	9	12
"13631     Mon. Mar 21, 2016          9          7          3     "	13631	2016-03-21	"Mon"	"Evening"	"973"	9	7	3	19	"97"	"73"	16	10
"13630     Mon. Mar 21, 2016          7          6          0     "	13630	2016-03-21	"Mon"	"Midday"	"760"	7	6	0	13	"76"	"60"	13	6
"13629     Sun. Mar 20, 2016          0          4          7     "	13629	2016-03-20	"Sun"	"Evening"	"047"	0	4	7	11	"04"	"47"	4	11
"13628     Sun. Mar 20, 2016          0          5          7     "	13628	2016-03-20	"Sun"	"Midday"	"057"	0	5	7	12	"05"	"57"	5	12
"13627     Sat. Mar 19, 2016          7          0          7     "	13627	2016-03-19	"Sat"	"Evening"	"707"	7	0	7	14	"70"	"07"	7	7
"13626     Sat. Mar 19, 2016          2          2          4     "	13626	2016-03-19	"Sat"	"Midday"	"224"	2	2	4	8	"22"	"24"	4	6
"13625     Fri. Mar 18, 2016          8          2          9     "	13625	2016-03-18	"Fri"	"Evening"	"829"	8	2	9	19	"82"	"29"	10	11
"13624     Fri. Mar 18, 2016          2          8          3     "	13624	2016-03-18	"Fri"	"Midday"	"283"	2	8	3	13	"28"	"83"	10	11
"13623     Thu. Mar 17, 2016          2          4          5     "	13623	2016-03-17	"Thu"	"Evening"	"245"	2	4	5	11	"24"	"45"	6	9
"13622     Thu. Mar 17, 2016          1          6          0     "	13622	2016-03-17	"Thu"	"Midday"	"160"	1	6	0	7	"16"	"60"	7	6
"13621     Wed. Mar 16, 2016          1          8          1     "	13621	2016-03-16	"Wed"	"Evening"	"181"	1	8	1	10	"18"	"81"	9	9
"13620     Wed. Mar 16, 2016          8          5          4     "	13620	2016-03-16	"Wed"	"Midday"	"854"	8	5	4	17	"85"	"54"	13	9
"13619     Tue. Mar 15, 2016          2          0          9     "	13619	2016-03-15	"Tue"	"Evening"	"209"	2	0	9	11	"20"	"09"	2	9
"13618     Tue. Mar 15, 2016          7          3          4     "	13618	2016-03-15	"Tue"	"Midday"	"734"	7	3	4	14	"73"	"34"	10	7
"13617     Mon. Mar 14, 2016          7          8          1     "	13617	2016-03-14	"Mon"	"Evening"	"781"	7	8	1	16	"78"	"81"	15	9
"13616     Mon. Mar 14, 2016          8          0          1     "	13616	2016-03-14	"Mon"	"Midday"	"801"	8	0	1	9	"80"	"01"	8	1
"13615     Sun. Mar 13, 2016          2          6          7     "	13615	2016-03-13	"Sun"	"Evening"	"267"	2	6	7	15	"26"	"67"	8	13
"13614     Sun. Mar 13, 2016          5          2          7     "	13614	2016-03-13	"Sun"	"Midday"	"527"	5	2	7	14	"52"	"27"	7	9
"13613     Sat. Mar 12, 2016          3          6          2     "	13613	2016-03-12	"Sat"	"Evening"	"362"	3	6	2	11	"36"	"62"	9	8
"13612     Sat. Mar 12, 2016          7          3          0     "	13612	2016-03-12	"Sat"	"Midday"	"730"	7	3	0	10	"73"	"30"	10	3
"13611     Fri. Mar 11, 2016          3          2          8     "	13611	2016-03-11	"Fri"	"Evening"	"328"	3	2	8	13	"32"	"28"	5	10
"13610     Fri. Mar 11, 2016          7          0          8     "	13610	2016-03-11	"Fri"	"Midday"	"708"	7	0	8	15	"70"	"08"	7	8
"13609     Thu. Mar 10, 2016          0          6          7     "	13609	2016-03-10	"Thu"	"Evening"	"067"	0	6	7	13	"06"	"67"	6	13
"13608     Thu. Mar 10, 2016          0          8          2     "	13608	2016-03-10	"Thu"	"Midday"	"082"	0	8	2	10	"08"	"82"	8	10
"13607     Wed. Mar 09, 2016          4          3          5     "	13607	2016-03-09	"Wed"	"Evening"	"435"	4	3	5	12	"43"	"35"	7	8
"13606     Wed. Mar 09, 2016          7          5          0     "	13606	2016-03-09	"Wed"	"Midday"	"750"	7	5	0	12	"75"	"50"	12	5
"13605     Tue. Mar 08, 2016          1          0          1     "	13605	2016-03-08	"Tue"	"Evening"	"101"	1	0	1	2	"10"	"01"	1	1
"13604     Tue. Mar 08, 2016          7          7          9     "	13604	2016-03-08	"Tue"	"Midday"	"779"	7	7	9	23	"77"	"79"	14	16
"13603     Mon. Mar 07, 2016          6          4          9     "	13603	2016-03-07	"Mon"	"Evening"	"649"	6	4	9	19	"64"	"49"	10	13
"13602     Mon. Mar 07, 2016          9          3          1     "	13602	2016-03-07	"Mon"	"Midday"	"931"	9	3	1	13	"93"	"31"	12	4
"13601     Sun. Mar 06, 2016          5          6          8     "	13601	2016-03-06	"Sun"	"Evening"	"568"	5	6	8	19	"56"	"68"	11	14
"13600     Sun. Mar 06, 2016          7          9          1     "	13600	2016-03-06	"Sun"	"Midday"	"791"	7	9	1	17	"79"	"91"	16	10
"13599     Sat. Mar 05, 2016          0          0          6     "	13599	2016-03-05	"Sat"	"Evening"	"006"	0	0	6	6	"00"	"06"	0	6
"13598     Sat. Mar 05, 2016          3          6          6     "	13598	2016-03-05	"Sat"	"Midday"	"366"	3	6	6	15	"36"	"66"	9	12
"13597     Fri. Mar 04, 2016          6          4          2     "	13597	2016-03-04	"Fri"	"Evening"	"642"	6	4	2	12	"64"	"42"	10	6
"13596     Fri. Mar 04, 2016          7          5          5     "	13596	2016-03-04	"Fri"	"Midday"	"755"	7	5	5	17	"75"	"55"	12	10
"13595     Thu. Mar 03, 2016          9          4          3     "	13595	2016-03-03	"Thu"	"Evening"	"943"	9	4	3	16	"94"	"43"	13	7
"13594     Thu. Mar 03, 2016          4          6          8     "	13594	2016-03-03	"Thu"	"Midday"	"468"	4	6	8	18	"46"	"68"	10	14
"13593     Wed. Mar 02, 2016          3          9          2     "	13593	2016-03-02	"Wed"	"Evening"	"392"	3	9	2	14	"39"	"92"	12	11
"13592     Wed. Mar 02, 2016          6          4          5     "	13592	2016-03-02	"Wed"	"Midday"	"645"	6	4	5	15	"64"	"45"	10	9
"13591     Tue. Mar 01, 2016          8          1          9     "	13591	2016-03-01	"Tue"	"Evening"	"819"	8	1	9	18	"81"	"19"	9	10
"13590     Tue. Mar 01, 2016          1          1          3     "	13590	2016-03-01	"Tue"	"Midday"	"113"	1	1	3	5	"11"	"13"	2	4
"13589     Mon. Feb 29, 2016          2          5          0     "	13589	2016-02-29	"Mon"	"Evening"	"250"	2	5	0	7	"25"	"50"	7	5
"13588     Mon. Feb 29, 2016          2          5          7     "	13588	2016-02-29	"Mon"	"Midday"	"257"	2	5	7	14	"25"	"57"	7	12
"13587     Sun. Feb 28, 2016          1          0          3     "	13587	2016-02-28	"Sun"	"Evening"	"103"	1	0	3	4	"10"	"03"	1	3
"13586     Sun. Feb 28, 2016          2          8          8     "	13586	2016-02-28	"Sun"	"Midday"	"288"	2	8	8	18	"28"	"88"	10	16
"13585     Sat. Feb 27, 2016          7          9          0     "	13585	2016-02-27	"Sat"	"Evening"	"790"	7	9	0	16	"79"	"90"	16	9
"13584     Sat. Feb 27, 2016          8          7          4     "	13584	2016-02-27	"Sat"	"Midday"	"874"	8	7	4	19	"87"	"74"	15	11
"13583     Fri. Feb 26, 2016          7          8          3     "	13583	2016-02-26	"Fri"	"Evening"	"783"	7	8	3	18	"78"	"83"	15	11
"13582     Fri. Feb 26, 2016          8          2          8     "	13582	2016-02-26	"Fri"	"Midday"	"828"	8	2	8	18	"82"	"28"	10	10
"13581     Thu. Feb 25, 2016          2          1          2     "	13581	2016-02-25	"Thu"	"Evening"	"212"	2	1	2	5	"21"	"12"	3	3
"13580     Thu. Feb 25, 2016          2          0          9     "	13580	2016-02-25	"Thu"	"Midday"	"209"	2	0	9	11	"20"	"09"	2	9
"13579     Wed. Feb 24, 2016          4          6          9     "	13579	2016-02-24	"Wed"	"Evening"	"469"	4	6	9	19	"46"	"69"	10	15
"13578     Wed. Feb 24, 2016          6          6          3     "	13578	2016-02-24	"Wed"	"Midday"	"663"	6	6	3	15	"66"	"63"	12	9
"13577     Tue. Feb 23, 2016          0          8          2     "	13577	2016-02-23	"Tue"	"Evening"	"082"	0	8	2	10	"08"	"82"	8	10
"13576     Tue. Feb 23, 2016          3          6          2     "	13576	2016-02-23	"Tue"	"Midday"	"362"	3	6	2	11	"36"	"62"	9	8
"13575     Mon. Feb 22, 2016          7          4          4     "	13575	2016-02-22	"Mon"	"Evening"	"744"	7	4	4	15	"74"	"44"	11	8
"13574     Mon. Feb 22, 2016          3          1          9     "	13574	2016-02-22	"Mon"	"Midday"	"319"	3	1	9	13	"31"	"19"	4	10
"13573     Sun. Feb 21, 2016          6          8          2     "	13573	2016-02-21	"Sun"	"Evening"	"682"	6	8	2	16	"68"	"82"	14	10
"13572     Sun. Feb 21, 2016          8          0          7     "	13572	2016-02-21	"Sun"	"Midday"	"807"	8	0	7	15	"80"	"07"	8	7
"13571     Sat. Feb 20, 2016          6          0          5     "	13571	2016-02-20	"Sat"	"Evening"	"605"	6	0	5	11	"60"	"05"	6	5
"13570     Sat. Feb 20, 2016          0          8          9     "	13570	2016-02-20	"Sat"	"Midday"	"089"	0	8	9	17	"08"	"89"	8	17
"13569     Fri. Feb 19, 2016          3          7          8     "	13569	2016-02-19	"Fri"	"Evening"	"378"	3	7	8	18	"37"	"78"	10	15
"13568     Fri. Feb 19, 2016          1          5          0     "	13568	2016-02-19	"Fri"	"Midday"	"150"	1	5	0	6	"15"	"50"	6	5
"13567     Thu. Feb 18, 2016          8          8          4     "	13567	2016-02-18	"Thu"	"Evening"	"884"	8	8	4	20	"88"	"84"	16	12
"13566     Thu. Feb 18, 2016          9          7          7     "	13566	2016-02-18	"Thu"	"Midday"	"977"	9	7	7	23	"97"	"77"	16	14
"13565     Wed. Feb 17, 2016          8          9          2     "	13565	2016-02-17	"Wed"	"Evening"	"892"	8	9	2	19	"89"	"92"	17	11
"13564     Wed. Feb 17, 2016          7          4          1     "	13564	2016-02-17	"Wed"	"Midday"	"741"	7	4	1	12	"74"	"41"	11	5
"13563     Tue. Feb 16, 2016          6          3          1     "	13563	2016-02-16	"Tue"	"Evening"	"631"	6	3	1	10	"63"	"31"	9	4
"13562     Tue. Feb 16, 2016          1          4          4     "	13562	2016-02-16	"Tue"	"Midday"	"144"	1	4	4	9	"14"	"44"	5	8
"13561     Mon. Feb 15, 2016          1          1          9     "	13561	2016-02-15	"Mon"	"Evening"	"119"	1	1	9	11	"11"	"19"	2	10
"13560     Mon. Feb 15, 2016          0          0          4     "	13560	2016-02-15	"Mon"	"Midday"	"004"	0	0	4	4	"00"	"04"	0	4
"13559     Sun. Feb 14, 2016          6          7          5     "	13559	2016-02-14	"Sun"	"Evening"	"675"	6	7	5	18	"67"	"75"	13	12
"13558     Sun. Feb 14, 2016          6          6          8     "	13558	2016-02-14	"Sun"	"Midday"	"668"	6	6	8	20	"66"	"68"	12	14
"13557     Sat. Feb 13, 2016          7          9          2     "	13557	2016-02-13	"Sat"	"Evening"	"792"	7	9	2	18	"79"	"92"	16	11
"13556     Sat. Feb 13, 2016          4          5          3     "	13556	2016-02-13	"Sat"	"Midday"	"453"	4	5	3	12	"45"	"53"	9	8
"13555     Fri. Feb 12, 2016          4          1          0     "	13555	2016-02-12	"Fri"	"Evening"	"410"	4	1	0	5	"41"	"10"	5	1
"13554     Fri. Feb 12, 2016          5          0          7     "	13554	2016-02-12	"Fri"	"Midday"	"507"	5	0	7	12	"50"	"07"	5	7
"13553     Thu. Feb 11, 2016          9          0          6     "	13553	2016-02-11	"Thu"	"Evening"	"906"	9	0	6	15	"90"	"06"	9	6
"13552     Thu. Feb 11, 2016          9          3          8     "	13552	2016-02-11	"Thu"	"Midday"	"938"	9	3	8	20	"93"	"38"	12	11
"13551     Wed. Feb 10, 2016          0          8          7     "	13551	2016-02-10	"Wed"	"Evening"	"087"	0	8	7	15	"08"	"87"	8	15
"13550     Wed. Feb 10, 2016          8          8          2     "	13550	2016-02-10	"Wed"	"Midday"	"882"	8	8	2	18	"88"	"82"	16	10
"13549     Tue. Feb 09, 2016          5          8          6     "	13549	2016-02-09	"Tue"	"Evening"	"586"	5	8	6	19	"58"	"86"	13	14
"13548     Tue. Feb 09, 2016          2          4          5     "	13548	2016-02-09	"Tue"	"Midday"	"245"	2	4	5	11	"24"	"45"	6	9
"13547     Mon. Feb 08, 2016          0          9          4     "	13547	2016-02-08	"Mon"	"Evening"	"094"	0	9	4	13	"09"	"94"	9	13
"13546     Mon. Feb 08, 2016          6          9          0     "	13546	2016-02-08	"Mon"	"Midday"	"690"	6	9	0	15	"69"	"90"	15	9
"13545     Sun. Feb 07, 2016          6          5          7     "	13545	2016-02-07	"Sun"	"Evening"	"657"	6	5	7	18	"65"	"57"	11	12
"13544     Sun. Feb 07, 2016          4          1          6     "	13544	2016-02-07	"Sun"	"Midday"	"416"	4	1	6	11	"41"	"16"	5	7
"13543     Sat. Feb 06, 2016          7          2          4     "	13543	2016-02-06	"Sat"	"Evening"	"724"	7	2	4	13	"72"	"24"	9	6
"13542     Sat. Feb 06, 2016          6          6          3     "	13542	2016-02-06	"Sat"	"Midday"	"663"	6	6	3	15	"66"	"63"	12	9
"13541     Fri. Feb 05, 2016          1          8          9     "	13541	2016-02-05	"Fri"	"Evening"	"189"	1	8	9	18	"18"	"89"	9	17
"13540     Fri. Feb 05, 2016          1          8          3     "	13540	2016-02-05	"Fri"	"Midday"	"183"	1	8	3	12	"18"	"83"	9	11
"13539     Thu. Feb 04, 2016          4          2          3     "	13539	2016-02-04	"Thu"	"Evening"	"423"	4	2	3	9	"42"	"23"	6	5
"13538     Thu. Feb 04, 2016          7          6          8     "	13538	2016-02-04	"Thu"	"Midday"	"768"	7	6	8	21	"76"	"68"	13	14
"13537     Wed. Feb 03, 2016          4          4          7     "	13537	2016-02-03	"Wed"	"Evening"	"447"	4	4	7	15	"44"	"47"	8	11
"13536     Wed. Feb 03, 2016          5          1          2     "	13536	2016-02-03	"Wed"	"Midday"	"512"	5	1	2	8	"51"	"12"	6	3
"13535     Tue. Feb 02, 2016          1          0          9     "	13535	2016-02-02	"Tue"	"Evening"	"109"	1	0	9	10	"10"	"09"	1	9
"13534     Tue. Feb 02, 2016          5          6          7     "	13534	2016-02-02	"Tue"	"Midday"	"567"	5	6	7	18	"56"	"67"	11	13
"13533     Mon. Feb 01, 2016          6          4          1     "	13533	2016-02-01	"Mon"	"Evening"	"641"	6	4	1	11	"64"	"41"	10	5
"13532     Mon. Feb 01, 2016          7          1          4     "	13532	2016-02-01	"Mon"	"Midday"	"714"	7	1	4	12	"71"	"14"	8	5
"13531     Sun. Jan 31, 2016          0          3          7     "	13531	2016-01-31	"Sun"	"Evening"	"037"	0	3	7	10	"03"	"37"	3	10
"13530     Sun. Jan 31, 2016          4          8          5     "	13530	2016-01-31	"Sun"	"Midday"	"485"	4	8	5	17	"48"	"85"	12	13
"13529     Sat. Jan 30, 2016          2          8          7     "	13529	2016-01-30	"Sat"	"Evening"	"287"	2	8	7	17	"28"	"87"	10	15
"13528     Sat. Jan 30, 2016          2          3          7     "	13528	2016-01-30	"Sat"	"Midday"	"237"	2	3	7	12	"23"	"37"	5	10
"13527     Fri. Jan 29, 2016          9          5          0     "	13527	2016-01-29	"Fri"	"Evening"	"950"	9	5	0	14	"95"	"50"	14	5
"13526     Fri. Jan 29, 2016          1          0          5     "	13526	2016-01-29	"Fri"	"Midday"	"105"	1	0	5	6	"10"	"05"	1	5
"13525     Thu. Jan 28, 2016          7          0          2     "	13525	2016-01-28	"Thu"	"Evening"	"702"	7	0	2	9	"70"	"02"	7	2
"13524     Thu. Jan 28, 2016          4          4          4     "	13524	2016-01-28	"Thu"	"Midday"	"444"	4	4	4	12	"44"	"44"	8	8
"13523     Wed. Jan 27, 2016          8          6          1     "	13523	2016-01-27	"Wed"	"Evening"	"861"	8	6	1	15	"86"	"61"	14	7
"13522     Wed. Jan 27, 2016          6          0          1     "	13522	2016-01-27	"Wed"	"Midday"	"601"	6	0	1	7	"60"	"01"	6	1
"13521     Tue. Jan 26, 2016          7          2          4     "	13521	2016-01-26	"Tue"	"Evening"	"724"	7	2	4	13	"72"	"24"	9	6
"13520     Tue. Jan 26, 2016          7          2          1     "	13520	2016-01-26	"Tue"	"Midday"	"721"	7	2	1	10	"72"	"21"	9	3
"13519     Mon. Jan 25, 2016          7          6          4     "	13519	2016-01-25	"Mon"	"Evening"	"764"	7	6	4	17	"76"	"64"	13	10
"13518     Mon. Jan 25, 2016          2          8          9     "	13518	2016-01-25	"Mon"	"Midday"	"289"	2	8	9	19	"28"	"89"	10	17
"13517     Sun. Jan 24, 2016          6          8          0     "	13517	2016-01-24	"Sun"	"Evening"	"680"	6	8	0	14	"68"	"80"	14	8
"13516     Sun. Jan 24, 2016          0          5          6     "	13516	2016-01-24	"Sun"	"Midday"	"056"	0	5	6	11	"05"	"56"	5	11
"13515     Sat. Jan 23, 2016          2          6          3     "	13515	2016-01-23	"Sat"	"Evening"	"263"	2	6	3	11	"26"	"63"	8	9
"13514     Sat. Jan 23, 2016          5          7          7     "	13514	2016-01-23	"Sat"	"Midday"	"577"	5	7	7	19	"57"	"77"	12	14
"13513     Fri. Jan 22, 2016          5          9          0     "	13513	2016-01-22	"Fri"	"Evening"	"590"	5	9	0	14	"59"	"90"	14	9
"13512     Fri. Jan 22, 2016          8          1          2     "	13512	2016-01-22	"Fri"	"Midday"	"812"	8	1	2	11	"81"	"12"	9	3
"13511     Thu. Jan 21, 2016          8          0          4     "	13511	2016-01-21	"Thu"	"Evening"	"804"	8	0	4	12	"80"	"04"	8	4
"13510     Thu. Jan 21, 2016          7          2          9     "	13510	2016-01-21	"Thu"	"Midday"	"729"	7	2	9	18	"72"	"29"	9	11
"13509     Wed. Jan 20, 2016          5          3          4     "	13509	2016-01-20	"Wed"	"Evening"	"534"	5	3	4	12	"53"	"34"	8	7
"13508     Wed. Jan 20, 2016          7          7          2     "	13508	2016-01-20	"Wed"	"Midday"	"772"	7	7	2	16	"77"	"72"	14	9
"13507     Tue. Jan 19, 2016          7          4          8     "	13507	2016-01-19	"Tue"	"Evening"	"748"	7	4	8	19	"74"	"48"	11	12
"13506     Tue. Jan 19, 2016          8          8          2     "	13506	2016-01-19	"Tue"	"Midday"	"882"	8	8	2	18	"88"	"82"	16	10
"13505     Mon. Jan 18, 2016          8          1          9     "	13505	2016-01-18	"Mon"	"Evening"	"819"	8	1	9	18	"81"	"19"	9	10
"13504     Mon. Jan 18, 2016          7          7          6     "	13504	2016-01-18	"Mon"	"Midday"	"776"	7	7	6	20	"77"	"76"	14	13
"13503     Sun. Jan 17, 2016          8          7          2     "	13503	2016-01-17	"Sun"	"Evening"	"872"	8	7	2	17	"87"	"72"	15	9
"13502     Sun. Jan 17, 2016          3          9          2     "	13502	2016-01-17	"Sun"	"Midday"	"392"	3	9	2	14	"39"	"92"	12	11
"13501     Sat. Jan 16, 2016          4          5          7     "	13501	2016-01-16	"Sat"	"Evening"	"457"	4	5	7	16	"45"	"57"	9	12
"13500     Sat. Jan 16, 2016          2          3          3     "	13500	2016-01-16	"Sat"	"Midday"	"233"	2	3	3	8	"23"	"33"	5	6
"13499     Fri. Jan 15, 2016          8          6          7     "	13499	2016-01-15	"Fri"	"Evening"	"867"	8	6	7	21	"86"	"67"	14	13
"13498     Fri. Jan 15, 2016          0          1          5     "	13498	2016-01-15	"Fri"	"Midday"	"015"	0	1	5	6	"01"	"15"	1	6
"13497     Thu. Jan 14, 2016          4          4          4     "	13497	2016-01-14	"Thu"	"Evening"	"444"	4	4	4	12	"44"	"44"	8	8
"13496     Thu. Jan 14, 2016          9          8          0     "	13496	2016-01-14	"Thu"	"Midday"	"980"	9	8	0	17	"98"	"80"	17	8
"13495     Wed. Jan 13, 2016          4          8          1     "	13495	2016-01-13	"Wed"	"Evening"	"481"	4	8	1	13	"48"	"81"	12	9
"13494     Wed. Jan 13, 2016          5          4          0     "	13494	2016-01-13	"Wed"	"Midday"	"540"	5	4	0	9	"54"	"40"	9	4
"13493     Tue. Jan 12, 2016          9          1          8     "	13493	2016-01-12	"Tue"	"Evening"	"918"	9	1	8	18	"91"	"18"	10	9
"13492     Tue. Jan 12, 2016          7          3          6     "	13492	2016-01-12	"Tue"	"Midday"	"736"	7	3	6	16	"73"	"36"	10	9
"13491     Mon. Jan 11, 2016          5          5          3     "	13491	2016-01-11	"Mon"	"Evening"	"553"	5	5	3	13	"55"	"53"	10	8
"13490     Mon. Jan 11, 2016          3          0          3     "	13490	2016-01-11	"Mon"	"Midday"	"303"	3	0	3	6	"30"	"03"	3	3
"13489     Sun. Jan 10, 2016          6          3          8     "	13489	2016-01-10	"Sun"	"Evening"	"638"	6	3	8	17	"63"	"38"	9	11
"13488     Sun. Jan 10, 2016          3          0          8     "	13488	2016-01-10	"Sun"	"Midday"	"308"	3	0	8	11	"30"	"08"	3	8
"13487     Sat. Jan 09, 2016          0          9          7     "	13487	2016-01-09	"Sat"	"Evening"	"097"	0	9	7	16	"09"	"97"	9	16
"13486     Sat. Jan 09, 2016          9          9          8     "	13486	2016-01-09	"Sat"	"Midday"	"998"	9	9	8	26	"99"	"98"	18	17
"13485     Fri. Jan 08, 2016          1          7          7     "	13485	2016-01-08	"Fri"	"Evening"	"177"	1	7	7	15	"17"	"77"	8	14
"13484     Fri. Jan 08, 2016          6          5          5     "	13484	2016-01-08	"Fri"	"Midday"	"655"	6	5	5	16	"65"	"55"	11	10
"13483     Thu. Jan 07, 2016          6          6          5     "	13483	2016-01-07	"Thu"	"Evening"	"665"	6	6	5	17	"66"	"65"	12	11
"13482     Thu. Jan 07, 2016          3          4          7     "	13482	2016-01-07	"Thu"	"Midday"	"347"	3	4	7	14	"34"	"47"	7	11
"13481     Wed. Jan 06, 2016          6          0          0     "	13481	2016-01-06	"Wed"	"Evening"	"600"	6	0	0	6	"60"	"00"	6	0
"13480     Wed. Jan 06, 2016          1          3          6     "	13480	2016-01-06	"Wed"	"Midday"	"136"	1	3	6	10	"13"	"36"	4	9
"13479     Tue. Jan 05, 2016          5          6          8     "	13479	2016-01-05	"Tue"	"Evening"	"568"	5	6	8	19	"56"	"68"	11	14
"13478     Tue. Jan 05, 2016          3          4          6     "	13478	2016-01-05	"Tue"	"Midday"	"346"	3	4	6	13	"34"	"46"	7	10
"13477     Mon. Jan 04, 2016          2          7          8     "	13477	2016-01-04	"Mon"	"Evening"	"278"	2	7	8	17	"27"	"78"	9	15
"13476     Mon. Jan 04, 2016          9          3          4     "	13476	2016-01-04	"Mon"	"Midday"	"934"	9	3	4	16	"93"	"34"	12	7
"13475     Sun. Jan 03, 2016          5          3          6     "	13475	2016-01-03	"Sun"	"Evening"	"536"	5	3	6	14	"53"	"36"	8	9
"13474     Sun. Jan 03, 2016          3          8          0     "	13474	2016-01-03	"Sun"	"Midday"	"380"	3	8	0	11	"38"	"80"	11	8
"13473     Sat. Jan 02, 2016          5          0          4     "	13473	2016-01-02	"Sat"	"Evening"	"504"	5	0	4	9	"50"	"04"	5	4
"13472     Sat. Jan 02, 2016          8          4          2     "	13472	2016-01-02	"Sat"	"Midday"	"842"	8	4	2	14	"84"	"42"	12	6
"13471     Fri. Jan 01, 2016          4          1          0     "	13471	2016-01-01	"Fri"	"Evening"	"410"	4	1	0	5	"41"	"10"	5	1
"13470     Fri. Jan 01, 2016          7          7          7     "	13470	2016-01-01	"Fri"	"Midday"	"777"	7	7	7	21	"77"	"77"	14	14
"13469     Thu. Dec 31, 2015          6          8          8     "	13469	2015-12-31	"Thu"	"Evening"	"688"	6	8	8	22	"68"	"88"	14	16
"13468     Thu. Dec 31, 2015          8          5          8     "	13468	2015-12-31	"Thu"	"Midday"	"858"	8	5	8	21	"85"	"58"	13	13
"13467     Wed. Dec 30, 2015          0          7          1     "	13467	2015-12-30	"Wed"	"Evening"	"071"	0	7	1	8	"07"	"71"	7	8
"13466     Wed. Dec 30, 2015          0          5          9     "	13466	2015-12-30	"Wed"	"Midday"	"059"	0	5	9	14	"05"	"59"	5	14
"13465     Tue. Dec 29, 2015          0          7          1     "	13465	2015-12-29	"Tue"	"Evening"	"071"	0	7	1	8	"07"	"71"	7	8
"13464     Tue. Dec 29, 2015          8          8          3     "	13464	2015-12-29	"Tue"	"Midday"	"883"	8	8	3	19	"88"	"83"	16	11
"13463     Mon. Dec 28, 2015          2          9          0     "	13463	2015-12-28	"Mon"	"Evening"	"290"	2	9	0	11	"29"	"90"	11	9
"13462     Mon. Dec 28, 2015          3          0          7     "	13462	2015-12-28	"Mon"	"Midday"	"307"	3	0	7	10	"30"	"07"	3	7
"13461     Sun. Dec 27, 2015          8          5          9     "	13461	2015-12-27	"Sun"	"Evening"	"859"	8	5	9	22	"85"	"59"	13	14
"13460     Sun. Dec 27, 2015          4          9          8     "	13460	2015-12-27	"Sun"	"Midday"	"498"	4	9	8	21	"49"	"98"	13	17
"13459     Sat. Dec 26, 2015          2          2          4     "	13459	2015-12-26	"Sat"	"Evening"	"224"	2	2	4	8	"22"	"24"	4	6
"13458     Sat. Dec 26, 2015          0          5          0     "	13458	2015-12-26	"Sat"	"Midday"	"050"	0	5	0	5	"05"	"50"	5	5
"13457     Fri. Dec 25, 2015          4          2          7     "	13457	2015-12-25	"Fri"	"Evening"	"427"	4	2	7	13	"42"	"27"	6	9
"13456     Fri. Dec 25, 2015          6          5          5     "	13456	2015-12-25	"Fri"	"Midday"	"655"	6	5	5	16	"65"	"55"	11	10
"13455     Thu. Dec 24, 2015          0          4          5     "	13455	2015-12-24	"Thu"	"Evening"	"045"	0	4	5	9	"04"	"45"	4	9
"13454     Thu. Dec 24, 2015          7          3          2     "	13454	2015-12-24	"Thu"	"Midday"	"732"	7	3	2	12	"73"	"32"	10	5
"13453     Wed. Dec 23, 2015          7          2          5     "	13453	2015-12-23	"Wed"	"Evening"	"725"	7	2	5	14	"72"	"25"	9	7
"13452     Wed. Dec 23, 2015          9          2          2     "	13452	2015-12-23	"Wed"	"Midday"	"922"	9	2	2	13	"92"	"22"	11	4
"13451     Tue. Dec 22, 2015          0          0          4     "	13451	2015-12-22	"Tue"	"Evening"	"004"	0	0	4	4	"00"	"04"	0	4
"13450     Tue. Dec 22, 2015          8          6          8     "	13450	2015-12-22	"Tue"	"Midday"	"868"	8	6	8	22	"86"	"68"	14	14
"13449     Mon. Dec 21, 2015          8          9          5     "	13449	2015-12-21	"Mon"	"Evening"	"895"	8	9	5	22	"89"	"95"	17	14
"13448     Mon. Dec 21, 2015          6          5          8     "	13448	2015-12-21	"Mon"	"Midday"	"658"	6	5	8	19	"65"	"58"	11	13
"13447     Sun. Dec 20, 2015          0          3          4     "	13447	2015-12-20	"Sun"	"Evening"	"034"	0	3	4	7	"03"	"34"	3	7
"13446     Sun. Dec 20, 2015          8          4          8     "	13446	2015-12-20	"Sun"	"Midday"	"848"	8	4	8	20	"84"	"48"	12	12
"13445     Sat. Dec 19, 2015          8          7          2     "	13445	2015-12-19	"Sat"	"Evening"	"872"	8	7	2	17	"87"	"72"	15	9
"13444     Sat. Dec 19, 2015          5          3          2     "	13444	2015-12-19	"Sat"	"Midday"	"532"	5	3	2	10	"53"	"32"	8	5
"13443     Fri. Dec 18, 2015          4          1          5     "	13443	2015-12-18	"Fri"	"Evening"	"415"	4	1	5	10	"41"	"15"	5	6
"13442     Fri. Dec 18, 2015          2          3          4     "	13442	2015-12-18	"Fri"	"Midday"	"234"	2	3	4	9	"23"	"34"	5	7
"13441     Thu. Dec 17, 2015          1          4          4     "	13441	2015-12-17	"Thu"	"Evening"	"144"	1	4	4	9	"14"	"44"	5	8
"13440     Thu. Dec 17, 2015          8          9          5     "	13440	2015-12-17	"Thu"	"Midday"	"895"	8	9	5	22	"89"	"95"	17	14
"13439     Wed. Dec 16, 2015          6          1          5     "	13439	2015-12-16	"Wed"	"Evening"	"615"	6	1	5	12	"61"	"15"	7	6
"13438     Wed. Dec 16, 2015          1          0          3     "	13438	2015-12-16	"Wed"	"Midday"	"103"	1	0	3	4	"10"	"03"	1	3
"13437     Tue. Dec 15, 2015          5          4          1     "	13437	2015-12-15	"Tue"	"Evening"	"541"	5	4	1	10	"54"	"41"	9	5
"13436     Tue. Dec 15, 2015          5          0          8     "	13436	2015-12-15	"Tue"	"Midday"	"508"	5	0	8	13	"50"	"08"	5	8
"13435     Mon. Dec 14, 2015          5          8          0     "	13435	2015-12-14	"Mon"	"Evening"	"580"	5	8	0	13	"58"	"80"	13	8
"13434     Mon. Dec 14, 2015          1          7          7     "	13434	2015-12-14	"Mon"	"Midday"	"177"	1	7	7	15	"17"	"77"	8	14
"13433     Sun. Dec 13, 2015          9          9          1     "	13433	2015-12-13	"Sun"	"Evening"	"991"	9	9	1	19	"99"	"91"	18	10
"13432     Sun. Dec 13, 2015          2          6          6     "	13432	2015-12-13	"Sun"	"Midday"	"266"	2	6	6	14	"26"	"66"	8	12
"13431     Sat. Dec 12, 2015          4          7          2     "	13431	2015-12-12	"Sat"	"Evening"	"472"	4	7	2	13	"47"	"72"	11	9
"13430     Sat. Dec 12, 2015          9          1          7     "	13430	2015-12-12	"Sat"	"Midday"	"917"	9	1	7	17	"91"	"17"	10	8
"13429     Fri. Dec 11, 2015          3          5          9     "	13429	2015-12-11	"Fri"	"Evening"	"359"	3	5	9	17	"35"	"59"	8	14
"13428     Fri. Dec 11, 2015          7          9          0     "	13428	2015-12-11	"Fri"	"Midday"	"790"	7	9	0	16	"79"	"90"	16	9
"13427     Thu. Dec 10, 2015          6          1          1     "	13427	2015-12-10	"Thu"	"Evening"	"611"	6	1	1	8	"61"	"11"	7	2
"13426     Thu. Dec 10, 2015          9          7          7     "	13426	2015-12-10	"Thu"	"Midday"	"977"	9	7	7	23	"97"	"77"	16	14
"13425     Wed. Dec 09, 2015          8          6          5     "	13425	2015-12-09	"Wed"	"Evening"	"865"	8	6	5	19	"86"	"65"	14	11
"13424     Wed. Dec 09, 2015          5          1          5     "	13424	2015-12-09	"Wed"	"Midday"	"515"	5	1	5	11	"51"	"15"	6	6
"13423     Tue. Dec 08, 2015          1          9          6     "	13423	2015-12-08	"Tue"	"Evening"	"196"	1	9	6	16	"19"	"96"	10	15
"13422     Tue. Dec 08, 2015          6          9          0     "	13422	2015-12-08	"Tue"	"Midday"	"690"	6	9	0	15	"69"	"90"	15	9
"13421     Mon. Dec 07, 2015          6          1          4     "	13421	2015-12-07	"Mon"	"Evening"	"614"	6	1	4	11	"61"	"14"	7	5
"13420     Mon. Dec 07, 2015          8          5          9     "	13420	2015-12-07	"Mon"	"Midday"	"859"	8	5	9	22	"85"	"59"	13	14
"13419     Sun. Dec 06, 2015          8          3          3     "	13419	2015-12-06	"Sun"	"Evening"	"833"	8	3	3	14	"83"	"33"	11	6
"13418     Sun. Dec 06, 2015          3          0          0     "	13418	2015-12-06	"Sun"	"Midday"	"300"	3	0	0	3	"30"	"00"	3	0
"13417     Sat. Dec 05, 2015          8          1          0     "	13417	2015-12-05	"Sat"	"Evening"	"810"	8	1	0	9	"81"	"10"	9	1
"13416     Sat. Dec 05, 2015          0          9          7     "	13416	2015-12-05	"Sat"	"Midday"	"097"	0	9	7	16	"09"	"97"	9	16
"13415     Fri. Dec 04, 2015          7          6          3     "	13415	2015-12-04	"Fri"	"Evening"	"763"	7	6	3	16	"76"	"63"	13	9
"13414     Fri. Dec 04, 2015          9          1          1     "	13414	2015-12-04	"Fri"	"Midday"	"911"	9	1	1	11	"91"	"11"	10	2
"13413     Thu. Dec 03, 2015          0          5          6     "	13413	2015-12-03	"Thu"	"Evening"	"056"	0	5	6	11	"05"	"56"	5	11
"13412     Thu. Dec 03, 2015          9          3          4     "	13412	2015-12-03	"Thu"	"Midday"	"934"	9	3	4	16	"93"	"34"	12	7
"13411     Wed. Dec 02, 2015          6          1          0     "	13411	2015-12-02	"Wed"	"Evening"	"610"	6	1	0	7	"61"	"10"	7	1
"13410     Wed. Dec 02, 2015          3          7          6     "	13410	2015-12-02	"Wed"	"Midday"	"376"	3	7	6	16	"37"	"76"	10	13
"13409     Tue. Dec 01, 2015          9          5          2     "	13409	2015-12-01	"Tue"	"Evening"	"952"	9	5	2	16	"95"	"52"	14	7
"13408     Tue. Dec 01, 2015          8          3          5     "	13408	2015-12-01	"Tue"	"Midday"	"835"	8	3	5	16	"83"	"35"	11	8
"13407     Mon. Nov 30, 2015          1          2          2     "	13407	2015-11-30	"Mon"	"Evening"	"122"	1	2	2	5	"12"	"22"	3	4
"13406     Mon. Nov 30, 2015          3          9          4     "	13406	2015-11-30	"Mon"	"Midday"	"394"	3	9	4	16	"39"	"94"	12	13
"13405     Sun. Nov 29, 2015          7          1          6     "	13405	2015-11-29	"Sun"	"Evening"	"716"	7	1	6	14	"71"	"16"	8	7
"13404     Sun. Nov 29, 2015          3          2          9     "	13404	2015-11-29	"Sun"	"Midday"	"329"	3	2	9	14	"32"	"29"	5	11
"13403     Sat. Nov 28, 2015          2          2          5     "	13403	2015-11-28	"Sat"	"Evening"	"225"	2	2	5	9	"22"	"25"	4	7
"13402     Sat. Nov 28, 2015          8          8          8     "	13402	2015-11-28	"Sat"	"Midday"	"888"	8	8	8	24	"88"	"88"	16	16
"13401     Fri. Nov 27, 2015          3          1          2     "	13401	2015-11-27	"Fri"	"Evening"	"312"	3	1	2	6	"31"	"12"	4	3
"13400     Fri. Nov 27, 2015          9          9          5     "	13400	2015-11-27	"Fri"	"Midday"	"995"	9	9	5	23	"99"	"95"	18	14
"13399     Thu. Nov 26, 2015          4          8          2     "	13399	2015-11-26	"Thu"	"Evening"	"482"	4	8	2	14	"48"	"82"	12	10
"13398     Thu. Nov 26, 2015          2          7          4     "	13398	2015-11-26	"Thu"	"Midday"	"274"	2	7	4	13	"27"	"74"	9	11
"13397     Wed. Nov 25, 2015          2          6          7     "	13397	2015-11-25	"Wed"	"Evening"	"267"	2	6	7	15	"26"	"67"	8	13
"13396     Wed. Nov 25, 2015          4          1          1     "	13396	2015-11-25	"Wed"	"Midday"	"411"	4	1	1	6	"41"	"11"	5	2
"13395     Tue. Nov 24, 2015          8          9          8     "	13395	2015-11-24	"Tue"	"Evening"	"898"	8	9	8	25	"89"	"98"	17	17
"13394     Tue. Nov 24, 2015          7          7          1     "	13394	2015-11-24	"Tue"	"Midday"	"771"	7	7	1	15	"77"	"71"	14	8
"13393     Mon. Nov 23, 2015          5          2          6     "	13393	2015-11-23	"Mon"	"Evening"	"526"	5	2	6	13	"52"	"26"	7	8
"13392     Mon. Nov 23, 2015          4          9          7     "	13392	2015-11-23	"Mon"	"Midday"	"497"	4	9	7	20	"49"	"97"	13	16
"13391     Sun. Nov 22, 2015          7          9          6     "	13391	2015-11-22	"Sun"	"Evening"	"796"	7	9	6	22	"79"	"96"	16	15
"13390     Sun. Nov 22, 2015          8          1          0     "	13390	2015-11-22	"Sun"	"Midday"	"810"	8	1	0	9	"81"	"10"	9	1
"13389     Sat. Nov 21, 2015          1          7          5     "	13389	2015-11-21	"Sat"	"Evening"	"175"	1	7	5	13	"17"	"75"	8	12
"13388     Sat. Nov 21, 2015          0          1          2     "	13388	2015-11-21	"Sat"	"Midday"	"012"	0	1	2	3	"01"	"12"	1	3
"13387     Fri. Nov 20, 2015          6          1          0     "	13387	2015-11-20	"Fri"	"Evening"	"610"	6	1	0	7	"61"	"10"	7	1
"13386     Fri. Nov 20, 2015          4          0          8     "	13386	2015-11-20	"Fri"	"Midday"	"408"	4	0	8	12	"40"	"08"	4	8
"13385     Thu. Nov 19, 2015          2          1          4     "	13385	2015-11-19	"Thu"	"Evening"	"214"	2	1	4	7	"21"	"14"	3	5
"13384     Thu. Nov 19, 2015          0          7          8     "	13384	2015-11-19	"Thu"	"Midday"	"078"	0	7	8	15	"07"	"78"	7	15
"13383     Wed. Nov 18, 2015          2          4          4     "	13383	2015-11-18	"Wed"	"Evening"	"244"	2	4	4	10	"24"	"44"	6	8
"13382     Wed. Nov 18, 2015          2          6          2     "	13382	2015-11-18	"Wed"	"Midday"	"262"	2	6	2	10	"26"	"62"	8	8
"13381     Tue. Nov 17, 2015          2          6          3     "	13381	2015-11-17	"Tue"	"Evening"	"263"	2	6	3	11	"26"	"63"	8	9
"13380     Tue. Nov 17, 2015          4          7          4     "	13380	2015-11-17	"Tue"	"Midday"	"474"	4	7	4	15	"47"	"74"	11	11
"13379     Mon. Nov 16, 2015          6          8          3     "	13379	2015-11-16	"Mon"	"Evening"	"683"	6	8	3	17	"68"	"83"	14	11
"13378     Mon. Nov 16, 2015          6          4          4     "	13378	2015-11-16	"Mon"	"Midday"	"644"	6	4	4	14	"64"	"44"	10	8
"13377     Sun. Nov 15, 2015          6          4          7     "	13377	2015-11-15	"Sun"	"Evening"	"647"	6	4	7	17	"64"	"47"	10	11
"13376     Sun. Nov 15, 2015          3          4          4     "	13376	2015-11-15	"Sun"	"Midday"	"344"	3	4	4	11	"34"	"44"	7	8
"13375     Sat. Nov 14, 2015          3          0          1     "	13375	2015-11-14	"Sat"	"Evening"	"301"	3	0	1	4	"30"	"01"	3	1
"13374     Sat. Nov 14, 2015          1          9          7     "	13374	2015-11-14	"Sat"	"Midday"	"197"	1	9	7	17	"19"	"97"	10	16
"13373     Fri. Nov 13, 2015          1          3          9     "	13373	2015-11-13	"Fri"	"Evening"	"139"	1	3	9	13	"13"	"39"	4	12
"13372     Fri. Nov 13, 2015          2          8          8     "	13372	2015-11-13	"Fri"	"Midday"	"288"	2	8	8	18	"28"	"88"	10	16
"13371     Thu. Nov 12, 2015          1          6          6     "	13371	2015-11-12	"Thu"	"Evening"	"166"	1	6	6	13	"16"	"66"	7	12
"13370     Thu. Nov 12, 2015          4          0          5     "	13370	2015-11-12	"Thu"	"Midday"	"405"	4	0	5	9	"40"	"05"	4	5
"13369     Wed. Nov 11, 2015          6          5          9     "	13369	2015-11-11	"Wed"	"Evening"	"659"	6	5	9	20	"65"	"59"	11	14
"13368     Wed. Nov 11, 2015          0          3          2     "	13368	2015-11-11	"Wed"	"Midday"	"032"	0	3	2	5	"03"	"32"	3	5
"13367     Tue. Nov 10, 2015          9          6          5     "	13367	2015-11-10	"Tue"	"Evening"	"965"	9	6	5	20	"96"	"65"	15	11
"13366     Tue. Nov 10, 2015          8          7          7     "	13366	2015-11-10	"Tue"	"Midday"	"877"	8	7	7	22	"87"	"77"	15	14
"13365     Mon. Nov 09, 2015          3          2          3     "	13365	2015-11-09	"Mon"	"Evening"	"323"	3	2	3	8	"32"	"23"	5	5
"13364     Mon. Nov 09, 2015          5          1          8     "	13364	2015-11-09	"Mon"	"Midday"	"518"	5	1	8	14	"51"	"18"	6	9
"13363     Sun. Nov 08, 2015          8          2          7     "	13363	2015-11-08	"Sun"	"Evening"	"827"	8	2	7	17	"82"	"27"	10	9
"13362     Sun. Nov 08, 2015          3          0          1     "	13362	2015-11-08	"Sun"	"Midday"	"301"	3	0	1	4	"30"	"01"	3	1
"13361     Sat. Nov 07, 2015          9          4          3     "	13361	2015-11-07	"Sat"	"Evening"	"943"	9	4	3	16	"94"	"43"	13	7
"13360     Sat. Nov 07, 2015          7          4          7     "	13360	2015-11-07	"Sat"	"Midday"	"747"	7	4	7	18	"74"	"47"	11	11
"13359     Fri. Nov 06, 2015          1          2          5     "	13359	2015-11-06	"Fri"	"Evening"	"125"	1	2	5	8	"12"	"25"	3	7
"13358     Fri. Nov 06, 2015          0          0          0     "	13358	2015-11-06	"Fri"	"Midday"	"000"	0	0	0	0	"00"	"00"	0	0
"13357     Thu. Nov 05, 2015          5          2          6     "	13357	2015-11-05	"Thu"	"Evening"	"526"	5	2	6	13	"52"	"26"	7	8
"13356     Thu. Nov 05, 2015          1          3          5     "	13356	2015-11-05	"Thu"	"Midday"	"135"	1	3	5	9	"13"	"35"	4	8
"13355     Wed. Nov 04, 2015          8          5          4     "	13355	2015-11-04	"Wed"	"Evening"	"854"	8	5	4	17	"85"	"54"	13	9
"13354     Wed. Nov 04, 2015          8          1          8     "	13354	2015-11-04	"Wed"	"Midday"	"818"	8	1	8	17	"81"	"18"	9	9
"13353     Tue. Nov 03, 2015          6          5          7     "	13353	2015-11-03	"Tue"	"Evening"	"657"	6	5	7	18	"65"	"57"	11	12
"13352     Tue. Nov 03, 2015          1          3          8     "	13352	2015-11-03	"Tue"	"Midday"	"138"	1	3	8	12	"13"	"38"	4	11
"13351     Mon. Nov 02, 2015          5          1          3     "	13351	2015-11-02	"Mon"	"Evening"	"513"	5	1	3	9	"51"	"13"	6	4
"13350     Mon. Nov 02, 2015          7          0          6     "	13350	2015-11-02	"Mon"	"Midday"	"706"	7	0	6	13	"70"	"06"	7	6
"13349     Sun. Nov 01, 2015          9          5          8     "	13349	2015-11-01	"Sun"	"Evening"	"958"	9	5	8	22	"95"	"58"	14	13
"13348     Sun. Nov 01, 2015          2          9          9     "	13348	2015-11-01	"Sun"	"Midday"	"299"	2	9	9	20	"29"	"99"	11	18
"13347     Sat. Oct 31, 2015          3          1          5     "	13347	2015-10-31	"Sat"	"Evening"	"315"	3	1	5	9	"31"	"15"	4	6
"13346     Sat. Oct 31, 2015          7          6          4     "	13346	2015-10-31	"Sat"	"Midday"	"764"	7	6	4	17	"76"	"64"	13	10
"13345     Fri. Oct 30, 2015          8          7          5     "	13345	2015-10-30	"Fri"	"Evening"	"875"	8	7	5	20	"87"	"75"	15	12
"13344     Fri. Oct 30, 2015          4          8          6     "	13344	2015-10-30	"Fri"	"Midday"	"486"	4	8	6	18	"48"	"86"	12	14
"13343     Thu. Oct 29, 2015          8          6          5     "	13343	2015-10-29	"Thu"	"Evening"	"865"	8	6	5	19	"86"	"65"	14	11
"13342     Thu. Oct 29, 2015          7          7          7     "	13342	2015-10-29	"Thu"	"Midday"	"777"	7	7	7	21	"77"	"77"	14	14
"13341     Wed. Oct 28, 2015          0          4          5     "	13341	2015-10-28	"Wed"	"Evening"	"045"	0	4	5	9	"04"	"45"	4	9
"13340     Wed. Oct 28, 2015          4          8          5     "	13340	2015-10-28	"Wed"	"Midday"	"485"	4	8	5	17	"48"	"85"	12	13
"13339     Tue. Oct 27, 2015          7          6          6     "	13339	2015-10-27	"Tue"	"Evening"	"766"	7	6	6	19	"76"	"66"	13	12
"13338     Tue. Oct 27, 2015          5          0          7     "	13338	2015-10-27	"Tue"	"Midday"	"507"	5	0	7	12	"50"	"07"	5	7
"13337     Mon. Oct 26, 2015          9          8          4     "	13337	2015-10-26	"Mon"	"Evening"	"984"	9	8	4	21	"98"	"84"	17	12
"13336     Mon. Oct 26, 2015          2          1          5     "	13336	2015-10-26	"Mon"	"Midday"	"215"	2	1	5	8	"21"	"15"	3	6
"13335     Sun. Oct 25, 2015          7          4          6     "	13335	2015-10-25	"Sun"	"Evening"	"746"	7	4	6	17	"74"	"46"	11	10
"13334     Sun. Oct 25, 2015          7          4          7     "	13334	2015-10-25	"Sun"	"Midday"	"747"	7	4	7	18	"74"	"47"	11	11
"13333     Sat. Oct 24, 2015          4          6          3     "	13333	2015-10-24	"Sat"	"Evening"	"463"	4	6	3	13	"46"	"63"	10	9
"13332     Sat. Oct 24, 2015          5          7          5     "	13332	2015-10-24	"Sat"	"Midday"	"575"	5	7	5	17	"57"	"75"	12	12
"13331     Fri. Oct 23, 2015          4          2          1     "	13331	2015-10-23	"Fri"	"Evening"	"421"	4	2	1	7	"42"	"21"	6	3
"13330     Fri. Oct 23, 2015          1          1          9     "	13330	2015-10-23	"Fri"	"Midday"	"119"	1	1	9	11	"11"	"19"	2	10
"13329     Thu. Oct 22, 2015          1          8          6     "	13329	2015-10-22	"Thu"	"Evening"	"186"	1	8	6	15	"18"	"86"	9	14
"13328     Thu. Oct 22, 2015          4          1          0     "	13328	2015-10-22	"Thu"	"Midday"	"410"	4	1	0	5	"41"	"10"	5	1
"13327     Wed. Oct 21, 2015          9          7          8     "	13327	2015-10-21	"Wed"	"Evening"	"978"	9	7	8	24	"97"	"78"	16	15
"13326     Wed. Oct 21, 2015          5          6          1     "	13326	2015-10-21	"Wed"	"Midday"	"561"	5	6	1	12	"56"	"61"	11	7
"13325     Tue. Oct 20, 2015          3          1          8     "	13325	2015-10-20	"Tue"	"Evening"	"318"	3	1	8	12	"31"	"18"	4	9
"13324     Tue. Oct 20, 2015          2          2          2     "	13324	2015-10-20	"Tue"	"Midday"	"222"	2	2	2	6	"22"	"22"	4	4
"13323     Mon. Oct 19, 2015          7          9          1     "	13323	2015-10-19	"Mon"	"Evening"	"791"	7	9	1	17	"79"	"91"	16	10
"13322     Mon. Oct 19, 2015          0          2          8     "	13322	2015-10-19	"Mon"	"Midday"	"028"	0	2	8	10	"02"	"28"	2	10
"13321     Sun. Oct 18, 2015          1          9          4     "	13321	2015-10-18	"Sun"	"Evening"	"194"	1	9	4	14	"19"	"94"	10	13
"13320     Sun. Oct 18, 2015          0          6          0     "	13320	2015-10-18	"Sun"	"Midday"	"060"	0	6	0	6	"06"	"60"	6	6
"13319     Sat. Oct 17, 2015          5          4          1     "	13319	2015-10-17	"Sat"	"Evening"	"541"	5	4	1	10	"54"	"41"	9	5
"13318     Sat. Oct 17, 2015          8          8          9     "	13318	2015-10-17	"Sat"	"Midday"	"889"	8	8	9	25	"88"	"89"	16	17
"13317     Fri. Oct 16, 2015          7          4          1     "	13317	2015-10-16	"Fri"	"Evening"	"741"	7	4	1	12	"74"	"41"	11	5
"13316     Fri. Oct 16, 2015          3          5          9     "	13316	2015-10-16	"Fri"	"Midday"	"359"	3	5	9	17	"35"	"59"	8	14
"13315     Thu. Oct 15, 2015          6          6          9     "	13315	2015-10-15	"Thu"	"Evening"	"669"	6	6	9	21	"66"	"69"	12	15
"13314     Thu. Oct 15, 2015          5          4          0     "	13314	2015-10-15	"Thu"	"Midday"	"540"	5	4	0	9	"54"	"40"	9	4
"13313     Wed. Oct 14, 2015          7          6          7     "	13313	2015-10-14	"Wed"	"Evening"	"767"	7	6	7	20	"76"	"67"	13	13
"13312     Wed. Oct 14, 2015          4          8          7     "	13312	2015-10-14	"Wed"	"Midday"	"487"	4	8	7	19	"48"	"87"	12	15
"13311     Tue. Oct 13, 2015          3          6          4     "	13311	2015-10-13	"Tue"	"Evening"	"364"	3	6	4	13	"36"	"64"	9	10
"13310     Tue. Oct 13, 2015          0          2          3     "	13310	2015-10-13	"Tue"	"Midday"	"023"	0	2	3	5	"02"	"23"	2	5
"13309     Mon. Oct 12, 2015          9          6          6     "	13309	2015-10-12	"Mon"	"Evening"	"966"	9	6	6	21	"96"	"66"	15	12
"13308     Mon. Oct 12, 2015          2          0          9     "	13308	2015-10-12	"Mon"	"Midday"	"209"	2	0	9	11	"20"	"09"	2	9
"13307     Sun. Oct 11, 2015          7          3          6     "	13307	2015-10-11	"Sun"	"Evening"	"736"	7	3	6	16	"73"	"36"	10	9
"13306     Sun. Oct 11, 2015          9          3          5     "	13306	2015-10-11	"Sun"	"Midday"	"935"	9	3	5	17	"93"	"35"	12	8
"13305     Sat. Oct 10, 2015          1          2          8     "	13305	2015-10-10	"Sat"	"Evening"	"128"	1	2	8	11	"12"	"28"	3	10
"13304     Sat. Oct 10, 2015          3          5          4     "	13304	2015-10-10	"Sat"	"Midday"	"354"	3	5	4	12	"35"	"54"	8	9
"13303     Fri. Oct 09, 2015          5          7          2     "	13303	2015-10-09	"Fri"	"Evening"	"572"	5	7	2	14	"57"	"72"	12	9
"13302     Fri. Oct 09, 2015          4          2          1     "	13302	2015-10-09	"Fri"	"Midday"	"421"	4	2	1	7	"42"	"21"	6	3
"13301     Thu. Oct 08, 2015          0          1          0     "	13301	2015-10-08	"Thu"	"Evening"	"010"	0	1	0	1	"01"	"10"	1	1
"13300     Thu. Oct 08, 2015          8          6          1     "	13300	2015-10-08	"Thu"	"Midday"	"861"	8	6	1	15	"86"	"61"	14	7
"13299     Wed. Oct 07, 2015          5          2          7     "	13299	2015-10-07	"Wed"	"Evening"	"527"	5	2	7	14	"52"	"27"	7	9
"13298     Wed. Oct 07, 2015          7          3          5     "	13298	2015-10-07	"Wed"	"Midday"	"735"	7	3	5	15	"73"	"35"	10	8
"13297     Tue. Oct 06, 2015          7          4          0     "	13297	2015-10-06	"Tue"	"Evening"	"740"	7	4	0	11	"74"	"40"	11	4
"13296     Tue. Oct 06, 2015          4          5          7     "	13296	2015-10-06	"Tue"	"Midday"	"457"	4	5	7	16	"45"	"57"	9	12
"13295     Mon. Oct 05, 2015          7          8          9     "	13295	2015-10-05	"Mon"	"Evening"	"789"	7	8	9	24	"78"	"89"	15	17
"13294     Mon. Oct 05, 2015          9          8          5     "	13294	2015-10-05	"Mon"	"Midday"	"985"	9	8	5	22	"98"	"85"	17	13
"13293     Sun. Oct 04, 2015          3          5          3     "	13293	2015-10-04	"Sun"	"Evening"	"353"	3	5	3	11	"35"	"53"	8	8
"13292     Sun. Oct 04, 2015          9          5          1     "	13292	2015-10-04	"Sun"	"Midday"	"951"	9	5	1	15	"95"	"51"	14	6
"13291     Sat. Oct 03, 2015          4          5          3     "	13291	2015-10-03	"Sat"	"Evening"	"453"	4	5	3	12	"45"	"53"	9	8
"13290     Sat. Oct 03, 2015          3          8          9     "	13290	2015-10-03	"Sat"	"Midday"	"389"	3	8	9	20	"38"	"89"	11	17
"13289     Fri. Oct 02, 2015          4          3          2     "	13289	2015-10-02	"Fri"	"Evening"	"432"	4	3	2	9	"43"	"32"	7	5
"13288     Fri. Oct 02, 2015          0          7          0     "	13288	2015-10-02	"Fri"	"Midday"	"070"	0	7	0	7	"07"	"70"	7	7
"13287     Thu. Oct 01, 2015          6          4          7     "	13287	2015-10-01	"Thu"	"Evening"	"647"	6	4	7	17	"64"	"47"	10	11
"13286     Thu. Oct 01, 2015          7          5          1     "	13286	2015-10-01	"Thu"	"Midday"	"751"	7	5	1	13	"75"	"51"	12	6
"13285     Wed. Sep 30, 2015          2          9          9     "	13285	2015-09-30	"Wed"	"Evening"	"299"	2	9	9	20	"29"	"99"	11	18
"13284     Wed. Sep 30, 2015          8          7          1     "	13284	2015-09-30	"Wed"	"Midday"	"871"	8	7	1	16	"87"	"71"	15	8
"13283     Tue. Sep 29, 2015          7          0          3     "	13283	2015-09-29	"Tue"	"Evening"	"703"	7	0	3	10	"70"	"03"	7	3
"13282     Tue. Sep 29, 2015          6          3          6     "	13282	2015-09-29	"Tue"	"Midday"	"636"	6	3	6	15	"63"	"36"	9	9
"13281     Mon. Sep 28, 2015          8          2          7     "	13281	2015-09-28	"Mon"	"Evening"	"827"	8	2	7	17	"82"	"27"	10	9
"13280     Mon. Sep 28, 2015          3          2          2     "	13280	2015-09-28	"Mon"	"Midday"	"322"	3	2	2	7	"32"	"22"	5	4
"13279     Sun. Sep 27, 2015          2          2          2     "	13279	2015-09-27	"Sun"	"Evening"	"222"	2	2	2	6	"22"	"22"	4	4
"13278     Sun. Sep 27, 2015          8          2          7     "	13278	2015-09-27	"Sun"	"Midday"	"827"	8	2	7	17	"82"	"27"	10	9
"13277     Sat. Sep 26, 2015          8          6          4     "	13277	2015-09-26	"Sat"	"Evening"	"864"	8	6	4	18	"86"	"64"	14	10
"13276     Sat. Sep 26, 2015          4          7          5     "	13276	2015-09-26	"Sat"	"Midday"	"475"	4	7	5	16	"47"	"75"	11	12
"13275     Fri. Sep 25, 2015          0          6          5     "	13275	2015-09-25	"Fri"	"Evening"	"065"	0	6	5	11	"06"	"65"	6	11
"13274     Fri. Sep 25, 2015          1          9          9     "	13274	2015-09-25	"Fri"	"Midday"	"199"	1	9	9	19	"19"	"99"	10	18
"13273     Thu. Sep 24, 2015          3          3          2     "	13273	2015-09-24	"Thu"	"Evening"	"332"	3	3	2	8	"33"	"32"	6	5
"13272     Thu. Sep 24, 2015          5          3          8     "	13272	2015-09-24	"Thu"	"Midday"	"538"	5	3	8	16	"53"	"38"	8	11
"13271     Wed. Sep 23, 2015          0          5          1     "	13271	2015-09-23	"Wed"	"Evening"	"051"	0	5	1	6	"05"	"51"	5	6
"13270     Wed. Sep 23, 2015          7          7          1     "	13270	2015-09-23	"Wed"	"Midday"	"771"	7	7	1	15	"77"	"71"	14	8
"13269     Tue. Sep 22, 2015          7          1          6     "	13269	2015-09-22	"Tue"	"Evening"	"716"	7	1	6	14	"71"	"16"	8	7
"13268     Tue. Sep 22, 2015          3          9          3     "	13268	2015-09-22	"Tue"	"Midday"	"393"	3	9	3	15	"39"	"93"	12	12
"13267     Mon. Sep 21, 2015          2          3          4     "	13267	2015-09-21	"Mon"	"Evening"	"234"	2	3	4	9	"23"	"34"	5	7
"13266     Mon. Sep 21, 2015          4          8          0     "	13266	2015-09-21	"Mon"	"Midday"	"480"	4	8	0	12	"48"	"80"	12	8
"13265     Sun. Sep 20, 2015          9          3          7     "	13265	2015-09-20	"Sun"	"Evening"	"937"	9	3	7	19	"93"	"37"	12	10
"13264     Sun. Sep 20, 2015          8          2          3     "	13264	2015-09-20	"Sun"	"Midday"	"823"	8	2	3	13	"82"	"23"	10	5
"13263     Sat. Sep 19, 2015          6          4          9     "	13263	2015-09-19	"Sat"	"Evening"	"649"	6	4	9	19	"64"	"49"	10	13
"13262     Sat. Sep 19, 2015          5          0          5     "	13262	2015-09-19	"Sat"	"Midday"	"505"	5	0	5	10	"50"	"05"	5	5
"13261     Fri. Sep 18, 2015          7          1          4     "	13261	2015-09-18	"Fri"	"Evening"	"714"	7	1	4	12	"71"	"14"	8	5
"13260     Fri. Sep 18, 2015          2          8          8     "	13260	2015-09-18	"Fri"	"Midday"	"288"	2	8	8	18	"28"	"88"	10	16
"13259     Thu. Sep 17, 2015          6          3          7     "	13259	2015-09-17	"Thu"	"Evening"	"637"	6	3	7	16	"63"	"37"	9	10
"13258     Thu. Sep 17, 2015          6          9          5     "	13258	2015-09-17	"Thu"	"Midday"	"695"	6	9	5	20	"69"	"95"	15	14
"13257     Wed. Sep 16, 2015          2          3          8     "	13257	2015-09-16	"Wed"	"Evening"	"238"	2	3	8	13	"23"	"38"	5	11
"13256     Wed. Sep 16, 2015          9          1          9     "	13256	2015-09-16	"Wed"	"Midday"	"919"	9	1	9	19	"91"	"19"	10	10
"13255     Tue. Sep 15, 2015          7          0          9     "	13255	2015-09-15	"Tue"	"Evening"	"709"	7	0	9	16	"70"	"09"	7	9
"13254     Tue. Sep 15, 2015          4          3          0     "	13254	2015-09-15	"Tue"	"Midday"	"430"	4	3	0	7	"43"	"30"	7	3
"13253     Mon. Sep 14, 2015          2          2          8     "	13253	2015-09-14	"Mon"	"Evening"	"228"	2	2	8	12	"22"	"28"	4	10
"13252     Mon. Sep 14, 2015          1          5          2     "	13252	2015-09-14	"Mon"	"Midday"	"152"	1	5	2	8	"15"	"52"	6	7
"13251     Sun. Sep 13, 2015          2          2          9     "	13251	2015-09-13	"Sun"	"Evening"	"229"	2	2	9	13	"22"	"29"	4	11
"13250     Sun. Sep 13, 2015          8          6          9     "	13250	2015-09-13	"Sun"	"Midday"	"869"	8	6	9	23	"86"	"69"	14	15
"13249     Sat. Sep 12, 2015          9          8          8     "	13249	2015-09-12	"Sat"	"Evening"	"988"	9	8	8	25	"98"	"88"	17	16
"13248     Sat. Sep 12, 2015          1          4          4     "	13248	2015-09-12	"Sat"	"Midday"	"144"	1	4	4	9	"14"	"44"	5	8
"13247     Fri. Sep 11, 2015          1          7          4     "	13247	2015-09-11	"Fri"	"Evening"	"174"	1	7	4	12	"17"	"74"	8	11
"13246     Fri. Sep 11, 2015          1          1          3     "	13246	2015-09-11	"Fri"	"Midday"	"113"	1	1	3	5	"11"	"13"	2	4
"13245     Thu. Sep 10, 2015          0          5          3     "	13245	2015-09-10	"Thu"	"Evening"	"053"	0	5	3	8	"05"	"53"	5	8
"13244     Thu. Sep 10, 2015          7          8          0     "	13244	2015-09-10	"Thu"	"Midday"	"780"	7	8	0	15	"78"	"80"	15	8
"13243     Wed. Sep 09, 2015          9          8          2     "	13243	2015-09-09	"Wed"	"Evening"	"982"	9	8	2	19	"98"	"82"	17	10
"13242     Wed. Sep 09, 2015          8          4          6     "	13242	2015-09-09	"Wed"	"Midday"	"846"	8	4	6	18	"84"	"46"	12	10
"13241     Tue. Sep 08, 2015          6          0          0     "	13241	2015-09-08	"Tue"	"Evening"	"600"	6	0	0	6	"60"	"00"	6	0
"13240     Tue. Sep 08, 2015          7          4          3     "	13240	2015-09-08	"Tue"	"Midday"	"743"	7	4	3	14	"74"	"43"	11	7
"13239     Mon. Sep 07, 2015          8          0          4     "	13239	2015-09-07	"Mon"	"Evening"	"804"	8	0	4	12	"80"	"04"	8	4
"13238     Mon. Sep 07, 2015          6          1          5     "	13238	2015-09-07	"Mon"	"Midday"	"615"	6	1	5	12	"61"	"15"	7	6
"13237     Sun. Sep 06, 2015          0          5          1     "	13237	2015-09-06	"Sun"	"Evening"	"051"	0	5	1	6	"05"	"51"	5	6
"13236     Sun. Sep 06, 2015          4          1          9     "	13236	2015-09-06	"Sun"	"Midday"	"419"	4	1	9	14	"41"	"19"	5	10
"13235     Sat. Sep 05, 2015          3          5          8     "	13235	2015-09-05	"Sat"	"Evening"	"358"	3	5	8	16	"35"	"58"	8	13
"13234     Sat. Sep 05, 2015          1          3          5     "	13234	2015-09-05	"Sat"	"Midday"	"135"	1	3	5	9	"13"	"35"	4	8
"13233     Fri. Sep 04, 2015          4          8          0     "	13233	2015-09-04	"Fri"	"Evening"	"480"	4	8	0	12	"48"	"80"	12	8
"13232     Fri. Sep 04, 2015          2          6          3     "	13232	2015-09-04	"Fri"	"Midday"	"263"	2	6	3	11	"26"	"63"	8	9
"13231     Thu. Sep 03, 2015          4          7          4     "	13231	2015-09-03	"Thu"	"Evening"	"474"	4	7	4	15	"47"	"74"	11	11
"13230     Thu. Sep 03, 2015          8          0          6     "	13230	2015-09-03	"Thu"	"Midday"	"806"	8	0	6	14	"80"	"06"	8	6
"13229     Wed. Sep 02, 2015          3          2          2     "	13229	2015-09-02	"Wed"	"Evening"	"322"	3	2	2	7	"32"	"22"	5	4
"13228     Wed. Sep 02, 2015          7          9          8     "	13228	2015-09-02	"Wed"	"Midday"	"798"	7	9	8	24	"79"	"98"	16	17
"13227     Tue. Sep 01, 2015          0          8          9     "	13227	2015-09-01	"Tue"	"Evening"	"089"	0	8	9	17	"08"	"89"	8	17
"13226     Tue. Sep 01, 2015          6          4          9     "	13226	2015-09-01	"Tue"	"Midday"	"649"	6	4	9	19	"64"	"49"	10	13
"13225     Mon. Aug 31, 2015          0          0          3     "	13225	2015-08-31	"Mon"	"Evening"	"003"	0	0	3	3	"00"	"03"	0	3
"13224     Mon. Aug 31, 2015          6          5          7     "	13224	2015-08-31	"Mon"	"Midday"	"657"	6	5	7	18	"65"	"57"	11	12
"13223     Sun. Aug 30, 2015          5          8          4     "	13223	2015-08-30	"Sun"	"Evening"	"584"	5	8	4	17	"58"	"84"	13	12
"13222     Sun. Aug 30, 2015          8          5          5     "	13222	2015-08-30	"Sun"	"Midday"	"855"	8	5	5	18	"85"	"55"	13	10
"13221     Sat. Aug 29, 2015          4          2          3     "	13221	2015-08-29	"Sat"	"Evening"	"423"	4	2	3	9	"42"	"23"	6	5
"13220     Sat. Aug 29, 2015          8          2          1     "	13220	2015-08-29	"Sat"	"Midday"	"821"	8	2	1	11	"82"	"21"	10	3
"13219     Fri. Aug 28, 2015          4          8          5     "	13219	2015-08-28	"Fri"	"Evening"	"485"	4	8	5	17	"48"	"85"	12	13
"13218     Fri. Aug 28, 2015          5          4          3     "	13218	2015-08-28	"Fri"	"Midday"	"543"	5	4	3	12	"54"	"43"	9	7
"13217     Thu. Aug 27, 2015          6          7          5     "	13217	2015-08-27	"Thu"	"Evening"	"675"	6	7	5	18	"67"	"75"	13	12
"13216     Thu. Aug 27, 2015          2          7          9     "	13216	2015-08-27	"Thu"	"Midday"	"279"	2	7	9	18	"27"	"79"	9	16
"13215     Wed. Aug 26, 2015          5          6          9     "	13215	2015-08-26	"Wed"	"Evening"	"569"	5	6	9	20	"56"	"69"	11	15
"13214     Wed. Aug 26, 2015          0          5          7     "	13214	2015-08-26	"Wed"	"Midday"	"057"	0	5	7	12	"05"	"57"	5	12
"13213     Tue. Aug 25, 2015          1          8          4     "	13213	2015-08-25	"Tue"	"Evening"	"184"	1	8	4	13	"18"	"84"	9	12
"13212     Tue. Aug 25, 2015          3          2          4     "	13212	2015-08-25	"Tue"	"Midday"	"324"	3	2	4	9	"32"	"24"	5	6
"13211     Mon. Aug 24, 2015          6          5          3     "	13211	2015-08-24	"Mon"	"Evening"	"653"	6	5	3	14	"65"	"53"	11	8
"13210     Mon. Aug 24, 2015          9          7          8     "	13210	2015-08-24	"Mon"	"Midday"	"978"	9	7	8	24	"97"	"78"	16	15
"13209     Sun. Aug 23, 2015          7          7          2     "	13209	2015-08-23	"Sun"	"Evening"	"772"	7	7	2	16	"77"	"72"	14	9
"13208     Sun. Aug 23, 2015          6          8          8     "	13208	2015-08-23	"Sun"	"Midday"	"688"	6	8	8	22	"68"	"88"	14	16
"13207     Sat. Aug 22, 2015          8          2          5     "	13207	2015-08-22	"Sat"	"Evening"	"825"	8	2	5	15	"82"	"25"	10	7
"13206     Sat. Aug 22, 2015          7          0          2     "	13206	2015-08-22	"Sat"	"Midday"	"702"	7	0	2	9	"70"	"02"	7	2
"13205     Fri. Aug 21, 2015          5          4          4     "	13205	2015-08-21	"Fri"	"Evening"	"544"	5	4	4	13	"54"	"44"	9	8
"13204     Fri. Aug 21, 2015          9          9          7     "	13204	2015-08-21	"Fri"	"Midday"	"997"	9	9	7	25	"99"	"97"	18	16
"13203     Thu. Aug 20, 2015          0          5          8     "	13203	2015-08-20	"Thu"	"Evening"	"058"	0	5	8	13	"05"	"58"	5	13
"13202     Thu. Aug 20, 2015          5          7          7     "	13202	2015-08-20	"Thu"	"Midday"	"577"	5	7	7	19	"57"	"77"	12	14
"13201     Wed. Aug 19, 2015          7          1          1     "	13201	2015-08-19	"Wed"	"Evening"	"711"	7	1	1	9	"71"	"11"	8	2
"13200     Wed. Aug 19, 2015          6          6          7     "	13200	2015-08-19	"Wed"	"Midday"	"667"	6	6	7	19	"66"	"67"	12	13
"13199     Tue. Aug 18, 2015          6          1          1     "	13199	2015-08-18	"Tue"	"Evening"	"611"	6	1	1	8	"61"	"11"	7	2
"13198     Tue. Aug 18, 2015          8          1          7     "	13198	2015-08-18	"Tue"	"Midday"	"817"	8	1	7	16	"81"	"17"	9	8
"13197     Mon. Aug 17, 2015          4          9          9     "	13197	2015-08-17	"Mon"	"Evening"	"499"	4	9	9	22	"49"	"99"	13	18
"13196     Mon. Aug 17, 2015          0          1          4     "	13196	2015-08-17	"Mon"	"Midday"	"014"	0	1	4	5	"01"	"14"	1	5
"13195     Sun. Aug 16, 2015          7          7          7     "	13195	2015-08-16	"Sun"	"Evening"	"777"	7	7	7	21	"77"	"77"	14	14
"13194     Sun. Aug 16, 2015          8          6          3     "	13194	2015-08-16	"Sun"	"Midday"	"863"	8	6	3	17	"86"	"63"	14	9
"13193     Sat. Aug 15, 2015          0          7          0     "	13193	2015-08-15	"Sat"	"Evening"	"070"	0	7	0	7	"07"	"70"	7	7
"13192     Sat. Aug 15, 2015          6          7          0     "	13192	2015-08-15	"Sat"	"Midday"	"670"	6	7	0	13	"67"	"70"	13	7
"13191     Fri. Aug 14, 2015          1          3          1     "	13191	2015-08-14	"Fri"	"Evening"	"131"	1	3	1	5	"13"	"31"	4	4
"13190     Fri. Aug 14, 2015          3          9          6     "	13190	2015-08-14	"Fri"	"Midday"	"396"	3	9	6	18	"39"	"96"	12	15
"13189     Thu. Aug 13, 2015          5          5          2     "	13189	2015-08-13	"Thu"	"Evening"	"552"	5	5	2	12	"55"	"52"	10	7
"13188     Thu. Aug 13, 2015          1          7          7     "	13188	2015-08-13	"Thu"	"Midday"	"177"	1	7	7	15	"17"	"77"	8	14
"13187     Wed. Aug 12, 2015          3          2          6     "	13187	2015-08-12	"Wed"	"Evening"	"326"	3	2	6	11	"32"	"26"	5	8
"13186     Wed. Aug 12, 2015          5          7          5     "	13186	2015-08-12	"Wed"	"Midday"	"575"	5	7	5	17	"57"	"75"	12	12
"13185     Tue. Aug 11, 2015          7          8          2     "	13185	2015-08-11	"Tue"	"Evening"	"782"	7	8	2	17	"78"	"82"	15	10
"13184     Tue. Aug 11, 2015          7          6          1     "	13184	2015-08-11	"Tue"	"Midday"	"761"	7	6	1	14	"76"	"61"	13	7
"13183     Mon. Aug 10, 2015          7          0          9     "	13183	2015-08-10	"Mon"	"Evening"	"709"	7	0	9	16	"70"	"09"	7	9
"13182     Mon. Aug 10, 2015          6          4          6     "	13182	2015-08-10	"Mon"	"Midday"	"646"	6	4	6	16	"64"	"46"	10	10
"13181     Sun. Aug 09, 2015          6          1          2     "	13181	2015-08-09	"Sun"	"Evening"	"612"	6	1	2	9	"61"	"12"	7	3
"13180     Sun. Aug 09, 2015          3          1          8     "	13180	2015-08-09	"Sun"	"Midday"	"318"	3	1	8	12	"31"	"18"	4	9
"13179     Sat. Aug 08, 2015          9          9          3     "	13179	2015-08-08	"Sat"	"Evening"	"993"	9	9	3	21	"99"	"93"	18	12
"13178     Sat. Aug 08, 2015          7          3          6     "	13178	2015-08-08	"Sat"	"Midday"	"736"	7	3	6	16	"73"	"36"	10	9
"13177     Fri. Aug 07, 2015          4          8          0     "	13177	2015-08-07	"Fri"	"Evening"	"480"	4	8	0	12	"48"	"80"	12	8
"13176     Fri. Aug 07, 2015          7          0          1     "	13176	2015-08-07	"Fri"	"Midday"	"701"	7	0	1	8	"70"	"01"	7	1
"13175     Thu. Aug 06, 2015          8          4          3     "	13175	2015-08-06	"Thu"	"Evening"	"843"	8	4	3	15	"84"	"43"	12	7
"13174     Thu. Aug 06, 2015          0          6          6     "	13174	2015-08-06	"Thu"	"Midday"	"066"	0	6	6	12	"06"	"66"	6	12
"13173     Wed. Aug 05, 2015          5          8          9     "	13173	2015-08-05	"Wed"	"Evening"	"589"	5	8	9	22	"58"	"89"	13	17
"13172     Wed. Aug 05, 2015          0          3          5     "	13172	2015-08-05	"Wed"	"Midday"	"035"	0	3	5	8	"03"	"35"	3	8
"13171     Tue. Aug 04, 2015          2          2          6     "	13171	2015-08-04	"Tue"	"Evening"	"226"	2	2	6	10	"22"	"26"	4	8
"13170     Tue. Aug 04, 2015          6          7          0     "	13170	2015-08-04	"Tue"	"Midday"	"670"	6	7	0	13	"67"	"70"	13	7
"13169     Mon. Aug 03, 2015          8          0          5     "	13169	2015-08-03	"Mon"	"Evening"	"805"	8	0	5	13	"80"	"05"	8	5
"13168     Mon. Aug 03, 2015          1          6          6     "	13168	2015-08-03	"Mon"	"Midday"	"166"	1	6	6	13	"16"	"66"	7	12
"13167     Sun. Aug 02, 2015          1          7          1     "	13167	2015-08-02	"Sun"	"Evening"	"171"	1	7	1	9	"17"	"71"	8	8
"13166     Sun. Aug 02, 2015          1          7          0     "	13166	2015-08-02	"Sun"	"Midday"	"170"	1	7	0	8	"17"	"70"	8	7
"13165     Sat. Aug 01, 2015          3          1          2     "	13165	2015-08-01	"Sat"	"Evening"	"312"	3	1	2	6	"31"	"12"	4	3
"13164     Sat. Aug 01, 2015          6          2          5     "	13164	2015-08-01	"Sat"	"Midday"	"625"	6	2	5	13	"62"	"25"	8	7
"13163     Fri. Jul 31, 2015          2          4          1     "	13163	2015-07-31	"Fri"	"Evening"	"241"	2	4	1	7	"24"	"41"	6	5
"13162     Fri. Jul 31, 2015          1          3          0     "	13162	2015-07-31	"Fri"	"Midday"	"130"	1	3	0	4	"13"	"30"	4	3
"13161     Thu. Jul 30, 2015          1          6          0     "	13161	2015-07-30	"Thu"	"Evening"	"160"	1	6	0	7	"16"	"60"	7	6
"13160     Thu. Jul 30, 2015          0          2          4     "	13160	2015-07-30	"Thu"	"Midday"	"024"	0	2	4	6	"02"	"24"	2	6
"13159     Wed. Jul 29, 2015          1          7          8     "	13159	2015-07-29	"Wed"	"Evening"	"178"	1	7	8	16	"17"	"78"	8	15
"13158     Wed. Jul 29, 2015          5          1          1     "	13158	2015-07-29	"Wed"	"Midday"	"511"	5	1	1	7	"51"	"11"	6	2
"13157     Tue. Jul 28, 2015          5          4          7     "	13157	2015-07-28	"Tue"	"Evening"	"547"	5	4	7	16	"54"	"47"	9	11
"13156     Tue. Jul 28, 2015          9          5          7     "	13156	2015-07-28	"Tue"	"Midday"	"957"	9	5	7	21	"95"	"57"	14	12
"13155     Mon. Jul 27, 2015          9          2          1     "	13155	2015-07-27	"Mon"	"Evening"	"921"	9	2	1	12	"92"	"21"	11	3
"13154     Mon. Jul 27, 2015          9          1          1     "	13154	2015-07-27	"Mon"	"Midday"	"911"	9	1	1	11	"91"	"11"	10	2
"13153     Sun. Jul 26, 2015          6          0          2     "	13153	2015-07-26	"Sun"	"Evening"	"602"	6	0	2	8	"60"	"02"	6	2
"13152     Sun. Jul 26, 2015          3          5          3     "	13152	2015-07-26	"Sun"	"Midday"	"353"	3	5	3	11	"35"	"53"	8	8
"13151     Sat. Jul 25, 2015          6          9          7     "	13151	2015-07-25	"Sat"	"Evening"	"697"	6	9	7	22	"69"	"97"	15	16
"13150     Sat. Jul 25, 2015          9          3          6     "	13150	2015-07-25	"Sat"	"Midday"	"936"	9	3	6	18	"93"	"36"	12	9
"13149     Fri. Jul 24, 2015          0          4          9     "	13149	2015-07-24	"Fri"	"Evening"	"049"	0	4	9	13	"04"	"49"	4	13
"13148     Fri. Jul 24, 2015          2          7          1     "	13148	2015-07-24	"Fri"	"Midday"	"271"	2	7	1	10	"27"	"71"	9	8
"13147     Thu. Jul 23, 2015          3          3          4     "	13147	2015-07-23	"Thu"	"Evening"	"334"	3	3	4	10	"33"	"34"	6	7
"13146     Thu. Jul 23, 2015          3          7          7     "	13146	2015-07-23	"Thu"	"Midday"	"377"	3	7	7	17	"37"	"77"	10	14
"13145     Wed. Jul 22, 2015          4          7          6     "	13145	2015-07-22	"Wed"	"Evening"	"476"	4	7	6	17	"47"	"76"	11	13
"13144     Wed. Jul 22, 2015          6          2          1     "	13144	2015-07-22	"Wed"	"Midday"	"621"	6	2	1	9	"62"	"21"	8	3
"13143     Tue. Jul 21, 2015          1          7          4     "	13143	2015-07-21	"Tue"	"Evening"	"174"	1	7	4	12	"17"	"74"	8	11
"13142     Tue. Jul 21, 2015          7          6          0     "	13142	2015-07-21	"Tue"	"Midday"	"760"	7	6	0	13	"76"	"60"	13	6
"13141     Mon. Jul 20, 2015          8          2          9     "	13141	2015-07-20	"Mon"	"Evening"	"829"	8	2	9	19	"82"	"29"	10	11
"13140     Mon. Jul 20, 2015          4          1          8     "	13140	2015-07-20	"Mon"	"Midday"	"418"	4	1	8	13	"41"	"18"	5	9
"13139     Sun. Jul 19, 2015          8          7          7     "	13139	2015-07-19	"Sun"	"Evening"	"877"	8	7	7	22	"87"	"77"	15	14
"13138     Sun. Jul 19, 2015          9          0          8     "	13138	2015-07-19	"Sun"	"Midday"	"908"	9	0	8	17	"90"	"08"	9	8
"13137     Sat. Jul 18, 2015          0          0          2     "	13137	2015-07-18	"Sat"	"Evening"	"002"	0	0	2	2	"00"	"02"	0	2
"13136     Sat. Jul 18, 2015          4          1          1     "	13136	2015-07-18	"Sat"	"Midday"	"411"	4	1	1	6	"41"	"11"	5	2
"13135     Fri. Jul 17, 2015          1          0          6     "	13135	2015-07-17	"Fri"	"Evening"	"106"	1	0	6	7	"10"	"06"	1	6
"13134     Fri. Jul 17, 2015          2          4          8     "	13134	2015-07-17	"Fri"	"Midday"	"248"	2	4	8	14	"24"	"48"	6	12
"13133     Thu. Jul 16, 2015          6          9          0     "	13133	2015-07-16	"Thu"	"Evening"	"690"	6	9	0	15	"69"	"90"	15	9
"13132     Thu. Jul 16, 2015          8          2          3     "	13132	2015-07-16	"Thu"	"Midday"	"823"	8	2	3	13	"82"	"23"	10	5
"13131     Wed. Jul 15, 2015          8          8          2     "	13131	2015-07-15	"Wed"	"Evening"	"882"	8	8	2	18	"88"	"82"	16	10
"13130     Wed. Jul 15, 2015          4          3          3     "	13130	2015-07-15	"Wed"	"Midday"	"433"	4	3	3	10	"43"	"33"	7	6
"13129     Tue. Jul 14, 2015          6          0          3     "	13129	2015-07-14	"Tue"	"Evening"	"603"	6	0	3	9	"60"	"03"	6	3
"13128     Tue. Jul 14, 2015          8          4          0     "	13128	2015-07-14	"Tue"	"Midday"	"840"	8	4	0	12	"84"	"40"	12	4
"13127     Mon. Jul 13, 2015          2          1          0     "	13127	2015-07-13	"Mon"	"Evening"	"210"	2	1	0	3	"21"	"10"	3	1
"13126     Mon. Jul 13, 2015          2          0          4     "	13126	2015-07-13	"Mon"	"Midday"	"204"	2	0	4	6	"20"	"04"	2	4
"13125     Sun. Jul 12, 2015          7          0          8     "	13125	2015-07-12	"Sun"	"Evening"	"708"	7	0	8	15	"70"	"08"	7	8
"13124     Sun. Jul 12, 2015          0          3          0     "	13124	2015-07-12	"Sun"	"Midday"	"030"	0	3	0	3	"03"	"30"	3	3
"13123     Sat. Jul 11, 2015          5          7          2     "	13123	2015-07-11	"Sat"	"Evening"	"572"	5	7	2	14	"57"	"72"	12	9
"13122     Sat. Jul 11, 2015          7          9          6     "	13122	2015-07-11	"Sat"	"Midday"	"796"	7	9	6	22	"79"	"96"	16	15
"13121     Fri. Jul 10, 2015          9          5          4     "	13121	2015-07-10	"Fri"	"Evening"	"954"	9	5	4	18	"95"	"54"	14	9
"13120     Fri. Jul 10, 2015          3          8          2     "	13120	2015-07-10	"Fri"	"Midday"	"382"	3	8	2	13	"38"	"82"	11	10
"13119     Thu. Jul 09, 2015          0          1          8     "	13119	2015-07-09	"Thu"	"Evening"	"018"	0	1	8	9	"01"	"18"	1	9
"13118     Thu. Jul 09, 2015          0          8          3     "	13118	2015-07-09	"Thu"	"Midday"	"083"	0	8	3	11	"08"	"83"	8	11
"13117     Wed. Jul 08, 2015          4          5          4     "	13117	2015-07-08	"Wed"	"Evening"	"454"	4	5	4	13	"45"	"54"	9	9
"13116     Wed. Jul 08, 2015          5          9          4     "	13116	2015-07-08	"Wed"	"Midday"	"594"	5	9	4	18	"59"	"94"	14	13
"13115     Tue. Jul 07, 2015          1          5          4     "	13115	2015-07-07	"Tue"	"Evening"	"154"	1	5	4	10	"15"	"54"	6	9
"13114     Tue. Jul 07, 2015          7          1          1     "	13114	2015-07-07	"Tue"	"Midday"	"711"	7	1	1	9	"71"	"11"	8	2
"13113     Mon. Jul 06, 2015          8          5          4     "	13113	2015-07-06	"Mon"	"Evening"	"854"	8	5	4	17	"85"	"54"	13	9
"13112     Mon. Jul 06, 2015          9          4          5     "	13112	2015-07-06	"Mon"	"Midday"	"945"	9	4	5	18	"94"	"45"	13	9
"13111     Sun. Jul 05, 2015          0          2          5     "	13111	2015-07-05	"Sun"	"Evening"	"025"	0	2	5	7	"02"	"25"	2	7
"13110     Sun. Jul 05, 2015          8          0          4     "	13110	2015-07-05	"Sun"	"Midday"	"804"	8	0	4	12	"80"	"04"	8	4
"13109     Sat. Jul 04, 2015          3          1          9     "	13109	2015-07-04	"Sat"	"Evening"	"319"	3	1	9	13	"31"	"19"	4	10
"13108     Sat. Jul 04, 2015          7          8          4     "	13108	2015-07-04	"Sat"	"Midday"	"784"	7	8	4	19	"78"	"84"	15	12
"13107     Fri. Jul 03, 2015          2          8          8     "	13107	2015-07-03	"Fri"	"Evening"	"288"	2	8	8	18	"28"	"88"	10	16
"13106     Fri. Jul 03, 2015          0          8          6     "	13106	2015-07-03	"Fri"	"Midday"	"086"	0	8	6	14	"08"	"86"	8	14
"13105     Thu. Jul 02, 2015          9          7          8     "	13105	2015-07-02	"Thu"	"Evening"	"978"	9	7	8	24	"97"	"78"	16	15
"13104     Thu. Jul 02, 2015          1          0          8     "	13104	2015-07-02	"Thu"	"Midday"	"108"	1	0	8	9	"10"	"08"	1	8
"13103     Wed. Jul 01, 2015          9          5          8     "	13103	2015-07-01	"Wed"	"Evening"	"958"	9	5	8	22	"95"	"58"	14	13
"13102     Wed. Jul 01, 2015          8          1          0     "	13102	2015-07-01	"Wed"	"Midday"	"810"	8	1	0	9	"81"	"10"	9	1
"13101     Tue. Jun 30, 2015          9          7          3     "	13101	2015-06-30	"Tue"	"Evening"	"973"	9	7	3	19	"97"	"73"	16	10
"13100     Tue. Jun 30, 2015          3          3          5     "	13100	2015-06-30	"Tue"	"Midday"	"335"	3	3	5	11	"33"	"35"	6	8
"13099     Mon. Jun 29, 2015          7          7          0     "	13099	2015-06-29	"Mon"	"Evening"	"770"	7	7	0	14	"77"	"70"	14	7
"13098     Mon. Jun 29, 2015          7          2          6     "	13098	2015-06-29	"Mon"	"Midday"	"726"	7	2	6	15	"72"	"26"	9	8
"13097     Sun. Jun 28, 2015          2          9          2     "	13097	2015-06-28	"Sun"	"Evening"	"292"	2	9	2	13	"29"	"92"	11	11
"13096     Sun. Jun 28, 2015          4          5          6     "	13096	2015-06-28	"Sun"	"Midday"	"456"	4	5	6	15	"45"	"56"	9	11
"13095     Sat. Jun 27, 2015          4          7          4     "	13095	2015-06-27	"Sat"	"Evening"	"474"	4	7	4	15	"47"	"74"	11	11
"13094     Sat. Jun 27, 2015          8          7          4     "	13094	2015-06-27	"Sat"	"Midday"	"874"	8	7	4	19	"87"	"74"	15	11
"13093     Fri. Jun 26, 2015          5          3          7     "	13093	2015-06-26	"Fri"	"Evening"	"537"	5	3	7	15	"53"	"37"	8	10
"13092     Fri. Jun 26, 2015          4          4          3     "	13092	2015-06-26	"Fri"	"Midday"	"443"	4	4	3	11	"44"	"43"	8	7
"13091     Thu. Jun 25, 2015          8          9          7     "	13091	2015-06-25	"Thu"	"Evening"	"897"	8	9	7	24	"89"	"97"	17	16
"13090     Thu. Jun 25, 2015          0          1          9     "	13090	2015-06-25	"Thu"	"Midday"	"019"	0	1	9	10	"01"	"19"	1	10
"13089     Wed. Jun 24, 2015          3          3          1     "	13089	2015-06-24	"Wed"	"Evening"	"331"	3	3	1	7	"33"	"31"	6	4
"13088     Wed. Jun 24, 2015          6          1          2     "	13088	2015-06-24	"Wed"	"Midday"	"612"	6	1	2	9	"61"	"12"	7	3
"13087     Tue. Jun 23, 2015          8          2          9     "	13087	2015-06-23	"Tue"	"Evening"	"829"	8	2	9	19	"82"	"29"	10	11
"13086     Tue. Jun 23, 2015          2          4          8     "	13086	2015-06-23	"Tue"	"Midday"	"248"	2	4	8	14	"24"	"48"	6	12
"13085     Mon. Jun 22, 2015          1          4          8     "	13085	2015-06-22	"Mon"	"Evening"	"148"	1	4	8	13	"14"	"48"	5	12
"13084     Mon. Jun 22, 2015          0          7          1     "	13084	2015-06-22	"Mon"	"Midday"	"071"	0	7	1	8	"07"	"71"	7	8
"13083     Sun. Jun 21, 2015          8          6          1     "	13083	2015-06-21	"Sun"	"Evening"	"861"	8	6	1	15	"86"	"61"	14	7
"13082     Sun. Jun 21, 2015          7          3          6     "	13082	2015-06-21	"Sun"	"Midday"	"736"	7	3	6	16	"73"	"36"	10	9
"13081     Sat. Jun 20, 2015          3          9          4     "	13081	2015-06-20	"Sat"	"Evening"	"394"	3	9	4	16	"39"	"94"	12	13
"13080     Sat. Jun 20, 2015          7          6          4     "	13080	2015-06-20	"Sat"	"Midday"	"764"	7	6	4	17	"76"	"64"	13	10
"13079     Fri. Jun 19, 2015          4          4          5     "	13079	2015-06-19	"Fri"	"Evening"	"445"	4	4	5	13	"44"	"45"	8	9
"13078     Fri. Jun 19, 2015          3          7          6     "	13078	2015-06-19	"Fri"	"Midday"	"376"	3	7	6	16	"37"	"76"	10	13
"13077     Thu. Jun 18, 2015          5          4          3     "	13077	2015-06-18	"Thu"	"Evening"	"543"	5	4	3	12	"54"	"43"	9	7
"13076     Thu. Jun 18, 2015          0          5          6     "	13076	2015-06-18	"Thu"	"Midday"	"056"	0	5	6	11	"05"	"56"	5	11
"13075     Wed. Jun 17, 2015          1          2          2     "	13075	2015-06-17	"Wed"	"Evening"	"122"	1	2	2	5	"12"	"22"	3	4
"13074     Wed. Jun 17, 2015          2          8          6     "	13074	2015-06-17	"Wed"	"Midday"	"286"	2	8	6	16	"28"	"86"	10	14
"13073     Tue. Jun 16, 2015          9          9          7     "	13073	2015-06-16	"Tue"	"Evening"	"997"	9	9	7	25	"99"	"97"	18	16
"13072     Tue. Jun 16, 2015          6          3          7     "	13072	2015-06-16	"Tue"	"Midday"	"637"	6	3	7	16	"63"	"37"	9	10
"13071     Mon. Jun 15, 2015          6          7          9     "	13071	2015-06-15	"Mon"	"Evening"	"679"	6	7	9	22	"67"	"79"	13	16
"13070     Mon. Jun 15, 2015          9          7          8     "	13070	2015-06-15	"Mon"	"Midday"	"978"	9	7	8	24	"97"	"78"	16	15
"13069     Sun. Jun 14, 2015          8          1          3     "	13069	2015-06-14	"Sun"	"Evening"	"813"	8	1	3	12	"81"	"13"	9	4
"13068     Sun. Jun 14, 2015          7          7          8     "	13068	2015-06-14	"Sun"	"Midday"	"778"	7	7	8	22	"77"	"78"	14	15
"13067     Sat. Jun 13, 2015          1          1          1     "	13067	2015-06-13	"Sat"	"Evening"	"111"	1	1	1	3	"11"	"11"	2	2
"13066     Sat. Jun 13, 2015          7          7          4     "	13066	2015-06-13	"Sat"	"Midday"	"774"	7	7	4	18	"77"	"74"	14	11
"13065     Fri. Jun 12, 2015          5          1          9     "	13065	2015-06-12	"Fri"	"Evening"	"519"	5	1	9	15	"51"	"19"	6	10
"13064     Fri. Jun 12, 2015          6          9          0     "	13064	2015-06-12	"Fri"	"Midday"	"690"	6	9	0	15	"69"	"90"	15	9
"13063     Thu. Jun 11, 2015          4          3          1     "	13063	2015-06-11	"Thu"	"Evening"	"431"	4	3	1	8	"43"	"31"	7	4
"13062     Thu. Jun 11, 2015          9          6          1     "	13062	2015-06-11	"Thu"	"Midday"	"961"	9	6	1	16	"96"	"61"	15	7
"13061     Wed. Jun 10, 2015          7          3          7     "	13061	2015-06-10	"Wed"	"Evening"	"737"	7	3	7	17	"73"	"37"	10	10
"13060     Wed. Jun 10, 2015          0          8          2     "	13060	2015-06-10	"Wed"	"Midday"	"082"	0	8	2	10	"08"	"82"	8	10
"13059     Tue. Jun 09, 2015          7          3          7     "	13059	2015-06-09	"Tue"	"Evening"	"737"	7	3	7	17	"73"	"37"	10	10
"13058     Tue. Jun 09, 2015          2          1          4     "	13058	2015-06-09	"Tue"	"Midday"	"214"	2	1	4	7	"21"	"14"	3	5
"13057     Mon. Jun 08, 2015          3          9          0     "	13057	2015-06-08	"Mon"	"Evening"	"390"	3	9	0	12	"39"	"90"	12	9
"13056     Mon. Jun 08, 2015          3          2          2     "	13056	2015-06-08	"Mon"	"Midday"	"322"	3	2	2	7	"32"	"22"	5	4
"13055     Sun. Jun 07, 2015          9          2          7     "	13055	2015-06-07	"Sun"	"Evening"	"927"	9	2	7	18	"92"	"27"	11	9
"13054     Sun. Jun 07, 2015          3          6          0     "	13054	2015-06-07	"Sun"	"Midday"	"360"	3	6	0	9	"36"	"60"	9	6
"13053     Sat. Jun 06, 2015          3          2          5     "	13053	2015-06-06	"Sat"	"Evening"	"325"	3	2	5	10	"32"	"25"	5	7
"13052     Sat. Jun 06, 2015          6          0          1     "	13052	2015-06-06	"Sat"	"Midday"	"601"	6	0	1	7	"60"	"01"	6	1
"13051     Fri. Jun 05, 2015          3          0          4     "	13051	2015-06-05	"Fri"	"Evening"	"304"	3	0	4	7	"30"	"04"	3	4
"13050     Fri. Jun 05, 2015          1          7          5     "	13050	2015-06-05	"Fri"	"Midday"	"175"	1	7	5	13	"17"	"75"	8	12
"13049     Thu. Jun 04, 2015          6          6          9     "	13049	2015-06-04	"Thu"	"Evening"	"669"	6	6	9	21	"66"	"69"	12	15
"13048     Thu. Jun 04, 2015          8          3          7     "	13048	2015-06-04	"Thu"	"Midday"	"837"	8	3	7	18	"83"	"37"	11	10
"13047     Wed. Jun 03, 2015          7          7          0     "	13047	2015-06-03	"Wed"	"Evening"	"770"	7	7	0	14	"77"	"70"	14	7
"13046     Wed. Jun 03, 2015          1          7          3     "	13046	2015-06-03	"Wed"	"Midday"	"173"	1	7	3	11	"17"	"73"	8	10
"13045     Tue. Jun 02, 2015          1          1          3     "	13045	2015-06-02	"Tue"	"Evening"	"113"	1	1	3	5	"11"	"13"	2	4
"13044     Tue. Jun 02, 2015          0          8          3     "	13044	2015-06-02	"Tue"	"Midday"	"083"	0	8	3	11	"08"	"83"	8	11
"13043     Mon. Jun 01, 2015          1          6          6     "	13043	2015-06-01	"Mon"	"Evening"	"166"	1	6	6	13	"16"	"66"	7	12
"13042     Mon. Jun 01, 2015          6          5          5     "	13042	2015-06-01	"Mon"	"Midday"	"655"	6	5	5	16	"65"	"55"	11	10
"13041     Sun. May 31, 2015          5          5          4     "	13041	2015-05-31	"Sun"	"Evening"	"554"	5	5	4	14	"55"	"54"	10	9
"13040     Sun. May 31, 2015          5          8          6     "	13040	2015-05-31	"Sun"	"Midday"	"586"	5	8	6	19	"58"	"86"	13	14
"13039     Sat. May 30, 2015          5          4          2     "	13039	2015-05-30	"Sat"	"Evening"	"542"	5	4	2	11	"54"	"42"	9	6
"13038     Sat. May 30, 2015          9          7          2     "	13038	2015-05-30	"Sat"	"Midday"	"972"	9	7	2	18	"97"	"72"	16	9
"13037     Fri. May 29, 2015          8          0          1     "	13037	2015-05-29	"Fri"	"Evening"	"801"	8	0	1	9	"80"	"01"	8	1
"13036     Fri. May 29, 2015          8          8          7     "	13036	2015-05-29	"Fri"	"Midday"	"887"	8	8	7	23	"88"	"87"	16	15
"13035     Thu. May 28, 2015          8          8          8     "	13035	2015-05-28	"Thu"	"Evening"	"888"	8	8	8	24	"88"	"88"	16	16
"13034     Thu. May 28, 2015          2          0          5     "	13034	2015-05-28	"Thu"	"Midday"	"205"	2	0	5	7	"20"	"05"	2	5
"13033     Wed. May 27, 2015          0          2          6     "	13033	2015-05-27	"Wed"	"Evening"	"026"	0	2	6	8	"02"	"26"	2	8
"13032     Wed. May 27, 2015          4          5          4     "	13032	2015-05-27	"Wed"	"Midday"	"454"	4	5	4	13	"45"	"54"	9	9
"13031     Tue. May 26, 2015          5          9          6     "	13031	2015-05-26	"Tue"	"Evening"	"596"	5	9	6	20	"59"	"96"	14	15
"13030     Tue. May 26, 2015          4          2          6     "	13030	2015-05-26	"Tue"	"Midday"	"426"	4	2	6	12	"42"	"26"	6	8
"13029     Mon. May 25, 2015          2          8          2     "	13029	2015-05-25	"Mon"	"Evening"	"282"	2	8	2	12	"28"	"82"	10	10
"13028     Mon. May 25, 2015          5          0          1     "	13028	2015-05-25	"Mon"	"Midday"	"501"	5	0	1	6	"50"	"01"	5	1
"13027     Sun. May 24, 2015          4          1          8     "	13027	2015-05-24	"Sun"	"Evening"	"418"	4	1	8	13	"41"	"18"	5	9
"13026     Sun. May 24, 2015          9          0          8     "	13026	2015-05-24	"Sun"	"Midday"	"908"	9	0	8	17	"90"	"08"	9	8
"13025     Sat. May 23, 2015          3          9          6     "	13025	2015-05-23	"Sat"	"Evening"	"396"	3	9	6	18	"39"	"96"	12	15
"13024     Sat. May 23, 2015          1          0          1     "	13024	2015-05-23	"Sat"	"Midday"	"101"	1	0	1	2	"10"	"01"	1	1
"13023     Fri. May 22, 2015          4          4          5     "	13023	2015-05-22	"Fri"	"Evening"	"445"	4	4	5	13	"44"	"45"	8	9
"13022     Fri. May 22, 2015          9          4          7     "	13022	2015-05-22	"Fri"	"Midday"	"947"	9	4	7	20	"94"	"47"	13	11
"13021     Thu. May 21, 2015          4          6          6     "	13021	2015-05-21	"Thu"	"Evening"	"466"	4	6	6	16	"46"	"66"	10	12
"13020     Thu. May 21, 2015          2          7          2     "	13020	2015-05-21	"Thu"	"Midday"	"272"	2	7	2	11	"27"	"72"	9	9
"13019     Wed. May 20, 2015          5          0          5     "	13019	2015-05-20	"Wed"	"Evening"	"505"	5	0	5	10	"50"	"05"	5	5
"13018     Wed. May 20, 2015          7          6          0     "	13018	2015-05-20	"Wed"	"Midday"	"760"	7	6	0	13	"76"	"60"	13	6
"13017     Tue. May 19, 2015          3          3          0     "	13017	2015-05-19	"Tue"	"Evening"	"330"	3	3	0	6	"33"	"30"	6	3
"13016     Tue. May 19, 2015          0          4          1     "	13016	2015-05-19	"Tue"	"Midday"	"041"	0	4	1	5	"04"	"41"	4	5
"13015     Mon. May 18, 2015          6          6          7     "	13015	2015-05-18	"Mon"	"Evening"	"667"	6	6	7	19	"66"	"67"	12	13
"13014     Mon. May 18, 2015          8          3          6     "	13014	2015-05-18	"Mon"	"Midday"	"836"	8	3	6	17	"83"	"36"	11	9
"13013     Sun. May 17, 2015          3          7          1     "	13013	2015-05-17	"Sun"	"Evening"	"371"	3	7	1	11	"37"	"71"	10	8
"13012     Sun. May 17, 2015          9          0          9     "	13012	2015-05-17	"Sun"	"Midday"	"909"	9	0	9	18	"90"	"09"	9	9
"13011     Sat. May 16, 2015          2          8          3     "	13011	2015-05-16	"Sat"	"Evening"	"283"	2	8	3	13	"28"	"83"	10	11
"13010     Sat. May 16, 2015          1          8          1     "	13010	2015-05-16	"Sat"	"Midday"	"181"	1	8	1	10	"18"	"81"	9	9
"13009     Fri. May 15, 2015          5          7          1     "	13009	2015-05-15	"Fri"	"Evening"	"571"	5	7	1	13	"57"	"71"	12	8
"13008     Fri. May 15, 2015          0          8          4     "	13008	2015-05-15	"Fri"	"Midday"	"084"	0	8	4	12	"08"	"84"	8	12
"13007     Thu. May 14, 2015          6          9          6     "	13007	2015-05-14	"Thu"	"Evening"	"696"	6	9	6	21	"69"	"96"	15	15
"13006     Thu. May 14, 2015          4          7          0     "	13006	2015-05-14	"Thu"	"Midday"	"470"	4	7	0	11	"47"	"70"	11	7
"13005     Wed. May 13, 2015          0          7          4     "	13005	2015-05-13	"Wed"	"Evening"	"074"	0	7	4	11	"07"	"74"	7	11
"13004     Wed. May 13, 2015          2          1          8     "	13004	2015-05-13	"Wed"	"Midday"	"218"	2	1	8	11	"21"	"18"	3	9
"13003     Tue. May 12, 2015          3          2          3     "	13003	2015-05-12	"Tue"	"Evening"	"323"	3	2	3	8	"32"	"23"	5	5
"13002     Tue. May 12, 2015          0          5          2     "	13002	2015-05-12	"Tue"	"Midday"	"052"	0	5	2	7	"05"	"52"	5	7
"13001     Mon. May 11, 2015          7          8          9     "	13001	2015-05-11	"Mon"	"Evening"	"789"	7	8	9	24	"78"	"89"	15	17
"13000     Mon. May 11, 2015          5          1          5     "	13000	2015-05-11	"Mon"	"Midday"	"515"	5	1	5	11	"51"	"15"	6	6
"12999     Sun. May 10, 2015          7          8          0     "	12999	2015-05-10	"Sun"	"Evening"	"780"	7	8	0	15	"78"	"80"	15	8
"12998     Sun. May 10, 2015          0          6          4     "	12998	2015-05-10	"Sun"	"Midday"	"064"	0	6	4	10	"06"	"64"	6	10
"12997     Sat. May 09, 2015          5          1          9     "	12997	2015-05-09	"Sat"	"Evening"	"519"	5	1	9	15	"51"	"19"	6	10
"12996     Sat. May 09, 2015          0          9          1     "	12996	2015-05-09	"Sat"	"Midday"	"091"	0	9	1	10	"09"	"91"	9	10
"12995     Fri. May 08, 2015          5          6          4     "	12995	2015-05-08	"Fri"	"Evening"	"564"	5	6	4	15	"56"	"64"	11	10
"12994     Fri. May 08, 2015          2          3          1     "	12994	2015-05-08	"Fri"	"Midday"	"231"	2	3	1	6	"23"	"31"	5	4
"12993     Thu. May 07, 2015          5          6          4     "	12993	2015-05-07	"Thu"	"Evening"	"564"	5	6	4	15	"56"	"64"	11	10
"12992     Thu. May 07, 2015          8          8          9     "	12992	2015-05-07	"Thu"	"Midday"	"889"	8	8	9	25	"88"	"89"	16	17
"12991     Wed. May 06, 2015          1          5          9     "	12991	2015-05-06	"Wed"	"Evening"	"159"	1	5	9	15	"15"	"59"	6	14
"12990     Wed. May 06, 2015          0          4          1     "	12990	2015-05-06	"Wed"	"Midday"	"041"	0	4	1	5	"04"	"41"	4	5
"12989     Tue. May 05, 2015          5          9          1     "	12989	2015-05-05	"Tue"	"Evening"	"591"	5	9	1	15	"59"	"91"	14	10
"12988     Tue. May 05, 2015          9          3          9     "	12988	2015-05-05	"Tue"	"Midday"	"939"	9	3	9	21	"93"	"39"	12	12
"12987     Mon. May 04, 2015          4          2          0     "	12987	2015-05-04	"Mon"	"Evening"	"420"	4	2	0	6	"42"	"20"	6	2
"12986     Mon. May 04, 2015          7          5          5     "	12986	2015-05-04	"Mon"	"Midday"	"755"	7	5	5	17	"75"	"55"	12	10
"12985     Sun. May 03, 2015          8          5          8     "	12985	2015-05-03	"Sun"	"Evening"	"858"	8	5	8	21	"85"	"58"	13	13
"12984     Sun. May 03, 2015          8          6          9     "	12984	2015-05-03	"Sun"	"Midday"	"869"	8	6	9	23	"86"	"69"	14	15
"12983     Sat. May 02, 2015          4          6          4     "	12983	2015-05-02	"Sat"	"Evening"	"464"	4	6	4	14	"46"	"64"	10	10
"12982     Sat. May 02, 2015          6          3          5     "	12982	2015-05-02	"Sat"	"Midday"	"635"	6	3	5	14	"63"	"35"	9	8
"12981     Fri. May 01, 2015          8          4          6     "	12981	2015-05-01	"Fri"	"Evening"	"846"	8	4	6	18	"84"	"46"	12	10
"12980     Fri. May 01, 2015          1          9          3     "	12980	2015-05-01	"Fri"	"Midday"	"193"	1	9	3	13	"19"	"93"	10	12
"12979     Thu. Apr 30, 2015          3          8          0     "	12979	2015-04-30	"Thu"	"Evening"	"380"	3	8	0	11	"38"	"80"	11	8
"12978     Thu. Apr 30, 2015          1          0          5     "	12978	2015-04-30	"Thu"	"Midday"	"105"	1	0	5	6	"10"	"05"	1	5
"12977     Wed. Apr 29, 2015          5          9          8     "	12977	2015-04-29	"Wed"	"Evening"	"598"	5	9	8	22	"59"	"98"	14	17
"12976     Wed. Apr 29, 2015          8          1          4     "	12976	2015-04-29	"Wed"	"Midday"	"814"	8	1	4	13	"81"	"14"	9	5
"12975     Tue. Apr 28, 2015          0          7          5     "	12975	2015-04-28	"Tue"	"Evening"	"075"	0	7	5	12	"07"	"75"	7	12
"12974     Tue. Apr 28, 2015          1          9          6     "	12974	2015-04-28	"Tue"	"Midday"	"196"	1	9	6	16	"19"	"96"	10	15
"12973     Mon. Apr 27, 2015          0          1          1     "	12973	2015-04-27	"Mon"	"Evening"	"011"	0	1	1	2	"01"	"11"	1	2
"12972     Mon. Apr 27, 2015          0          0          1     "	12972	2015-04-27	"Mon"	"Midday"	"001"	0	0	1	1	"00"	"01"	0	1
"12971     Sun. Apr 26, 2015          9          7          1     "	12971	2015-04-26	"Sun"	"Evening"	"971"	9	7	1	17	"97"	"71"	16	8
"12970     Sun. Apr 26, 2015          5          1          4     "	12970	2015-04-26	"Sun"	"Midday"	"514"	5	1	4	10	"51"	"14"	6	5
"12969     Sat. Apr 25, 2015          5          4          4     "	12969	2015-04-25	"Sat"	"Evening"	"544"	5	4	4	13	"54"	"44"	9	8
"12968     Sat. Apr 25, 2015          0          5          5     "	12968	2015-04-25	"Sat"	"Midday"	"055"	0	5	5	10	"05"	"55"	5	10
"12967     Fri. Apr 24, 2015          2          8          0     "	12967	2015-04-24	"Fri"	"Evening"	"280"	2	8	0	10	"28"	"80"	10	8
"12966     Fri. Apr 24, 2015          8          3          6     "	12966	2015-04-24	"Fri"	"Midday"	"836"	8	3	6	17	"83"	"36"	11	9
"12965     Thu. Apr 23, 2015          9          1          6     "	12965	2015-04-23	"Thu"	"Evening"	"916"	9	1	6	16	"91"	"16"	10	7
"12964     Thu. Apr 23, 2015          6          4          3     "	12964	2015-04-23	"Thu"	"Midday"	"643"	6	4	3	13	"64"	"43"	10	7
"12963     Wed. Apr 22, 2015          6          1          1     "	12963	2015-04-22	"Wed"	"Evening"	"611"	6	1	1	8	"61"	"11"	7	2
"12962     Wed. Apr 22, 2015          3          4          2     "	12962	2015-04-22	"Wed"	"Midday"	"342"	3	4	2	9	"34"	"42"	7	6
"12961     Tue. Apr 21, 2015          3          0          4     "	12961	2015-04-21	"Tue"	"Evening"	"304"	3	0	4	7	"30"	"04"	3	4
"12960     Tue. Apr 21, 2015          7          0          8     "	12960	2015-04-21	"Tue"	"Midday"	"708"	7	0	8	15	"70"	"08"	7	8
"12959     Mon. Apr 20, 2015          3          8          4     "	12959	2015-04-20	"Mon"	"Evening"	"384"	3	8	4	15	"38"	"84"	11	12
"12958     Mon. Apr 20, 2015          0          4          4     "	12958	2015-04-20	"Mon"	"Midday"	"044"	0	4	4	8	"04"	"44"	4	8
"12957     Sun. Apr 19, 2015          7          6          1     "	12957	2015-04-19	"Sun"	"Evening"	"761"	7	6	1	14	"76"	"61"	13	7
"12956     Sun. Apr 19, 2015          9          6          4     "	12956	2015-04-19	"Sun"	"Midday"	"964"	9	6	4	19	"96"	"64"	15	10
"12955     Sat. Apr 18, 2015          0          1          3     "	12955	2015-04-18	"Sat"	"Evening"	"013"	0	1	3	4	"01"	"13"	1	4
"12954     Sat. Apr 18, 2015          8          1          5     "	12954	2015-04-18	"Sat"	"Midday"	"815"	8	1	5	14	"81"	"15"	9	6
"12953     Fri. Apr 17, 2015          7          7          0     "	12953	2015-04-17	"Fri"	"Evening"	"770"	7	7	0	14	"77"	"70"	14	7
"12952     Fri. Apr 17, 2015          9          7          2     "	12952	2015-04-17	"Fri"	"Midday"	"972"	9	7	2	18	"97"	"72"	16	9
"12951     Thu. Apr 16, 2015          4          8          1     "	12951	2015-04-16	"Thu"	"Evening"	"481"	4	8	1	13	"48"	"81"	12	9
"12950     Thu. Apr 16, 2015          8          7          4     "	12950	2015-04-16	"Thu"	"Midday"	"874"	8	7	4	19	"87"	"74"	15	11
"12949     Wed. Apr 15, 2015          1          9          0     "	12949	2015-04-15	"Wed"	"Evening"	"190"	1	9	0	10	"19"	"90"	10	9
"12948     Wed. Apr 15, 2015          5          8          5     "	12948	2015-04-15	"Wed"	"Midday"	"585"	5	8	5	18	"58"	"85"	13	13
"12947     Tue. Apr 14, 2015          9          2          4     "	12947	2015-04-14	"Tue"	"Evening"	"924"	9	2	4	15	"92"	"24"	11	6
"12946     Tue. Apr 14, 2015          7          7          3     "	12946	2015-04-14	"Tue"	"Midday"	"773"	7	7	3	17	"77"	"73"	14	10
"12945     Mon. Apr 13, 2015          3          8          5     "	12945	2015-04-13	"Mon"	"Evening"	"385"	3	8	5	16	"38"	"85"	11	13
"12944     Mon. Apr 13, 2015          2          3          8     "	12944	2015-04-13	"Mon"	"Midday"	"238"	2	3	8	13	"23"	"38"	5	11
"12943     Sun. Apr 12, 2015          5          4          4     "	12943	2015-04-12	"Sun"	"Evening"	"544"	5	4	4	13	"54"	"44"	9	8
"12942     Sun. Apr 12, 2015          0          8          0     "	12942	2015-04-12	"Sun"	"Midday"	"080"	0	8	0	8	"08"	"80"	8	8
"12941     Sat. Apr 11, 2015          0          1          2     "	12941	2015-04-11	"Sat"	"Evening"	"012"	0	1	2	3	"01"	"12"	1	3
"12940     Sat. Apr 11, 2015          1          9          6     "	12940	2015-04-11	"Sat"	"Midday"	"196"	1	9	6	16	"19"	"96"	10	15
"12939     Fri. Apr 10, 2015          1          5          3     "	12939	2015-04-10	"Fri"	"Evening"	"153"	1	5	3	9	"15"	"53"	6	8
"12938     Fri. Apr 10, 2015          4          7          5     "	12938	2015-04-10	"Fri"	"Midday"	"475"	4	7	5	16	"47"	"75"	11	12
"12937     Thu. Apr 09, 2015          9          9          5     "	12937	2015-04-09	"Thu"	"Evening"	"995"	9	9	5	23	"99"	"95"	18	14
"12936     Thu. Apr 09, 2015          8          1          1     "	12936	2015-04-09	"Thu"	"Midday"	"811"	8	1	1	10	"81"	"11"	9	2
"12935     Wed. Apr 08, 2015          5          6          3     "	12935	2015-04-08	"Wed"	"Evening"	"563"	5	6	3	14	"56"	"63"	11	9
"12934     Wed. Apr 08, 2015          8          0          7     "	12934	2015-04-08	"Wed"	"Midday"	"807"	8	0	7	15	"80"	"07"	8	7
"12933     Tue. Apr 07, 2015          8          7          2     "	12933	2015-04-07	"Tue"	"Evening"	"872"	8	7	2	17	"87"	"72"	15	9
"12932     Tue. Apr 07, 2015          7          8          1     "	12932	2015-04-07	"Tue"	"Midday"	"781"	7	8	1	16	"78"	"81"	15	9
"12931     Mon. Apr 06, 2015          0          2          3     "	12931	2015-04-06	"Mon"	"Evening"	"023"	0	2	3	5	"02"	"23"	2	5
"12930     Mon. Apr 06, 2015          9          1          9     "	12930	2015-04-06	"Mon"	"Midday"	"919"	9	1	9	19	"91"	"19"	10	10
"12929     Sun. Apr 05, 2015          2          3          4     "	12929	2015-04-05	"Sun"	"Evening"	"234"	2	3	4	9	"23"	"34"	5	7
"12928     Sun. Apr 05, 2015          0          9          3     "	12928	2015-04-05	"Sun"	"Midday"	"093"	0	9	3	12	"09"	"93"	9	12
"12927     Sat. Apr 04, 2015          4          0          8     "	12927	2015-04-04	"Sat"	"Evening"	"408"	4	0	8	12	"40"	"08"	4	8
"12926     Sat. Apr 04, 2015          5          6          9     "	12926	2015-04-04	"Sat"	"Midday"	"569"	5	6	9	20	"56"	"69"	11	15
"12925     Fri. Apr 03, 2015          6          8          1     "	12925	2015-04-03	"Fri"	"Evening"	"681"	6	8	1	15	"68"	"81"	14	9
"12924     Fri. Apr 03, 2015          6          3          2     "	12924	2015-04-03	"Fri"	"Midday"	"632"	6	3	2	11	"63"	"32"	9	5
"12923     Thu. Apr 02, 2015          9          9          1     "	12923	2015-04-02	"Thu"	"Evening"	"991"	9	9	1	19	"99"	"91"	18	10
"12922     Thu. Apr 02, 2015          2          9          3     "	12922	2015-04-02	"Thu"	"Midday"	"293"	2	9	3	14	"29"	"93"	11	12
"12921     Wed. Apr 01, 2015          7          3          3     "	12921	2015-04-01	"Wed"	"Evening"	"733"	7	3	3	13	"73"	"33"	10	6
"12920     Wed. Apr 01, 2015          5          1          4     "	12920	2015-04-01	"Wed"	"Midday"	"514"	5	1	4	10	"51"	"14"	6	5
"12919     Tue. Mar 31, 2015          5          9          6     "	12919	2015-03-31	"Tue"	"Evening"	"596"	5	9	6	20	"59"	"96"	14	15
"12918     Tue. Mar 31, 2015          4          0          3     "	12918	2015-03-31	"Tue"	"Midday"	"403"	4	0	3	7	"40"	"03"	4	3
"12917     Mon. Mar 30, 2015          8          6          6     "	12917	2015-03-30	"Mon"	"Evening"	"866"	8	6	6	20	"86"	"66"	14	12
"12916     Mon. Mar 30, 2015          3          7          6     "	12916	2015-03-30	"Mon"	"Midday"	"376"	3	7	6	16	"37"	"76"	10	13
"12915     Sun. Mar 29, 2015          2          4          1     "	12915	2015-03-29	"Sun"	"Evening"	"241"	2	4	1	7	"24"	"41"	6	5
"12914     Sun. Mar 29, 2015          3          0          8     "	12914	2015-03-29	"Sun"	"Midday"	"308"	3	0	8	11	"30"	"08"	3	8
"12913     Sat. Mar 28, 2015          1          8          9     "	12913	2015-03-28	"Sat"	"Evening"	"189"	1	8	9	18	"18"	"89"	9	17
"12912     Sat. Mar 28, 2015          4          9          5     "	12912	2015-03-28	"Sat"	"Midday"	"495"	4	9	5	18	"49"	"95"	13	14
"12911     Fri. Mar 27, 2015          0          5          8     "	12911	2015-03-27	"Fri"	"Evening"	"058"	0	5	8	13	"05"	"58"	5	13
"12910     Fri. Mar 27, 2015          4          6          8     "	12910	2015-03-27	"Fri"	"Midday"	"468"	4	6	8	18	"46"	"68"	10	14
"12909     Thu. Mar 26, 2015          6          9          3     "	12909	2015-03-26	"Thu"	"Evening"	"693"	6	9	3	18	"69"	"93"	15	12
"12908     Thu. Mar 26, 2015          3          6          0     "	12908	2015-03-26	"Thu"	"Midday"	"360"	3	6	0	9	"36"	"60"	9	6
"12907     Wed. Mar 25, 2015          3          8          8     "	12907	2015-03-25	"Wed"	"Evening"	"388"	3	8	8	19	"38"	"88"	11	16
"12906     Wed. Mar 25, 2015          6          6          4     "	12906	2015-03-25	"Wed"	"Midday"	"664"	6	6	4	16	"66"	"64"	12	10
"12905     Tue. Mar 24, 2015          8          8          9     "	12905	2015-03-24	"Tue"	"Evening"	"889"	8	8	9	25	"88"	"89"	16	17
"12904     Tue. Mar 24, 2015          0          5          4     "	12904	2015-03-24	"Tue"	"Midday"	"054"	0	5	4	9	"05"	"54"	5	9
"12903     Mon. Mar 23, 2015          6          5          8     "	12903	2015-03-23	"Mon"	"Evening"	"658"	6	5	8	19	"65"	"58"	11	13
"12902     Mon. Mar 23, 2015          8          3          0     "	12902	2015-03-23	"Mon"	"Midday"	"830"	8	3	0	11	"83"	"30"	11	3
"12901     Sun. Mar 22, 2015          8          4          2     "	12901	2015-03-22	"Sun"	"Evening"	"842"	8	4	2	14	"84"	"42"	12	6
"12900     Sun. Mar 22, 2015          1          5          1     "	12900	2015-03-22	"Sun"	"Midday"	"151"	1	5	1	7	"15"	"51"	6	6
"12899     Sat. Mar 21, 2015          6          3          2     "	12899	2015-03-21	"Sat"	"Evening"	"632"	6	3	2	11	"63"	"32"	9	5
"12898     Sat. Mar 21, 2015          5          2          0     "	12898	2015-03-21	"Sat"	"Midday"	"520"	5	2	0	7	"52"	"20"	7	2
"12897     Fri. Mar 20, 2015          9          5          5     "	12897	2015-03-20	"Fri"	"Evening"	"955"	9	5	5	19	"95"	"55"	14	10
"12896     Fri. Mar 20, 2015          0          5          1     "	12896	2015-03-20	"Fri"	"Midday"	"051"	0	5	1	6	"05"	"51"	5	6
"12895     Thu. Mar 19, 2015          8          4          2     "	12895	2015-03-19	"Thu"	"Evening"	"842"	8	4	2	14	"84"	"42"	12	6
"12894     Thu. Mar 19, 2015          6          7          1     "	12894	2015-03-19	"Thu"	"Midday"	"671"	6	7	1	14	"67"	"71"	13	8
"12893     Wed. Mar 18, 2015          7          0          5     "	12893	2015-03-18	"Wed"	"Evening"	"705"	7	0	5	12	"70"	"05"	7	5
"12892     Wed. Mar 18, 2015          4          5          6     "	12892	2015-03-18	"Wed"	"Midday"	"456"	4	5	6	15	"45"	"56"	9	11
"12891     Tue. Mar 17, 2015          0          7          0     "	12891	2015-03-17	"Tue"	"Evening"	"070"	0	7	0	7	"07"	"70"	7	7
"12890     Tue. Mar 17, 2015          0          6          9     "	12890	2015-03-17	"Tue"	"Midday"	"069"	0	6	9	15	"06"	"69"	6	15
"12889     Mon. Mar 16, 2015          0          8          4     "	12889	2015-03-16	"Mon"	"Evening"	"084"	0	8	4	12	"08"	"84"	8	12
"12888     Mon. Mar 16, 2015          1          2          9     "	12888	2015-03-16	"Mon"	"Midday"	"129"	1	2	9	12	"12"	"29"	3	11
"12887     Sun. Mar 15, 2015          0          5          7     "	12887	2015-03-15	"Sun"	"Evening"	"057"	0	5	7	12	"05"	"57"	5	12
"12886     Sun. Mar 15, 2015          5          8          7     "	12886	2015-03-15	"Sun"	"Midday"	"587"	5	8	7	20	"58"	"87"	13	15
"12885     Sat. Mar 14, 2015          8          7          8     "	12885	2015-03-14	"Sat"	"Evening"	"878"	8	7	8	23	"87"	"78"	15	15
"12884     Sat. Mar 14, 2015          4          7          8     "	12884	2015-03-14	"Sat"	"Midday"	"478"	4	7	8	19	"47"	"78"	11	15
"12883     Fri. Mar 13, 2015          8          8          9     "	12883	2015-03-13	"Fri"	"Evening"	"889"	8	8	9	25	"88"	"89"	16	17
"12882     Fri. Mar 13, 2015          3          8          2     "	12882	2015-03-13	"Fri"	"Midday"	"382"	3	8	2	13	"38"	"82"	11	10
"12881     Thu. Mar 12, 2015          8          3          5     "	12881	2015-03-12	"Thu"	"Evening"	"835"	8	3	5	16	"83"	"35"	11	8
"12880     Thu. Mar 12, 2015          9          3          4     "	12880	2015-03-12	"Thu"	"Midday"	"934"	9	3	4	16	"93"	"34"	12	7
"12879     Wed. Mar 11, 2015          0          1          0     "	12879	2015-03-11	"Wed"	"Evening"	"010"	0	1	0	1	"01"	"10"	1	1
"12878     Wed. Mar 11, 2015          3          4          4     "	12878	2015-03-11	"Wed"	"Midday"	"344"	3	4	4	11	"34"	"44"	7	8
"12877     Tue. Mar 10, 2015          8          4          2     "	12877	2015-03-10	"Tue"	"Evening"	"842"	8	4	2	14	"84"	"42"	12	6
"12876     Tue. Mar 10, 2015          1          8          5     "	12876	2015-03-10	"Tue"	"Midday"	"185"	1	8	5	14	"18"	"85"	9	13
"12875     Mon. Mar 09, 2015          3          2          1     "	12875	2015-03-09	"Mon"	"Evening"	"321"	3	2	1	6	"32"	"21"	5	3
"12874     Mon. Mar 09, 2015          7          5          5     "	12874	2015-03-09	"Mon"	"Midday"	"755"	7	5	5	17	"75"	"55"	12	10
"12873     Sun. Mar 08, 2015          1          4          1     "	12873	2015-03-08	"Sun"	"Evening"	"141"	1	4	1	6	"14"	"41"	5	5
"12872     Sun. Mar 08, 2015          2          6          9     "	12872	2015-03-08	"Sun"	"Midday"	"269"	2	6	9	17	"26"	"69"	8	15
"12871     Sat. Mar 07, 2015          9          3          3     "	12871	2015-03-07	"Sat"	"Evening"	"933"	9	3	3	15	"93"	"33"	12	6
"12870     Sat. Mar 07, 2015          3          3          2     "	12870	2015-03-07	"Sat"	"Midday"	"332"	3	3	2	8	"33"	"32"	6	5
"12869     Fri. Mar 06, 2015          9          1          7     "	12869	2015-03-06	"Fri"	"Evening"	"917"	9	1	7	17	"91"	"17"	10	8
"12868     Fri. Mar 06, 2015          8          9          8     "	12868	2015-03-06	"Fri"	"Midday"	"898"	8	9	8	25	"89"	"98"	17	17
"12867     Thu. Mar 05, 2015          9          1          8     "	12867	2015-03-05	"Thu"	"Evening"	"918"	9	1	8	18	"91"	"18"	10	9
"12866     Thu. Mar 05, 2015          9          5          7     "	12866	2015-03-05	"Thu"	"Midday"	"957"	9	5	7	21	"95"	"57"	14	12
"12865     Wed. Mar 04, 2015          4          1          0     "	12865	2015-03-04	"Wed"	"Evening"	"410"	4	1	0	5	"41"	"10"	5	1
"12864     Wed. Mar 04, 2015          7          4          3     "	12864	2015-03-04	"Wed"	"Midday"	"743"	7	4	3	14	"74"	"43"	11	7
"12863     Tue. Mar 03, 2015          9          4          9     "	12863	2015-03-03	"Tue"	"Evening"	"949"	9	4	9	22	"94"	"49"	13	13
"12862     Tue. Mar 03, 2015          7          1          2     "	12862	2015-03-03	"Tue"	"Midday"	"712"	7	1	2	10	"71"	"12"	8	3
"12861     Mon. Mar 02, 2015          9          6          7     "	12861	2015-03-02	"Mon"	"Evening"	"967"	9	6	7	22	"96"	"67"	15	13
"12860     Mon. Mar 02, 2015          7          6          1     "	12860	2015-03-02	"Mon"	"Midday"	"761"	7	6	1	14	"76"	"61"	13	7
"12859     Sun. Mar 01, 2015          4          6          1     "	12859	2015-03-01	"Sun"	"Evening"	"461"	4	6	1	11	"46"	"61"	10	7
"12858     Sun. Mar 01, 2015          5          9          7     "	12858	2015-03-01	"Sun"	"Midday"	"597"	5	9	7	21	"59"	"97"	14	16
"12857     Sat. Feb 28, 2015          0          3          2     "	12857	2015-02-28	"Sat"	"Evening"	"032"	0	3	2	5	"03"	"32"	3	5
"12856     Sat. Feb 28, 2015          2          6          3     "	12856	2015-02-28	"Sat"	"Midday"	"263"	2	6	3	11	"26"	"63"	8	9
"12855     Fri. Feb 27, 2015          3          6          8     "	12855	2015-02-27	"Fri"	"Evening"	"368"	3	6	8	17	"36"	"68"	9	14
"12854     Fri. Feb 27, 2015          9          6          3     "	12854	2015-02-27	"Fri"	"Midday"	"963"	9	6	3	18	"96"	"63"	15	9
"12853     Thu. Feb 26, 2015          2          3          4     "	12853	2015-02-26	"Thu"	"Evening"	"234"	2	3	4	9	"23"	"34"	5	7
"12852     Thu. Feb 26, 2015          0          1          4     "	12852	2015-02-26	"Thu"	"Midday"	"014"	0	1	4	5	"01"	"14"	1	5
"12851     Wed. Feb 25, 2015          7          1          0     "	12851	2015-02-25	"Wed"	"Evening"	"710"	7	1	0	8	"71"	"10"	8	1
"12850     Wed. Feb 25, 2015          7          8          2     "	12850	2015-02-25	"Wed"	"Midday"	"782"	7	8	2	17	"78"	"82"	15	10
"12849     Tue. Feb 24, 2015          5          3          8     "	12849	2015-02-24	"Tue"	"Evening"	"538"	5	3	8	16	"53"	"38"	8	11
"12848     Tue. Feb 24, 2015          0          4          4     "	12848	2015-02-24	"Tue"	"Midday"	"044"	0	4	4	8	"04"	"44"	4	8
"12847     Mon. Feb 23, 2015          9          9          5     "	12847	2015-02-23	"Mon"	"Evening"	"995"	9	9	5	23	"99"	"95"	18	14
"12846     Mon. Feb 23, 2015          3          1          5     "	12846	2015-02-23	"Mon"	"Midday"	"315"	3	1	5	9	"31"	"15"	4	6
"12845     Sun. Feb 22, 2015          7          5          5     "	12845	2015-02-22	"Sun"	"Evening"	"755"	7	5	5	17	"75"	"55"	12	10
"12844     Sun. Feb 22, 2015          9          8          7     "	12844	2015-02-22	"Sun"	"Midday"	"987"	9	8	7	24	"98"	"87"	17	15
"12843     Sat. Feb 21, 2015          6          1          8     "	12843	2015-02-21	"Sat"	"Evening"	"618"	6	1	8	15	"61"	"18"	7	9
"12842     Sat. Feb 21, 2015          4          2          9     "	12842	2015-02-21	"Sat"	"Midday"	"429"	4	2	9	15	"42"	"29"	6	11
"12841     Fri. Feb 20, 2015          1          2          1     "	12841	2015-02-20	"Fri"	"Evening"	"121"	1	2	1	4	"12"	"21"	3	3
"12840     Fri. Feb 20, 2015          1          4          7     "	12840	2015-02-20	"Fri"	"Midday"	"147"	1	4	7	12	"14"	"47"	5	11
"12839     Thu. Feb 19, 2015          7          7          2     "	12839	2015-02-19	"Thu"	"Evening"	"772"	7	7	2	16	"77"	"72"	14	9
"12838     Thu. Feb 19, 2015          5          6          3     "	12838	2015-02-19	"Thu"	"Midday"	"563"	5	6	3	14	"56"	"63"	11	9
"12837     Wed. Feb 18, 2015          0          1          1     "	12837	2015-02-18	"Wed"	"Evening"	"011"	0	1	1	2	"01"	"11"	1	2
"12836     Wed. Feb 18, 2015          4          1          7     "	12836	2015-02-18	"Wed"	"Midday"	"417"	4	1	7	12	"41"	"17"	5	8
"12835     Tue. Feb 17, 2015          2          0          2     "	12835	2015-02-17	"Tue"	"Evening"	"202"	2	0	2	4	"20"	"02"	2	2
"12834     Tue. Feb 17, 2015          4          0          4     "	12834	2015-02-17	"Tue"	"Midday"	"404"	4	0	4	8	"40"	"04"	4	4
"12833     Mon. Feb 16, 2015          7          1          4     "	12833	2015-02-16	"Mon"	"Evening"	"714"	7	1	4	12	"71"	"14"	8	5
"12832     Mon. Feb 16, 2015          3          1          7     "	12832	2015-02-16	"Mon"	"Midday"	"317"	3	1	7	11	"31"	"17"	4	8
"12831     Sun. Feb 15, 2015          8          0          8     "	12831	2015-02-15	"Sun"	"Evening"	"808"	8	0	8	16	"80"	"08"	8	8
"12830     Sun. Feb 15, 2015          2          3          1     "	12830	2015-02-15	"Sun"	"Midday"	"231"	2	3	1	6	"23"	"31"	5	4
"12829     Sat. Feb 14, 2015          9          0          4     "	12829	2015-02-14	"Sat"	"Evening"	"904"	9	0	4	13	"90"	"04"	9	4
"12828     Sat. Feb 14, 2015          0          2          5     "	12828	2015-02-14	"Sat"	"Midday"	"025"	0	2	5	7	"02"	"25"	2	7
"12827     Fri. Feb 13, 2015          6          9          8     "	12827	2015-02-13	"Fri"	"Evening"	"698"	6	9	8	23	"69"	"98"	15	17
"12826     Fri. Feb 13, 2015          2          9          6     "	12826	2015-02-13	"Fri"	"Midday"	"296"	2	9	6	17	"29"	"96"	11	15
"12825     Thu. Feb 12, 2015          6          1          0     "	12825	2015-02-12	"Thu"	"Evening"	"610"	6	1	0	7	"61"	"10"	7	1
"12824     Thu. Feb 12, 2015          3          5          0     "	12824	2015-02-12	"Thu"	"Midday"	"350"	3	5	0	8	"35"	"50"	8	5
"12823     Wed. Feb 11, 2015          3          8          8     "	12823	2015-02-11	"Wed"	"Evening"	"388"	3	8	8	19	"38"	"88"	11	16
"12822     Wed. Feb 11, 2015          0          0          8     "	12822	2015-02-11	"Wed"	"Midday"	"008"	0	0	8	8	"00"	"08"	0	8
"12821     Tue. Feb 10, 2015          2          7          6     "	12821	2015-02-10	"Tue"	"Evening"	"276"	2	7	6	15	"27"	"76"	9	13
"12820     Tue. Feb 10, 2015          3          3          8     "	12820	2015-02-10	"Tue"	"Midday"	"338"	3	3	8	14	"33"	"38"	6	11
"12819     Mon. Feb 09, 2015          7          0          1     "	12819	2015-02-09	"Mon"	"Evening"	"701"	7	0	1	8	"70"	"01"	7	1
"12818     Mon. Feb 09, 2015          4          8          9     "	12818	2015-02-09	"Mon"	"Midday"	"489"	4	8	9	21	"48"	"89"	12	17
"12817     Sun. Feb 08, 2015          2          5          7     "	12817	2015-02-08	"Sun"	"Evening"	"257"	2	5	7	14	"25"	"57"	7	12
"12816     Sun. Feb 08, 2015          9          1          9     "	12816	2015-02-08	"Sun"	"Midday"	"919"	9	1	9	19	"91"	"19"	10	10
"12815     Sat. Feb 07, 2015          0          6          5     "	12815	2015-02-07	"Sat"	"Evening"	"065"	0	6	5	11	"06"	"65"	6	11
"12814     Sat. Feb 07, 2015          4          7          7     "	12814	2015-02-07	"Sat"	"Midday"	"477"	4	7	7	18	"47"	"77"	11	14
"12813     Fri. Feb 06, 2015          8          0          2     "	12813	2015-02-06	"Fri"	"Evening"	"802"	8	0	2	10	"80"	"02"	8	2
"12812     Fri. Feb 06, 2015          7          7          8     "	12812	2015-02-06	"Fri"	"Midday"	"778"	7	7	8	22	"77"	"78"	14	15
"12811     Thu. Feb 05, 2015          6          8          8     "	12811	2015-02-05	"Thu"	"Evening"	"688"	6	8	8	22	"68"	"88"	14	16
"12810     Thu. Feb 05, 2015          5          1          4     "	12810	2015-02-05	"Thu"	"Midday"	"514"	5	1	4	10	"51"	"14"	6	5
"12809     Wed. Feb 04, 2015          2          6          4     "	12809	2015-02-04	"Wed"	"Evening"	"264"	2	6	4	12	"26"	"64"	8	10
"12808     Wed. Feb 04, 2015          1          2          0     "	12808	2015-02-04	"Wed"	"Midday"	"120"	1	2	0	3	"12"	"20"	3	2
"12807     Tue. Feb 03, 2015          4          0          5     "	12807	2015-02-03	"Tue"	"Evening"	"405"	4	0	5	9	"40"	"05"	4	5
"12806     Tue. Feb 03, 2015          8          8          7     "	12806	2015-02-03	"Tue"	"Midday"	"887"	8	8	7	23	"88"	"87"	16	15
"12805     Mon. Feb 02, 2015          1          3          1     "	12805	2015-02-02	"Mon"	"Evening"	"131"	1	3	1	5	"13"	"31"	4	4
"12804     Mon. Feb 02, 2015          4          0          9     "	12804	2015-02-02	"Mon"	"Midday"	"409"	4	0	9	13	"40"	"09"	4	9
"12803     Sun. Feb 01, 2015          0          7          6     "	12803	2015-02-01	"Sun"	"Evening"	"076"	0	7	6	13	"07"	"76"	7	13
"12802     Sun. Feb 01, 2015          1          4          7     "	12802	2015-02-01	"Sun"	"Midday"	"147"	1	4	7	12	"14"	"47"	5	11
"12801     Sat. Jan 31, 2015          3          8          8     "	12801	2015-01-31	"Sat"	"Evening"	"388"	3	8	8	19	"38"	"88"	11	16
"12800     Sat. Jan 31, 2015          8          5          4     "	12800	2015-01-31	"Sat"	"Midday"	"854"	8	5	4	17	"85"	"54"	13	9
"12799     Fri. Jan 30, 2015          9          0          1     "	12799	2015-01-30	"Fri"	"Evening"	"901"	9	0	1	10	"90"	"01"	9	1
"12798     Fri. Jan 30, 2015          2          4          1     "	12798	2015-01-30	"Fri"	"Midday"	"241"	2	4	1	7	"24"	"41"	6	5
"12797     Thu. Jan 29, 2015          9          1          6     "	12797	2015-01-29	"Thu"	"Evening"	"916"	9	1	6	16	"91"	"16"	10	7
"12796     Thu. Jan 29, 2015          8          2          6     "	12796	2015-01-29	"Thu"	"Midday"	"826"	8	2	6	16	"82"	"26"	10	8
"12795     Wed. Jan 28, 2015          5          7          2     "	12795	2015-01-28	"Wed"	"Evening"	"572"	5	7	2	14	"57"	"72"	12	9
"12794     Wed. Jan 28, 2015          8          7          0     "	12794	2015-01-28	"Wed"	"Midday"	"870"	8	7	0	15	"87"	"70"	15	7
"12793     Tue. Jan 27, 2015          7          3          8     "	12793	2015-01-27	"Tue"	"Evening"	"738"	7	3	8	18	"73"	"38"	10	11
"12792     Tue. Jan 27, 2015          6          4          0     "	12792	2015-01-27	"Tue"	"Midday"	"640"	6	4	0	10	"64"	"40"	10	4
"12791     Mon. Jan 26, 2015          4          6          0     "	12791	2015-01-26	"Mon"	"Evening"	"460"	4	6	0	10	"46"	"60"	10	6
"12790     Mon. Jan 26, 2015          6          0          2     "	12790	2015-01-26	"Mon"	"Midday"	"602"	6	0	2	8	"60"	"02"	6	2
"12789     Sun. Jan 25, 2015          2          5          4     "	12789	2015-01-25	"Sun"	"Evening"	"254"	2	5	4	11	"25"	"54"	7	9
"12788     Sun. Jan 25, 2015          1          3          5     "	12788	2015-01-25	"Sun"	"Midday"	"135"	1	3	5	9	"13"	"35"	4	8
"12787     Sat. Jan 24, 2015          9          6          3     "	12787	2015-01-24	"Sat"	"Evening"	"963"	9	6	3	18	"96"	"63"	15	9
"12786     Sat. Jan 24, 2015          9          5          3     "	12786	2015-01-24	"Sat"	"Midday"	"953"	9	5	3	17	"95"	"53"	14	8
"12785     Fri. Jan 23, 2015          8          7          2     "	12785	2015-01-23	"Fri"	"Evening"	"872"	8	7	2	17	"87"	"72"	15	9
"12784     Fri. Jan 23, 2015          4          1          4     "	12784	2015-01-23	"Fri"	"Midday"	"414"	4	1	4	9	"41"	"14"	5	5
"12783     Thu. Jan 22, 2015          7          2          1     "	12783	2015-01-22	"Thu"	"Evening"	"721"	7	2	1	10	"72"	"21"	9	3
"12782     Thu. Jan 22, 2015          5          7          5     "	12782	2015-01-22	"Thu"	"Midday"	"575"	5	7	5	17	"57"	"75"	12	12
"12781     Wed. Jan 21, 2015          4          8          4     "	12781	2015-01-21	"Wed"	"Evening"	"484"	4	8	4	16	"48"	"84"	12	12
"12780     Wed. Jan 21, 2015          0          1          0     "	12780	2015-01-21	"Wed"	"Midday"	"010"	0	1	0	1	"01"	"10"	1	1
"12779     Tue. Jan 20, 2015          1          3          7     "	12779	2015-01-20	"Tue"	"Evening"	"137"	1	3	7	11	"13"	"37"	4	10
"12778     Tue. Jan 20, 2015          1          0          7     "	12778	2015-01-20	"Tue"	"Midday"	"107"	1	0	7	8	"10"	"07"	1	7
"12777     Mon. Jan 19, 2015          1          8          9     "	12777	2015-01-19	"Mon"	"Evening"	"189"	1	8	9	18	"18"	"89"	9	17
"12776     Mon. Jan 19, 2015          3          7          0     "	12776	2015-01-19	"Mon"	"Midday"	"370"	3	7	0	10	"37"	"70"	10	7
"12775     Sun. Jan 18, 2015          4          6          2     "	12775	2015-01-18	"Sun"	"Evening"	"462"	4	6	2	12	"46"	"62"	10	8
"12774     Sun. Jan 18, 2015          7          5          5     "	12774	2015-01-18	"Sun"	"Midday"	"755"	7	5	5	17	"75"	"55"	12	10
"12773     Sat. Jan 17, 2015          9          1          7     "	12773	2015-01-17	"Sat"	"Evening"	"917"	9	1	7	17	"91"	"17"	10	8
"12772     Sat. Jan 17, 2015          1          5          4     "	12772	2015-01-17	"Sat"	"Midday"	"154"	1	5	4	10	"15"	"54"	6	9
"12771     Fri. Jan 16, 2015          9          4          6     "	12771	2015-01-16	"Fri"	"Evening"	"946"	9	4	6	19	"94"	"46"	13	10
"12770     Fri. Jan 16, 2015          1          4          5     "	12770	2015-01-16	"Fri"	"Midday"	"145"	1	4	5	10	"14"	"45"	5	9
"12769     Thu. Jan 15, 2015          7          7          3     "	12769	2015-01-15	"Thu"	"Evening"	"773"	7	7	3	17	"77"	"73"	14	10
"12768     Thu. Jan 15, 2015          9          1          1     "	12768	2015-01-15	"Thu"	"Midday"	"911"	9	1	1	11	"91"	"11"	10	2
"12767     Wed. Jan 14, 2015          9          3          9     "	12767	2015-01-14	"Wed"	"Evening"	"939"	9	3	9	21	"93"	"39"	12	12
"12766     Wed. Jan 14, 2015          3          5          0     "	12766	2015-01-14	"Wed"	"Midday"	"350"	3	5	0	8	"35"	"50"	8	5
"12765     Tue. Jan 13, 2015          1          4          8     "	12765	2015-01-13	"Tue"	"Evening"	"148"	1	4	8	13	"14"	"48"	5	12
"12764     Tue. Jan 13, 2015          1          8          9     "	12764	2015-01-13	"Tue"	"Midday"	"189"	1	8	9	18	"18"	"89"	9	17
"12763     Mon. Jan 12, 2015          9          8          2     "	12763	2015-01-12	"Mon"	"Evening"	"982"	9	8	2	19	"98"	"82"	17	10
"12762     Mon. Jan 12, 2015          3          2          2     "	12762	2015-01-12	"Mon"	"Midday"	"322"	3	2	2	7	"32"	"22"	5	4
"12761     Sun. Jan 11, 2015          8          1          6     "	12761	2015-01-11	"Sun"	"Evening"	"816"	8	1	6	15	"81"	"16"	9	7
"12760     Sun. Jan 11, 2015          5          5          2     "	12760	2015-01-11	"Sun"	"Midday"	"552"	5	5	2	12	"55"	"52"	10	7
"12759     Sat. Jan 10, 2015          5          9          2     "	12759	2015-01-10	"Sat"	"Evening"	"592"	5	9	2	16	"59"	"92"	14	11
"12758     Sat. Jan 10, 2015          1          0          6     "	12758	2015-01-10	"Sat"	"Midday"	"106"	1	0	6	7	"10"	"06"	1	6
"12757     Fri. Jan 09, 2015          9          0          9     "	12757	2015-01-09	"Fri"	"Evening"	"909"	9	0	9	18	"90"	"09"	9	9
"12756     Fri. Jan 09, 2015          3          2          4     "	12756	2015-01-09	"Fri"	"Midday"	"324"	3	2	4	9	"32"	"24"	5	6
"12755     Thu. Jan 08, 2015          3          3          0     "	12755	2015-01-08	"Thu"	"Evening"	"330"	3	3	0	6	"33"	"30"	6	3
"12754     Thu. Jan 08, 2015          5          1          5     "	12754	2015-01-08	"Thu"	"Midday"	"515"	5	1	5	11	"51"	"15"	6	6
"12753     Wed. Jan 07, 2015          6          6          5     "	12753	2015-01-07	"Wed"	"Evening"	"665"	6	6	5	17	"66"	"65"	12	11
"12752     Wed. Jan 07, 2015          6          7          1     "	12752	2015-01-07	"Wed"	"Midday"	"671"	6	7	1	14	"67"	"71"	13	8
"12751     Tue. Jan 06, 2015          7          1          2     "	12751	2015-01-06	"Tue"	"Evening"	"712"	7	1	2	10	"71"	"12"	8	3
"12750     Tue. Jan 06, 2015          3          9          6     "	12750	2015-01-06	"Tue"	"Midday"	"396"	3	9	6	18	"39"	"96"	12	15
"12749     Mon. Jan 05, 2015          2          3          9     "	12749	2015-01-05	"Mon"	"Evening"	"239"	2	3	9	14	"23"	"39"	5	12
"12748     Mon. Jan 05, 2015          4          8          5     "	12748	2015-01-05	"Mon"	"Midday"	"485"	4	8	5	17	"48"	"85"	12	13
"12747     Sun. Jan 04, 2015          5          4          9     "	12747	2015-01-04	"Sun"	"Evening"	"549"	5	4	9	18	"54"	"49"	9	13
"12746     Sun. Jan 04, 2015          0          5          1     "	12746	2015-01-04	"Sun"	"Midday"	"051"	0	5	1	6	"05"	"51"	5	6
"12745     Sat. Jan 03, 2015          0          8          0     "	12745	2015-01-03	"Sat"	"Evening"	"080"	0	8	0	8	"08"	"80"	8	8
"12744     Sat. Jan 03, 2015          2          3          0     "	12744	2015-01-03	"Sat"	"Midday"	"230"	2	3	0	5	"23"	"30"	5	3
"12743     Fri. Jan 02, 2015          7          1          0     "	12743	2015-01-02	"Fri"	"Evening"	"710"	7	1	0	8	"71"	"10"	8	1
"12742     Fri. Jan 02, 2015          9          3          9     "	12742	2015-01-02	"Fri"	"Midday"	"939"	9	3	9	21	"93"	"39"	12	12
"12741     Thu. Jan 01, 2015          9          0          0     "	12741	2015-01-01	"Thu"	"Evening"	"900"	9	0	0	9	"90"	"00"	9	0
"12740     Thu. Jan 01, 2015          2          5          0     "	12740	2015-01-01	"Thu"	"Midday"	"250"	2	5	0	7	"25"	"50"	7	5
"12739     Wed. Dec 31, 2014          8          5          3     "	12739	2014-12-31	"Wed"	"Evening"	"853"	8	5	3	16	"85"	"53"	13	8
"12738     Wed. Dec 31, 2014          3          0          5     "	12738	2014-12-31	"Wed"	"Midday"	"305"	3	0	5	8	"30"	"05"	3	5
"12737     Tue. Dec 30, 2014          8          8          7     "	12737	2014-12-30	"Tue"	"Evening"	"887"	8	8	7	23	"88"	"87"	16	15
"12736     Tue. Dec 30, 2014          7          0          7     "	12736	2014-12-30	"Tue"	"Midday"	"707"	7	0	7	14	"70"	"07"	7	7
"12735     Mon. Dec 29, 2014          8          6          9     "	12735	2014-12-29	"Mon"	"Evening"	"869"	8	6	9	23	"86"	"69"	14	15
"12734     Mon. Dec 29, 2014          0          2          6     "	12734	2014-12-29	"Mon"	"Midday"	"026"	0	2	6	8	"02"	"26"	2	8
"12733     Sun. Dec 28, 2014          0          0          3     "	12733	2014-12-28	"Sun"	"Evening"	"003"	0	0	3	3	"00"	"03"	0	3
"12732     Sun. Dec 28, 2014          5          5          5     "	12732	2014-12-28	"Sun"	"Midday"	"555"	5	5	5	15	"55"	"55"	10	10
"12731     Sat. Dec 27, 2014          8          6          0     "	12731	2014-12-27	"Sat"	"Evening"	"860"	8	6	0	14	"86"	"60"	14	6
"12730     Sat. Dec 27, 2014          5          2          5     "	12730	2014-12-27	"Sat"	"Midday"	"525"	5	2	5	12	"52"	"25"	7	7
"12729     Fri. Dec 26, 2014          3          3          4     "	12729	2014-12-26	"Fri"	"Evening"	"334"	3	3	4	10	"33"	"34"	6	7
"12728     Fri. Dec 26, 2014          9          1          9     "	12728	2014-12-26	"Fri"	"Midday"	"919"	9	1	9	19	"91"	"19"	10	10
"12727     Thu. Dec 25, 2014          3          6          6     "	12727	2014-12-25	"Thu"	"Evening"	"366"	3	6	6	15	"36"	"66"	9	12
"12726     Thu. Dec 25, 2014          6          3          1     "	12726	2014-12-25	"Thu"	"Midday"	"631"	6	3	1	10	"63"	"31"	9	4
"12725     Wed. Dec 24, 2014          6          8          4     "	12725	2014-12-24	"Wed"	"Evening"	"684"	6	8	4	18	"68"	"84"	14	12
"12724     Wed. Dec 24, 2014          4          7          8     "	12724	2014-12-24	"Wed"	"Midday"	"478"	4	7	8	19	"47"	"78"	11	15
"12723     Tue. Dec 23, 2014          4          9          3     "	12723	2014-12-23	"Tue"	"Evening"	"493"	4	9	3	16	"49"	"93"	13	12
"12722     Tue. Dec 23, 2014          9          8          1     "	12722	2014-12-23	"Tue"	"Midday"	"981"	9	8	1	18	"98"	"81"	17	9
"12721     Mon. Dec 22, 2014          6          0          5     "	12721	2014-12-22	"Mon"	"Evening"	"605"	6	0	5	11	"60"	"05"	6	5
"12720     Mon. Dec 22, 2014          6          3          2     "	12720	2014-12-22	"Mon"	"Midday"	"632"	6	3	2	11	"63"	"32"	9	5
"12719     Sun. Dec 21, 2014          7          7          0     "	12719	2014-12-21	"Sun"	"Evening"	"770"	7	7	0	14	"77"	"70"	14	7
"12718     Sun. Dec 21, 2014          5          4          5     "	12718	2014-12-21	"Sun"	"Midday"	"545"	5	4	5	14	"54"	"45"	9	9
"12717     Sat. Dec 20, 2014          7          9          0     "	12717	2014-12-20	"Sat"	"Evening"	"790"	7	9	0	16	"79"	"90"	16	9
"12716     Sat. Dec 20, 2014          7          4          5     "	12716	2014-12-20	"Sat"	"Midday"	"745"	7	4	5	16	"74"	"45"	11	9
"12715     Fri. Dec 19, 2014          7          4          2     "	12715	2014-12-19	"Fri"	"Evening"	"742"	7	4	2	13	"74"	"42"	11	6
"12714     Fri. Dec 19, 2014          5          5          4     "	12714	2014-12-19	"Fri"	"Midday"	"554"	5	5	4	14	"55"	"54"	10	9
"12713     Thu. Dec 18, 2014          8          7          1     "	12713	2014-12-18	"Thu"	"Evening"	"871"	8	7	1	16	"87"	"71"	15	8
"12712     Thu. Dec 18, 2014          2          7          3     "	12712	2014-12-18	"Thu"	"Midday"	"273"	2	7	3	12	"27"	"73"	9	10
"12711     Wed. Dec 17, 2014          8          1          0     "	12711	2014-12-17	"Wed"	"Evening"	"810"	8	1	0	9	"81"	"10"	9	1
"12710     Wed. Dec 17, 2014          3          6          8     "	12710	2014-12-17	"Wed"	"Midday"	"368"	3	6	8	17	"36"	"68"	9	14
"12709     Tue. Dec 16, 2014          0          6          9     "	12709	2014-12-16	"Tue"	"Evening"	"069"	0	6	9	15	"06"	"69"	6	15
"12708     Tue. Dec 16, 2014          8          9          1     "	12708	2014-12-16	"Tue"	"Midday"	"891"	8	9	1	18	"89"	"91"	17	10
"12707     Mon. Dec 15, 2014          3          6          8     "	12707	2014-12-15	"Mon"	"Evening"	"368"	3	6	8	17	"36"	"68"	9	14
"12706     Mon. Dec 15, 2014          2          4          5     "	12706	2014-12-15	"Mon"	"Midday"	"245"	2	4	5	11	"24"	"45"	6	9
"12705     Sun. Dec 14, 2014          8          9          2     "	12705	2014-12-14	"Sun"	"Evening"	"892"	8	9	2	19	"89"	"92"	17	11
"12704     Sun. Dec 14, 2014          5          9          9     "	12704	2014-12-14	"Sun"	"Midday"	"599"	5	9	9	23	"59"	"99"	14	18
"12703     Sat. Dec 13, 2014          6          6          1     "	12703	2014-12-13	"Sat"	"Evening"	"661"	6	6	1	13	"66"	"61"	12	7
"12702     Sat. Dec 13, 2014          3          2          2     "	12702	2014-12-13	"Sat"	"Midday"	"322"	3	2	2	7	"32"	"22"	5	4
"12701     Fri. Dec 12, 2014          3          1          3     "	12701	2014-12-12	"Fri"	"Evening"	"313"	3	1	3	7	"31"	"13"	4	4
"12700     Fri. Dec 12, 2014          1          7          5     "	12700	2014-12-12	"Fri"	"Midday"	"175"	1	7	5	13	"17"	"75"	8	12
"12699     Thu. Dec 11, 2014          1          0          5     "	12699	2014-12-11	"Thu"	"Evening"	"105"	1	0	5	6	"10"	"05"	1	5
"12698     Thu. Dec 11, 2014          9          6          9     "	12698	2014-12-11	"Thu"	"Midday"	"969"	9	6	9	24	"96"	"69"	15	15
"12697     Wed. Dec 10, 2014          0          3          0     "	12697	2014-12-10	"Wed"	"Evening"	"030"	0	3	0	3	"03"	"30"	3	3
"12696     Wed. Dec 10, 2014          8          1          2     "	12696	2014-12-10	"Wed"	"Midday"	"812"	8	1	2	11	"81"	"12"	9	3
"12695     Tue. Dec 09, 2014          1          6          8     "	12695	2014-12-09	"Tue"	"Evening"	"168"	1	6	8	15	"16"	"68"	7	14
"12694     Tue. Dec 09, 2014          0          4          1     "	12694	2014-12-09	"Tue"	"Midday"	"041"	0	4	1	5	"04"	"41"	4	5
"12693     Mon. Dec 08, 2014          5          1          1     "	12693	2014-12-08	"Mon"	"Evening"	"511"	5	1	1	7	"51"	"11"	6	2
"12692     Mon. Dec 08, 2014          3          9          6     "	12692	2014-12-08	"Mon"	"Midday"	"396"	3	9	6	18	"39"	"96"	12	15
"12691     Sun. Dec 07, 2014          1          7          8     "	12691	2014-12-07	"Sun"	"Evening"	"178"	1	7	8	16	"17"	"78"	8	15
"12690     Sun. Dec 07, 2014          2          2          9     "	12690	2014-12-07	"Sun"	"Midday"	"229"	2	2	9	13	"22"	"29"	4	11
"12689     Sat. Dec 06, 2014          3          6          7     "	12689	2014-12-06	"Sat"	"Evening"	"367"	3	6	7	16	"36"	"67"	9	13
"12688     Sat. Dec 06, 2014          0          9          0     "	12688	2014-12-06	"Sat"	"Midday"	"090"	0	9	0	9	"09"	"90"	9	9
"12687     Fri. Dec 05, 2014          6          1          0     "	12687	2014-12-05	"Fri"	"Evening"	"610"	6	1	0	7	"61"	"10"	7	1
"12686     Fri. Dec 05, 2014          8          1          0     "	12686	2014-12-05	"Fri"	"Midday"	"810"	8	1	0	9	"81"	"10"	9	1
"12685     Thu. Dec 04, 2014          2          0          3     "	12685	2014-12-04	"Thu"	"Evening"	"203"	2	0	3	5	"20"	"03"	2	3
"12684     Thu. Dec 04, 2014          5          0          9     "	12684	2014-12-04	"Thu"	"Midday"	"509"	5	0	9	14	"50"	"09"	5	9
"12683     Wed. Dec 03, 2014          4          1          5     "	12683	2014-12-03	"Wed"	"Evening"	"415"	4	1	5	10	"41"	"15"	5	6
"12682     Wed. Dec 03, 2014          0          0          4     "	12682	2014-12-03	"Wed"	"Midday"	"004"	0	0	4	4	"00"	"04"	0	4
"12681     Tue. Dec 02, 2014          6          7          1     "	12681	2014-12-02	"Tue"	"Evening"	"671"	6	7	1	14	"67"	"71"	13	8
"12680     Tue. Dec 02, 2014          2          8          0     "	12680	2014-12-02	"Tue"	"Midday"	"280"	2	8	0	10	"28"	"80"	10	8
"12679     Mon. Dec 01, 2014          6          8          9     "	12679	2014-12-01	"Mon"	"Evening"	"689"	6	8	9	23	"68"	"89"	14	17
"12678     Mon. Dec 01, 2014          9          2          0     "	12678	2014-12-01	"Mon"	"Midday"	"920"	9	2	0	11	"92"	"20"	11	2
"12677     Sun. Nov 30, 2014          6          0          8     "	12677	2014-11-30	"Sun"	"Evening"	"608"	6	0	8	14	"60"	"08"	6	8
"12676     Sun. Nov 30, 2014          5          4          0     "	12676	2014-11-30	"Sun"	"Midday"	"540"	5	4	0	9	"54"	"40"	9	4
"12675     Sat. Nov 29, 2014          9          9          5     "	12675	2014-11-29	"Sat"	"Evening"	"995"	9	9	5	23	"99"	"95"	18	14
"12674     Sat. Nov 29, 2014          1          1          6     "	12674	2014-11-29	"Sat"	"Midday"	"116"	1	1	6	8	"11"	"16"	2	7
"12673     Fri. Nov 28, 2014          7          0          3     "	12673	2014-11-28	"Fri"	"Evening"	"703"	7	0	3	10	"70"	"03"	7	3
"12672     Fri. Nov 28, 2014          6          5          7     "	12672	2014-11-28	"Fri"	"Midday"	"657"	6	5	7	18	"65"	"57"	11	12
"12671     Thu. Nov 27, 2014          0          0          2     "	12671	2014-11-27	"Thu"	"Evening"	"002"	0	0	2	2	"00"	"02"	0	2
"12670     Thu. Nov 27, 2014          6          8          6     "	12670	2014-11-27	"Thu"	"Midday"	"686"	6	8	6	20	"68"	"86"	14	14
"12669     Wed. Nov 26, 2014          8          0          1     "	12669	2014-11-26	"Wed"	"Evening"	"801"	8	0	1	9	"80"	"01"	8	1
"12668     Wed. Nov 26, 2014          2          2          1     "	12668	2014-11-26	"Wed"	"Midday"	"221"	2	2	1	5	"22"	"21"	4	3
"12667     Tue. Nov 25, 2014          6          6          1     "	12667	2014-11-25	"Tue"	"Evening"	"661"	6	6	1	13	"66"	"61"	12	7
"12666     Tue. Nov 25, 2014          2          0          3     "	12666	2014-11-25	"Tue"	"Midday"	"203"	2	0	3	5	"20"	"03"	2	3
"12665     Mon. Nov 24, 2014          7          6          2     "	12665	2014-11-24	"Mon"	"Evening"	"762"	7	6	2	15	"76"	"62"	13	8
"12664     Mon. Nov 24, 2014          6          8          7     "	12664	2014-11-24	"Mon"	"Midday"	"687"	6	8	7	21	"68"	"87"	14	15
"12663     Sun. Nov 23, 2014          8          0          4     "	12663	2014-11-23	"Sun"	"Evening"	"804"	8	0	4	12	"80"	"04"	8	4
"12662     Sun. Nov 23, 2014          4          5          8     "	12662	2014-11-23	"Sun"	"Midday"	"458"	4	5	8	17	"45"	"58"	9	13
"12661     Sat. Nov 22, 2014          7          6          9     "	12661	2014-11-22	"Sat"	"Evening"	"769"	7	6	9	22	"76"	"69"	13	15
"12660     Sat. Nov 22, 2014          4          7          4     "	12660	2014-11-22	"Sat"	"Midday"	"474"	4	7	4	15	"47"	"74"	11	11
"12659     Fri. Nov 21, 2014          4          2          0     "	12659	2014-11-21	"Fri"	"Evening"	"420"	4	2	0	6	"42"	"20"	6	2
"12658     Fri. Nov 21, 2014          2          1          1     "	12658	2014-11-21	"Fri"	"Midday"	"211"	2	1	1	4	"21"	"11"	3	2
"12657     Thu. Nov 20, 2014          5          7          9     "	12657	2014-11-20	"Thu"	"Evening"	"579"	5	7	9	21	"57"	"79"	12	16
"12656     Thu. Nov 20, 2014          5          2          8     "	12656	2014-11-20	"Thu"	"Midday"	"528"	5	2	8	15	"52"	"28"	7	10
"12655     Wed. Nov 19, 2014          7          8          5     "	12655	2014-11-19	"Wed"	"Evening"	"785"	7	8	5	20	"78"	"85"	15	13
"12654     Wed. Nov 19, 2014          6          2          0     "	12654	2014-11-19	"Wed"	"Midday"	"620"	6	2	0	8	"62"	"20"	8	2
"12653     Tue. Nov 18, 2014          4          8          4     "	12653	2014-11-18	"Tue"	"Evening"	"484"	4	8	4	16	"48"	"84"	12	12
"12652     Tue. Nov 18, 2014          0          8          0     "	12652	2014-11-18	"Tue"	"Midday"	"080"	0	8	0	8	"08"	"80"	8	8
"12651     Mon. Nov 17, 2014          1          8          8     "	12651	2014-11-17	"Mon"	"Evening"	"188"	1	8	8	17	"18"	"88"	9	16
"12650     Mon. Nov 17, 2014          3          0          0     "	12650	2014-11-17	"Mon"	"Midday"	"300"	3	0	0	3	"30"	"00"	3	0
"12649     Sun. Nov 16, 2014          0          0          4     "	12649	2014-11-16	"Sun"	"Evening"	"004"	0	0	4	4	"00"	"04"	0	4
"12648     Sun. Nov 16, 2014          9          4          6     "	12648	2014-11-16	"Sun"	"Midday"	"946"	9	4	6	19	"94"	"46"	13	10
"12647     Sat. Nov 15, 2014          2          5          0     "	12647	2014-11-15	"Sat"	"Evening"	"250"	2	5	0	7	"25"	"50"	7	5
"12646     Sat. Nov 15, 2014          5          0          1     "	12646	2014-11-15	"Sat"	"Midday"	"501"	5	0	1	6	"50"	"01"	5	1
"12645     Fri. Nov 14, 2014          5          4          3     "	12645	2014-11-14	"Fri"	"Evening"	"543"	5	4	3	12	"54"	"43"	9	7
"12644     Fri. Nov 14, 2014          9          0          8     "	12644	2014-11-14	"Fri"	"Midday"	"908"	9	0	8	17	"90"	"08"	9	8
"12643     Thu. Nov 13, 2014          7          5          0     "	12643	2014-11-13	"Thu"	"Evening"	"750"	7	5	0	12	"75"	"50"	12	5
"12642     Thu. Nov 13, 2014          0          2          4     "	12642	2014-11-13	"Thu"	"Midday"	"024"	0	2	4	6	"02"	"24"	2	6
"12641     Wed. Nov 12, 2014          0          0          4     "	12641	2014-11-12	"Wed"	"Evening"	"004"	0	0	4	4	"00"	"04"	0	4
"12640     Wed. Nov 12, 2014          2          8          5     "	12640	2014-11-12	"Wed"	"Midday"	"285"	2	8	5	15	"28"	"85"	10	13
"12639     Tue. Nov 11, 2014          5          4          5     "	12639	2014-11-11	"Tue"	"Evening"	"545"	5	4	5	14	"54"	"45"	9	9
"12638     Tue. Nov 11, 2014          2          2          2     "	12638	2014-11-11	"Tue"	"Midday"	"222"	2	2	2	6	"22"	"22"	4	4
"12637     Mon. Nov 10, 2014          2          1          5     "	12637	2014-11-10	"Mon"	"Evening"	"215"	2	1	5	8	"21"	"15"	3	6
"12636     Mon. Nov 10, 2014          9          3          8     "	12636	2014-11-10	"Mon"	"Midday"	"938"	9	3	8	20	"93"	"38"	12	11
"12635     Sun. Nov 09, 2014          0          1          1     "	12635	2014-11-09	"Sun"	"Evening"	"011"	0	1	1	2	"01"	"11"	1	2
"12634     Sun. Nov 09, 2014          4          9          6     "	12634	2014-11-09	"Sun"	"Midday"	"496"	4	9	6	19	"49"	"96"	13	15
"12633     Sat. Nov 08, 2014          6          4          2     "	12633	2014-11-08	"Sat"	"Evening"	"642"	6	4	2	12	"64"	"42"	10	6
"12632     Sat. Nov 08, 2014          6          7          0     "	12632	2014-11-08	"Sat"	"Midday"	"670"	6	7	0	13	"67"	"70"	13	7
"12631     Fri. Nov 07, 2014          4          6          2     "	12631	2014-11-07	"Fri"	"Evening"	"462"	4	6	2	12	"46"	"62"	10	8
"12630     Fri. Nov 07, 2014          8          1          9     "	12630	2014-11-07	"Fri"	"Midday"	"819"	8	1	9	18	"81"	"19"	9	10
"12629     Thu. Nov 06, 2014          7          6          7     "	12629	2014-11-06	"Thu"	"Evening"	"767"	7	6	7	20	"76"	"67"	13	13
"12628     Thu. Nov 06, 2014          5          1          4     "	12628	2014-11-06	"Thu"	"Midday"	"514"	5	1	4	10	"51"	"14"	6	5
"12627     Wed. Nov 05, 2014          5          1          3     "	12627	2014-11-05	"Wed"	"Evening"	"513"	5	1	3	9	"51"	"13"	6	4
"12626     Wed. Nov 05, 2014          7          3          8     "	12626	2014-11-05	"Wed"	"Midday"	"738"	7	3	8	18	"73"	"38"	10	11
"12625     Tue. Nov 04, 2014          4          5          7     "	12625	2014-11-04	"Tue"	"Evening"	"457"	4	5	7	16	"45"	"57"	9	12
"12624     Tue. Nov 04, 2014          5          9          2     "	12624	2014-11-04	"Tue"	"Midday"	"592"	5	9	2	16	"59"	"92"	14	11
"12623     Mon. Nov 03, 2014          6          2          5     "	12623	2014-11-03	"Mon"	"Evening"	"625"	6	2	5	13	"62"	"25"	8	7
"12622     Mon. Nov 03, 2014          2          9          5     "	12622	2014-11-03	"Mon"	"Midday"	"295"	2	9	5	16	"29"	"95"	11	14
"12621     Sun. Nov 02, 2014          3          2          8     "	12621	2014-11-02	"Sun"	"Evening"	"328"	3	2	8	13	"32"	"28"	5	10
"12620     Sun. Nov 02, 2014          6          5          2     "	12620	2014-11-02	"Sun"	"Midday"	"652"	6	5	2	13	"65"	"52"	11	7
"12619     Sat. Nov 01, 2014          5          7          5     "	12619	2014-11-01	"Sat"	"Evening"	"575"	5	7	5	17	"57"	"75"	12	12
"12618     Sat. Nov 01, 2014          9          4          5     "	12618	2014-11-01	"Sat"	"Midday"	"945"	9	4	5	18	"94"	"45"	13	9
"12617     Fri. Oct 31, 2014          4          3          3     "	12617	2014-10-31	"Fri"	"Evening"	"433"	4	3	3	10	"43"	"33"	7	6
"12616     Fri. Oct 31, 2014          0          3          0     "	12616	2014-10-31	"Fri"	"Midday"	"030"	0	3	0	3	"03"	"30"	3	3
"12615     Thu. Oct 30, 2014          1          8          0     "	12615	2014-10-30	"Thu"	"Evening"	"180"	1	8	0	9	"18"	"80"	9	8
"12614     Thu. Oct 30, 2014          5          5          3     "	12614	2014-10-30	"Thu"	"Midday"	"553"	5	5	3	13	"55"	"53"	10	8
"12613     Wed. Oct 29, 2014          1          5          6     "	12613	2014-10-29	"Wed"	"Evening"	"156"	1	5	6	12	"15"	"56"	6	11
"12612     Wed. Oct 29, 2014          8          8          0     "	12612	2014-10-29	"Wed"	"Midday"	"880"	8	8	0	16	"88"	"80"	16	8
"12611     Tue. Oct 28, 2014          1          2          6     "	12611	2014-10-28	"Tue"	"Evening"	"126"	1	2	6	9	"12"	"26"	3	8
"12610     Tue. Oct 28, 2014          4          7          9     "	12610	2014-10-28	"Tue"	"Midday"	"479"	4	7	9	20	"47"	"79"	11	16
"12609     Mon. Oct 27, 2014          8          6          0     "	12609	2014-10-27	"Mon"	"Evening"	"860"	8	6	0	14	"86"	"60"	14	6
"12608     Mon. Oct 27, 2014          2          5          1     "	12608	2014-10-27	"Mon"	"Midday"	"251"	2	5	1	8	"25"	"51"	7	6
"12607     Sun. Oct 26, 2014          6          7          7     "	12607	2014-10-26	"Sun"	"Evening"	"677"	6	7	7	20	"67"	"77"	13	14
"12606     Sun. Oct 26, 2014          4          6          6     "	12606	2014-10-26	"Sun"	"Midday"	"466"	4	6	6	16	"46"	"66"	10	12
"12605     Sat. Oct 25, 2014          9          8          3     "	12605	2014-10-25	"Sat"	"Evening"	"983"	9	8	3	20	"98"	"83"	17	11
"12604     Sat. Oct 25, 2014          1          3          2     "	12604	2014-10-25	"Sat"	"Midday"	"132"	1	3	2	6	"13"	"32"	4	5
"12603     Fri. Oct 24, 2014          9          4          2     "	12603	2014-10-24	"Fri"	"Evening"	"942"	9	4	2	15	"94"	"42"	13	6
"12602     Fri. Oct 24, 2014          7          8          1     "	12602	2014-10-24	"Fri"	"Midday"	"781"	7	8	1	16	"78"	"81"	15	9
"12601     Thu. Oct 23, 2014          0          5          3     "	12601	2014-10-23	"Thu"	"Evening"	"053"	0	5	3	8	"05"	"53"	5	8
"12600     Thu. Oct 23, 2014          5          6          8     "	12600	2014-10-23	"Thu"	"Midday"	"568"	5	6	8	19	"56"	"68"	11	14
"12599     Wed. Oct 22, 2014          2          5          3     "	12599	2014-10-22	"Wed"	"Evening"	"253"	2	5	3	10	"25"	"53"	7	8
"12598     Wed. Oct 22, 2014          8          7          0     "	12598	2014-10-22	"Wed"	"Midday"	"870"	8	7	0	15	"87"	"70"	15	7
"12597     Tue. Oct 21, 2014          1          9          6     "	12597	2014-10-21	"Tue"	"Evening"	"196"	1	9	6	16	"19"	"96"	10	15
"12596     Tue. Oct 21, 2014          3          3          8     "	12596	2014-10-21	"Tue"	"Midday"	"338"	3	3	8	14	"33"	"38"	6	11
"12595     Mon. Oct 20, 2014          8          8          0     "	12595	2014-10-20	"Mon"	"Evening"	"880"	8	8	0	16	"88"	"80"	16	8
"12594     Mon. Oct 20, 2014          6          2          6     "	12594	2014-10-20	"Mon"	"Midday"	"626"	6	2	6	14	"62"	"26"	8	8
"12593     Sun. Oct 19, 2014          4          7          3     "	12593	2014-10-19	"Sun"	"Evening"	"473"	4	7	3	14	"47"	"73"	11	10
"12592     Sun. Oct 19, 2014          3          2          0     "	12592	2014-10-19	"Sun"	"Midday"	"320"	3	2	0	5	"32"	"20"	5	2
"12591     Sat. Oct 18, 2014          3          2          7     "	12591	2014-10-18	"Sat"	"Evening"	"327"	3	2	7	12	"32"	"27"	5	9
"12590     Sat. Oct 18, 2014          0          7          5     "	12590	2014-10-18	"Sat"	"Midday"	"075"	0	7	5	12	"07"	"75"	7	12
"12589     Fri. Oct 17, 2014          8          9          1     "	12589	2014-10-17	"Fri"	"Evening"	"891"	8	9	1	18	"89"	"91"	17	10
"12588     Fri. Oct 17, 2014          3          9          2     "	12588	2014-10-17	"Fri"	"Midday"	"392"	3	9	2	14	"39"	"92"	12	11
"12587     Thu. Oct 16, 2014          7          8          6     "	12587	2014-10-16	"Thu"	"Evening"	"786"	7	8	6	21	"78"	"86"	15	14
"12586     Thu. Oct 16, 2014          6          4          6     "	12586	2014-10-16	"Thu"	"Midday"	"646"	6	4	6	16	"64"	"46"	10	10
"12585     Wed. Oct 15, 2014          6          9          8     "	12585	2014-10-15	"Wed"	"Evening"	"698"	6	9	8	23	"69"	"98"	15	17
"12584     Wed. Oct 15, 2014          6          2          9     "	12584	2014-10-15	"Wed"	"Midday"	"629"	6	2	9	17	"62"	"29"	8	11
"12583     Tue. Oct 14, 2014          7          2          5     "	12583	2014-10-14	"Tue"	"Evening"	"725"	7	2	5	14	"72"	"25"	9	7
"12582     Tue. Oct 14, 2014          8          4          6     "	12582	2014-10-14	"Tue"	"Midday"	"846"	8	4	6	18	"84"	"46"	12	10
"12581     Mon. Oct 13, 2014          5          1          4     "	12581	2014-10-13	"Mon"	"Evening"	"514"	5	1	4	10	"51"	"14"	6	5
"12580     Mon. Oct 13, 2014          6          4          2     "	12580	2014-10-13	"Mon"	"Midday"	"642"	6	4	2	12	"64"	"42"	10	6
"12579     Sun. Oct 12, 2014          4          4          9     "	12579	2014-10-12	"Sun"	"Evening"	"449"	4	4	9	17	"44"	"49"	8	13
"12578     Sun. Oct 12, 2014          0          6          7     "	12578	2014-10-12	"Sun"	"Midday"	"067"	0	6	7	13	"06"	"67"	6	13
"12577     Sat. Oct 11, 2014          9          6          0     "	12577	2014-10-11	"Sat"	"Evening"	"960"	9	6	0	15	"96"	"60"	15	6
"12576     Sat. Oct 11, 2014          2          0          3     "	12576	2014-10-11	"Sat"	"Midday"	"203"	2	0	3	5	"20"	"03"	2	3
"12575     Fri. Oct 10, 2014          7          3          7     "	12575	2014-10-10	"Fri"	"Evening"	"737"	7	3	7	17	"73"	"37"	10	10
"12574     Fri. Oct 10, 2014          0          2          0     "	12574	2014-10-10	"Fri"	"Midday"	"020"	0	2	0	2	"02"	"20"	2	2
"12573     Thu. Oct 09, 2014          0          1          9     "	12573	2014-10-09	"Thu"	"Evening"	"019"	0	1	9	10	"01"	"19"	1	10
"12572     Thu. Oct 09, 2014          9          7          8     "	12572	2014-10-09	"Thu"	"Midday"	"978"	9	7	8	24	"97"	"78"	16	15
"12571     Wed. Oct 08, 2014          3          7          2     "	12571	2014-10-08	"Wed"	"Evening"	"372"	3	7	2	12	"37"	"72"	10	9
"12570     Wed. Oct 08, 2014          1          3          8     "	12570	2014-10-08	"Wed"	"Midday"	"138"	1	3	8	12	"13"	"38"	4	11
"12569     Tue. Oct 07, 2014          6          2          4     "	12569	2014-10-07	"Tue"	"Evening"	"624"	6	2	4	12	"62"	"24"	8	6
"12568     Tue. Oct 07, 2014          7          1          4     "	12568	2014-10-07	"Tue"	"Midday"	"714"	7	1	4	12	"71"	"14"	8	5
"12567     Mon. Oct 06, 2014          9          7          6     "	12567	2014-10-06	"Mon"	"Evening"	"976"	9	7	6	22	"97"	"76"	16	13
"12566     Mon. Oct 06, 2014          7          9          2     "	12566	2014-10-06	"Mon"	"Midday"	"792"	7	9	2	18	"79"	"92"	16	11
"12565     Sun. Oct 05, 2014          7          9          5     "	12565	2014-10-05	"Sun"	"Evening"	"795"	7	9	5	21	"79"	"95"	16	14
"12564     Sun. Oct 05, 2014          3          6          2     "	12564	2014-10-05	"Sun"	"Midday"	"362"	3	6	2	11	"36"	"62"	9	8
"12563     Sat. Oct 04, 2014          9          9          9     "	12563	2014-10-04	"Sat"	"Evening"	"999"	9	9	9	27	"99"	"99"	18	18
"12562     Sat. Oct 04, 2014          1          4          4     "	12562	2014-10-04	"Sat"	"Midday"	"144"	1	4	4	9	"14"	"44"	5	8
"12561     Fri. Oct 03, 2014          7          3          9     "	12561	2014-10-03	"Fri"	"Evening"	"739"	7	3	9	19	"73"	"39"	10	12
"12560     Fri. Oct 03, 2014          5          5          8     "	12560	2014-10-03	"Fri"	"Midday"	"558"	5	5	8	18	"55"	"58"	10	13
"12559     Thu. Oct 02, 2014          3          0          6     "	12559	2014-10-02	"Thu"	"Evening"	"306"	3	0	6	9	"30"	"06"	3	6
"12558     Thu. Oct 02, 2014          8          0          2     "	12558	2014-10-02	"Thu"	"Midday"	"802"	8	0	2	10	"80"	"02"	8	2
"12557     Wed. Oct 01, 2014          1          6          2     "	12557	2014-10-01	"Wed"	"Evening"	"162"	1	6	2	9	"16"	"62"	7	8
"12556     Wed. Oct 01, 2014          0          9          8     "	12556	2014-10-01	"Wed"	"Midday"	"098"	0	9	8	17	"09"	"98"	9	17
"12555     Tue. Sep 30, 2014          5          8          2     "	12555	2014-09-30	"Tue"	"Evening"	"582"	5	8	2	15	"58"	"82"	13	10
"12554     Tue. Sep 30, 2014          5          4          1     "	12554	2014-09-30	"Tue"	"Midday"	"541"	5	4	1	10	"54"	"41"	9	5
"12553     Mon. Sep 29, 2014          0          1          6     "	12553	2014-09-29	"Mon"	"Evening"	"016"	0	1	6	7	"01"	"16"	1	7
"12552     Mon. Sep 29, 2014          6          8          5     "	12552	2014-09-29	"Mon"	"Midday"	"685"	6	8	5	19	"68"	"85"	14	13
"12551     Sun. Sep 28, 2014          2          4          2     "	12551	2014-09-28	"Sun"	"Evening"	"242"	2	4	2	8	"24"	"42"	6	6
"12550     Sun. Sep 28, 2014          9          7          9     "	12550	2014-09-28	"Sun"	"Midday"	"979"	9	7	9	25	"97"	"79"	16	16
"12549     Sat. Sep 27, 2014          9          8          1     "	12549	2014-09-27	"Sat"	"Evening"	"981"	9	8	1	18	"98"	"81"	17	9
"12548     Sat. Sep 27, 2014          5          8          6     "	12548	2014-09-27	"Sat"	"Midday"	"586"	5	8	6	19	"58"	"86"	13	14
"12547     Fri. Sep 26, 2014          7          2          2     "	12547	2014-09-26	"Fri"	"Evening"	"722"	7	2	2	11	"72"	"22"	9	4
"12546     Fri. Sep 26, 2014          3          0          5     "	12546	2014-09-26	"Fri"	"Midday"	"305"	3	0	5	8	"30"	"05"	3	5
"12545     Thu. Sep 25, 2014          5          1          2     "	12545	2014-09-25	"Thu"	"Evening"	"512"	5	1	2	8	"51"	"12"	6	3
"12544     Thu. Sep 25, 2014          1          0          2     "	12544	2014-09-25	"Thu"	"Midday"	"102"	1	0	2	3	"10"	"02"	1	2
"12543     Wed. Sep 24, 2014          1          9          3     "	12543	2014-09-24	"Wed"	"Evening"	"193"	1	9	3	13	"19"	"93"	10	12
"12542     Wed. Sep 24, 2014          2          0          3     "	12542	2014-09-24	"Wed"	"Midday"	"203"	2	0	3	5	"20"	"03"	2	3
"12541     Tue. Sep 23, 2014          2          4          7     "	12541	2014-09-23	"Tue"	"Evening"	"247"	2	4	7	13	"24"	"47"	6	11
"12540     Tue. Sep 23, 2014          9          6          0     "	12540	2014-09-23	"Tue"	"Midday"	"960"	9	6	0	15	"96"	"60"	15	6
"12539     Mon. Sep 22, 2014          2          9          3     "	12539	2014-09-22	"Mon"	"Evening"	"293"	2	9	3	14	"29"	"93"	11	12
"12538     Mon. Sep 22, 2014          1          3          7     "	12538	2014-09-22	"Mon"	"Midday"	"137"	1	3	7	11	"13"	"37"	4	10
"12537     Sun. Sep 21, 2014          0          1          8     "	12537	2014-09-21	"Sun"	"Evening"	"018"	0	1	8	9	"01"	"18"	1	9
"12536     Sun. Sep 21, 2014          3          4          8     "	12536	2014-09-21	"Sun"	"Midday"	"348"	3	4	8	15	"34"	"48"	7	12
"12535     Sat. Sep 20, 2014          7          9          1     "	12535	2014-09-20	"Sat"	"Evening"	"791"	7	9	1	17	"79"	"91"	16	10
"12534     Sat. Sep 20, 2014          1          2          0     "	12534	2014-09-20	"Sat"	"Midday"	"120"	1	2	0	3	"12"	"20"	3	2
"12533     Fri. Sep 19, 2014          2          0          1     "	12533	2014-09-19	"Fri"	"Evening"	"201"	2	0	1	3	"20"	"01"	2	1
"12532     Fri. Sep 19, 2014          9          0          3     "	12532	2014-09-19	"Fri"	"Midday"	"903"	9	0	3	12	"90"	"03"	9	3
"12531     Thu. Sep 18, 2014          9          1          2     "	12531	2014-09-18	"Thu"	"Evening"	"912"	9	1	2	12	"91"	"12"	10	3
"12530     Thu. Sep 18, 2014          5          9          5     "	12530	2014-09-18	"Thu"	"Midday"	"595"	5	9	5	19	"59"	"95"	14	14
"12529     Wed. Sep 17, 2014          6          0          1     "	12529	2014-09-17	"Wed"	"Evening"	"601"	6	0	1	7	"60"	"01"	6	1
"12528     Wed. Sep 17, 2014          7          1          2     "	12528	2014-09-17	"Wed"	"Midday"	"712"	7	1	2	10	"71"	"12"	8	3
"12527     Tue. Sep 16, 2014          4          9          7     "	12527	2014-09-16	"Tue"	"Evening"	"497"	4	9	7	20	"49"	"97"	13	16
"12526     Tue. Sep 16, 2014          1          4          3     "	12526	2014-09-16	"Tue"	"Midday"	"143"	1	4	3	8	"14"	"43"	5	7
"12525     Mon. Sep 15, 2014          5          0          6     "	12525	2014-09-15	"Mon"	"Evening"	"506"	5	0	6	11	"50"	"06"	5	6
"12524     Mon. Sep 15, 2014          9          3          1     "	12524	2014-09-15	"Mon"	"Midday"	"931"	9	3	1	13	"93"	"31"	12	4
"12523     Sun. Sep 14, 2014          2          7          7     "	12523	2014-09-14	"Sun"	"Evening"	"277"	2	7	7	16	"27"	"77"	9	14
"12522     Sun. Sep 14, 2014          4          3          0     "	12522	2014-09-14	"Sun"	"Midday"	"430"	4	3	0	7	"43"	"30"	7	3
"12521     Sat. Sep 13, 2014          2          6          6     "	12521	2014-09-13	"Sat"	"Evening"	"266"	2	6	6	14	"26"	"66"	8	12
"12520     Sat. Sep 13, 2014          3          4          4     "	12520	2014-09-13	"Sat"	"Midday"	"344"	3	4	4	11	"34"	"44"	7	8
"12519     Fri. Sep 12, 2014          8          4          5     "	12519	2014-09-12	"Fri"	"Evening"	"845"	8	4	5	17	"84"	"45"	12	9
"12518     Fri. Sep 12, 2014          9          0          2     "	12518	2014-09-12	"Fri"	"Midday"	"902"	9	0	2	11	"90"	"02"	9	2
"12517     Thu. Sep 11, 2014          8          5          7     "	12517	2014-09-11	"Thu"	"Evening"	"857"	8	5	7	20	"85"	"57"	13	12
"12516     Thu. Sep 11, 2014          7          6          8     "	12516	2014-09-11	"Thu"	"Midday"	"768"	7	6	8	21	"76"	"68"	13	14
"12515     Wed. Sep 10, 2014          5          2          1     "	12515	2014-09-10	"Wed"	"Evening"	"521"	5	2	1	8	"52"	"21"	7	3
"12514     Wed. Sep 10, 2014          7          1          5     "	12514	2014-09-10	"Wed"	"Midday"	"715"	7	1	5	13	"71"	"15"	8	6
"12513     Tue. Sep 09, 2014          5          1          5     "	12513	2014-09-09	"Tue"	"Evening"	"515"	5	1	5	11	"51"	"15"	6	6
"12512     Tue. Sep 09, 2014          2          7          3     "	12512	2014-09-09	"Tue"	"Midday"	"273"	2	7	3	12	"27"	"73"	9	10
"12511     Mon. Sep 08, 2014          2          1          7     "	12511	2014-09-08	"Mon"	"Evening"	"217"	2	1	7	10	"21"	"17"	3	8
"12510     Mon. Sep 08, 2014          3          7          0     "	12510	2014-09-08	"Mon"	"Midday"	"370"	3	7	0	10	"37"	"70"	10	7
"12509     Sun. Sep 07, 2014          3          1          7     "	12509	2014-09-07	"Sun"	"Evening"	"317"	3	1	7	11	"31"	"17"	4	8
"12508     Sun. Sep 07, 2014          2          0          4     "	12508	2014-09-07	"Sun"	"Midday"	"204"	2	0	4	6	"20"	"04"	2	4
"12507     Sat. Sep 06, 2014          4          4          9     "	12507	2014-09-06	"Sat"	"Evening"	"449"	4	4	9	17	"44"	"49"	8	13
"12506     Sat. Sep 06, 2014          8          6          4     "	12506	2014-09-06	"Sat"	"Midday"	"864"	8	6	4	18	"86"	"64"	14	10
"12505     Fri. Sep 05, 2014          3          1          7     "	12505	2014-09-05	"Fri"	"Evening"	"317"	3	1	7	11	"31"	"17"	4	8
"12504     Fri. Sep 05, 2014          2          8          2     "	12504	2014-09-05	"Fri"	"Midday"	"282"	2	8	2	12	"28"	"82"	10	10
"12503     Thu. Sep 04, 2014          7          6          9     "	12503	2014-09-04	"Thu"	"Evening"	"769"	7	6	9	22	"76"	"69"	13	15
"12502     Thu. Sep 04, 2014          6          5          2     "	12502	2014-09-04	"Thu"	"Midday"	"652"	6	5	2	13	"65"	"52"	11	7
"12501     Wed. Sep 03, 2014          0          5          4     "	12501	2014-09-03	"Wed"	"Evening"	"054"	0	5	4	9	"05"	"54"	5	9
"12500     Wed. Sep 03, 2014          8          6          4     "	12500	2014-09-03	"Wed"	"Midday"	"864"	8	6	4	18	"86"	"64"	14	10
"12499     Tue. Sep 02, 2014          0          1          0     "	12499	2014-09-02	"Tue"	"Evening"	"010"	0	1	0	1	"01"	"10"	1	1
"12498     Tue. Sep 02, 2014          8          2          0     "	12498	2014-09-02	"Tue"	"Midday"	"820"	8	2	0	10	"82"	"20"	10	2
"12497     Mon. Sep 01, 2014          5          2          7     "	12497	2014-09-01	"Mon"	"Evening"	"527"	5	2	7	14	"52"	"27"	7	9
"12496     Mon. Sep 01, 2014          6          1          2     "	12496	2014-09-01	"Mon"	"Midday"	"612"	6	1	2	9	"61"	"12"	7	3
"12495     Sun. Aug 31, 2014          5          2          7     "	12495	2014-08-31	"Sun"	"Evening"	"527"	5	2	7	14	"52"	"27"	7	9
"12494     Sun. Aug 31, 2014          9          1          7     "	12494	2014-08-31	"Sun"	"Midday"	"917"	9	1	7	17	"91"	"17"	10	8
"12493     Sat. Aug 30, 2014          2          0          9     "	12493	2014-08-30	"Sat"	"Evening"	"209"	2	0	9	11	"20"	"09"	2	9
"12492     Sat. Aug 30, 2014          5          9          7     "	12492	2014-08-30	"Sat"	"Midday"	"597"	5	9	7	21	"59"	"97"	14	16
"12491     Fri. Aug 29, 2014          7          8          9     "	12491	2014-08-29	"Fri"	"Evening"	"789"	7	8	9	24	"78"	"89"	15	17
"12490     Fri. Aug 29, 2014          1          6          5     "	12490	2014-08-29	"Fri"	"Midday"	"165"	1	6	5	12	"16"	"65"	7	11
"12489     Thu. Aug 28, 2014          4          6          7     "	12489	2014-08-28	"Thu"	"Evening"	"467"	4	6	7	17	"46"	"67"	10	13
"12488     Thu. Aug 28, 2014          5          0          4     "	12488	2014-08-28	"Thu"	"Midday"	"504"	5	0	4	9	"50"	"04"	5	4
"12487     Wed. Aug 27, 2014          1          8          6     "	12487	2014-08-27	"Wed"	"Evening"	"186"	1	8	6	15	"18"	"86"	9	14
"12486     Wed. Aug 27, 2014          5          5          1     "	12486	2014-08-27	"Wed"	"Midday"	"551"	5	5	1	11	"55"	"51"	10	6
"12485     Tue. Aug 26, 2014          9          7          3     "	12485	2014-08-26	"Tue"	"Evening"	"973"	9	7	3	19	"97"	"73"	16	10
"12484     Tue. Aug 26, 2014          8          0          5     "	12484	2014-08-26	"Tue"	"Midday"	"805"	8	0	5	13	"80"	"05"	8	5
"12483     Mon. Aug 25, 2014          9          1          5     "	12483	2014-08-25	"Mon"	"Evening"	"915"	9	1	5	15	"91"	"15"	10	6
"12482     Mon. Aug 25, 2014          7          5          4     "	12482	2014-08-25	"Mon"	"Midday"	"754"	7	5	4	16	"75"	"54"	12	9
"12481     Sun. Aug 24, 2014          5          4          0     "	12481	2014-08-24	"Sun"	"Evening"	"540"	5	4	0	9	"54"	"40"	9	4
"12480     Sun. Aug 24, 2014          2          7          0     "	12480	2014-08-24	"Sun"	"Midday"	"270"	2	7	0	9	"27"	"70"	9	7
"12479     Sat. Aug 23, 2014          8          8          8     "	12479	2014-08-23	"Sat"	"Evening"	"888"	8	8	8	24	"88"	"88"	16	16
"12478     Sat. Aug 23, 2014          2          4          9     "	12478	2014-08-23	"Sat"	"Midday"	"249"	2	4	9	15	"24"	"49"	6	13
"12477     Fri. Aug 22, 2014          4          6          5     "	12477	2014-08-22	"Fri"	"Evening"	"465"	4	6	5	15	"46"	"65"	10	11
"12476     Fri. Aug 22, 2014          2          0          8     "	12476	2014-08-22	"Fri"	"Midday"	"208"	2	0	8	10	"20"	"08"	2	8
"12475     Thu. Aug 21, 2014          4          0          8     "	12475	2014-08-21	"Thu"	"Evening"	"408"	4	0	8	12	"40"	"08"	4	8
"12474     Thu. Aug 21, 2014          0          7          4     "	12474	2014-08-21	"Thu"	"Midday"	"074"	0	7	4	11	"07"	"74"	7	11
"12473     Wed. Aug 20, 2014          4          5          4     "	12473	2014-08-20	"Wed"	"Evening"	"454"	4	5	4	13	"45"	"54"	9	9
"12472     Wed. Aug 20, 2014          4          8          9     "	12472	2014-08-20	"Wed"	"Midday"	"489"	4	8	9	21	"48"	"89"	12	17
"12471     Tue. Aug 19, 2014          2          3          7     "	12471	2014-08-19	"Tue"	"Evening"	"237"	2	3	7	12	"23"	"37"	5	10
"12470     Tue. Aug 19, 2014          8          9          7     "	12470	2014-08-19	"Tue"	"Midday"	"897"	8	9	7	24	"89"	"97"	17	16
"12469     Mon. Aug 18, 2014          1          7          7     "	12469	2014-08-18	"Mon"	"Evening"	"177"	1	7	7	15	"17"	"77"	8	14
"12468     Mon. Aug 18, 2014          3          8          5     "	12468	2014-08-18	"Mon"	"Midday"	"385"	3	8	5	16	"38"	"85"	11	13
"12467     Sun. Aug 17, 2014          4          0          3     "	12467	2014-08-17	"Sun"	"Evening"	"403"	4	0	3	7	"40"	"03"	4	3
"12466     Sun. Aug 17, 2014          6          5          6     "	12466	2014-08-17	"Sun"	"Midday"	"656"	6	5	6	17	"65"	"56"	11	11
"12465     Sat. Aug 16, 2014          5          3          6     "	12465	2014-08-16	"Sat"	"Evening"	"536"	5	3	6	14	"53"	"36"	8	9
"12464     Sat. Aug 16, 2014          5          7          8     "	12464	2014-08-16	"Sat"	"Midday"	"578"	5	7	8	20	"57"	"78"	12	15
"12463     Fri. Aug 15, 2014          4          0          4     "	12463	2014-08-15	"Fri"	"Evening"	"404"	4	0	4	8	"40"	"04"	4	4
"12462     Fri. Aug 15, 2014          1          7          7     "	12462	2014-08-15	"Fri"	"Midday"	"177"	1	7	7	15	"17"	"77"	8	14
"12461     Thu. Aug 14, 2014          7          3          6     "	12461	2014-08-14	"Thu"	"Evening"	"736"	7	3	6	16	"73"	"36"	10	9
"12460     Thu. Aug 14, 2014          0          3          4     "	12460	2014-08-14	"Thu"	"Midday"	"034"	0	3	4	7	"03"	"34"	3	7
"12459     Wed. Aug 13, 2014          8          0          4     "	12459	2014-08-13	"Wed"	"Evening"	"804"	8	0	4	12	"80"	"04"	8	4
"12458     Wed. Aug 13, 2014          5          9          4     "	12458	2014-08-13	"Wed"	"Midday"	"594"	5	9	4	18	"59"	"94"	14	13
"12457     Tue. Aug 12, 2014          7          6          1     "	12457	2014-08-12	"Tue"	"Evening"	"761"	7	6	1	14	"76"	"61"	13	7
"12456     Tue. Aug 12, 2014          2          6          8     "	12456	2014-08-12	"Tue"	"Midday"	"268"	2	6	8	16	"26"	"68"	8	14
"12455     Mon. Aug 11, 2014          6          3          1     "	12455	2014-08-11	"Mon"	"Evening"	"631"	6	3	1	10	"63"	"31"	9	4
"12454     Mon. Aug 11, 2014          9          0          3     "	12454	2014-08-11	"Mon"	"Midday"	"903"	9	0	3	12	"90"	"03"	9	3
"12453     Sun. Aug 10, 2014          4          0          9     "	12453	2014-08-10	"Sun"	"Evening"	"409"	4	0	9	13	"40"	"09"	4	9
"12452     Sun. Aug 10, 2014          0          3          1     "	12452	2014-08-10	"Sun"	"Midday"	"031"	0	3	1	4	"03"	"31"	3	4
"12451     Sat. Aug 09, 2014          5          5          5     "	12451	2014-08-09	"Sat"	"Evening"	"555"	5	5	5	15	"55"	"55"	10	10
"12450     Sat. Aug 09, 2014          0          9          7     "	12450	2014-08-09	"Sat"	"Midday"	"097"	0	9	7	16	"09"	"97"	9	16
"12449     Fri. Aug 08, 2014          3          1          0     "	12449	2014-08-08	"Fri"	"Evening"	"310"	3	1	0	4	"31"	"10"	4	1
"12448     Fri. Aug 08, 2014          7          3          4     "	12448	2014-08-08	"Fri"	"Midday"	"734"	7	3	4	14	"73"	"34"	10	7
"12447     Thu. Aug 07, 2014          6          9          1     "	12447	2014-08-07	"Thu"	"Evening"	"691"	6	9	1	16	"69"	"91"	15	10
"12446     Thu. Aug 07, 2014          7          2          2     "	12446	2014-08-07	"Thu"	"Midday"	"722"	7	2	2	11	"72"	"22"	9	4
"12445     Wed. Aug 06, 2014          2          9          3     "	12445	2014-08-06	"Wed"	"Evening"	"293"	2	9	3	14	"29"	"93"	11	12
"12444     Wed. Aug 06, 2014          3          3          0     "	12444	2014-08-06	"Wed"	"Midday"	"330"	3	3	0	6	"33"	"30"	6	3
"12443     Tue. Aug 05, 2014          9          2          7     "	12443	2014-08-05	"Tue"	"Evening"	"927"	9	2	7	18	"92"	"27"	11	9
"12442     Tue. Aug 05, 2014          1          2          9     "	12442	2014-08-05	"Tue"	"Midday"	"129"	1	2	9	12	"12"	"29"	3	11
"12441     Mon. Aug 04, 2014          0          6          6     "	12441	2014-08-04	"Mon"	"Evening"	"066"	0	6	6	12	"06"	"66"	6	12
"12440     Mon. Aug 04, 2014          8          3          6     "	12440	2014-08-04	"Mon"	"Midday"	"836"	8	3	6	17	"83"	"36"	11	9
"12439     Sun. Aug 03, 2014          4          0          8     "	12439	2014-08-03	"Sun"	"Evening"	"408"	4	0	8	12	"40"	"08"	4	8
"12438     Sun. Aug 03, 2014          9          5          6     "	12438	2014-08-03	"Sun"	"Midday"	"956"	9	5	6	20	"95"	"56"	14	11
"12437     Sat. Aug 02, 2014          4          9          4     "	12437	2014-08-02	"Sat"	"Evening"	"494"	4	9	4	17	"49"	"94"	13	13
"12436     Sat. Aug 02, 2014          5          2          3     "	12436	2014-08-02	"Sat"	"Midday"	"523"	5	2	3	10	"52"	"23"	7	5
"12435     Fri. Aug 01, 2014          4          6          8     "	12435	2014-08-01	"Fri"	"Evening"	"468"	4	6	8	18	"46"	"68"	10	14
"12434     Fri. Aug 01, 2014          9          2          8     "	12434	2014-08-01	"Fri"	"Midday"	"928"	9	2	8	19	"92"	"28"	11	10
"12433     Thu. Jul 31, 2014          3          1          4     "	12433	2014-07-31	"Thu"	"Evening"	"314"	3	1	4	8	"31"	"14"	4	5
"12432     Thu. Jul 31, 2014          3          6          5     "	12432	2014-07-31	"Thu"	"Midday"	"365"	3	6	5	14	"36"	"65"	9	11
"12431     Wed. Jul 30, 2014          6          5          1     "	12431	2014-07-30	"Wed"	"Evening"	"651"	6	5	1	12	"65"	"51"	11	6
"12430     Wed. Jul 30, 2014          6          9          3     "	12430	2014-07-30	"Wed"	"Midday"	"693"	6	9	3	18	"69"	"93"	15	12
"12429     Tue. Jul 29, 2014          9          0          9     "	12429	2014-07-29	"Tue"	"Evening"	"909"	9	0	9	18	"90"	"09"	9	9
"12428     Tue. Jul 29, 2014          2          1          5     "	12428	2014-07-29	"Tue"	"Midday"	"215"	2	1	5	8	"21"	"15"	3	6
"12427     Mon. Jul 28, 2014          6          3          8     "	12427	2014-07-28	"Mon"	"Evening"	"638"	6	3	8	17	"63"	"38"	9	11
"12426     Mon. Jul 28, 2014          8          2          7     "	12426	2014-07-28	"Mon"	"Midday"	"827"	8	2	7	17	"82"	"27"	10	9
"12425     Sun. Jul 27, 2014          3          3          4     "	12425	2014-07-27	"Sun"	"Evening"	"334"	3	3	4	10	"33"	"34"	6	7
"12424     Sun. Jul 27, 2014          5          0          9     "	12424	2014-07-27	"Sun"	"Midday"	"509"	5	0	9	14	"50"	"09"	5	9
"12423     Sat. Jul 26, 2014          0          0          8     "	12423	2014-07-26	"Sat"	"Evening"	"008"	0	0	8	8	"00"	"08"	0	8
"12422     Sat. Jul 26, 2014          8          1          5     "	12422	2014-07-26	"Sat"	"Midday"	"815"	8	1	5	14	"81"	"15"	9	6
"12421     Fri. Jul 25, 2014          3          8          0     "	12421	2014-07-25	"Fri"	"Evening"	"380"	3	8	0	11	"38"	"80"	11	8
"12420     Fri. Jul 25, 2014          0          5          1     "	12420	2014-07-25	"Fri"	"Midday"	"051"	0	5	1	6	"05"	"51"	5	6
"12419     Thu. Jul 24, 2014          3          7          9     "	12419	2014-07-24	"Thu"	"Evening"	"379"	3	7	9	19	"37"	"79"	10	16
"12418     Thu. Jul 24, 2014          2          5          1     "	12418	2014-07-24	"Thu"	"Midday"	"251"	2	5	1	8	"25"	"51"	7	6
"12417     Wed. Jul 23, 2014          7          3          1     "	12417	2014-07-23	"Wed"	"Evening"	"731"	7	3	1	11	"73"	"31"	10	4
"12416     Wed. Jul 23, 2014          3          0          2     "	12416	2014-07-23	"Wed"	"Midday"	"302"	3	0	2	5	"30"	"02"	3	2
"12415     Tue. Jul 22, 2014          5          7          7     "	12415	2014-07-22	"Tue"	"Evening"	"577"	5	7	7	19	"57"	"77"	12	14
"12414     Tue. Jul 22, 2014          9          8          1     "	12414	2014-07-22	"Tue"	"Midday"	"981"	9	8	1	18	"98"	"81"	17	9
"12413     Mon. Jul 21, 2014          6          7          9     "	12413	2014-07-21	"Mon"	"Evening"	"679"	6	7	9	22	"67"	"79"	13	16
"12412     Mon. Jul 21, 2014          3          2          7     "	12412	2014-07-21	"Mon"	"Midday"	"327"	3	2	7	12	"32"	"27"	5	9
"12411     Sun. Jul 20, 2014          7          1          9     "	12411	2014-07-20	"Sun"	"Evening"	"719"	7	1	9	17	"71"	"19"	8	10
"12410     Sun. Jul 20, 2014          0          1          0     "	12410	2014-07-20	"Sun"	"Midday"	"010"	0	1	0	1	"01"	"10"	1	1
"12409     Sat. Jul 19, 2014          7          1          6     "	12409	2014-07-19	"Sat"	"Evening"	"716"	7	1	6	14	"71"	"16"	8	7
"12408     Sat. Jul 19, 2014          1          1          4     "	12408	2014-07-19	"Sat"	"Midday"	"114"	1	1	4	6	"11"	"14"	2	5
"12407     Fri. Jul 18, 2014          1          6          4     "	12407	2014-07-18	"Fri"	"Evening"	"164"	1	6	4	11	"16"	"64"	7	10
"12406     Fri. Jul 18, 2014          2          1          3     "	12406	2014-07-18	"Fri"	"Midday"	"213"	2	1	3	6	"21"	"13"	3	4
"12405     Thu. Jul 17, 2014          7          6          0     "	12405	2014-07-17	"Thu"	"Evening"	"760"	7	6	0	13	"76"	"60"	13	6
"12404     Thu. Jul 17, 2014          9          8          7     "	12404	2014-07-17	"Thu"	"Midday"	"987"	9	8	7	24	"98"	"87"	17	15
"12403     Wed. Jul 16, 2014          4          7          6     "	12403	2014-07-16	"Wed"	"Evening"	"476"	4	7	6	17	"47"	"76"	11	13
"12402     Wed. Jul 16, 2014          6          0          8     "	12402	2014-07-16	"Wed"	"Midday"	"608"	6	0	8	14	"60"	"08"	6	8
"12401     Tue. Jul 15, 2014          9          1          8     "	12401	2014-07-15	"Tue"	"Evening"	"918"	9	1	8	18	"91"	"18"	10	9
"12400     Tue. Jul 15, 2014          4          5          7     "	12400	2014-07-15	"Tue"	"Midday"	"457"	4	5	7	16	"45"	"57"	9	12
"12399     Mon. Jul 14, 2014          8          0          0     "	12399	2014-07-14	"Mon"	"Evening"	"800"	8	0	0	8	"80"	"00"	8	0
"12398     Mon. Jul 14, 2014          1          6          7     "	12398	2014-07-14	"Mon"	"Midday"	"167"	1	6	7	14	"16"	"67"	7	13
"12397     Sun. Jul 13, 2014          7          8          5     "	12397	2014-07-13	"Sun"	"Evening"	"785"	7	8	5	20	"78"	"85"	15	13
"12396     Sun. Jul 13, 2014          5          2          7     "	12396	2014-07-13	"Sun"	"Midday"	"527"	5	2	7	14	"52"	"27"	7	9
"12395     Sat. Jul 12, 2014          0          4          5     "	12395	2014-07-12	"Sat"	"Evening"	"045"	0	4	5	9	"04"	"45"	4	9
"12394     Sat. Jul 12, 2014          2          1          9     "	12394	2014-07-12	"Sat"	"Midday"	"219"	2	1	9	12	"21"	"19"	3	10
"12393     Fri. Jul 11, 2014          3          1          1     "	12393	2014-07-11	"Fri"	"Evening"	"311"	3	1	1	5	"31"	"11"	4	2
"12392     Fri. Jul 11, 2014          5          1          3     "	12392	2014-07-11	"Fri"	"Midday"	"513"	5	1	3	9	"51"	"13"	6	4
"12391     Thu. Jul 10, 2014          6          3          9     "	12391	2014-07-10	"Thu"	"Evening"	"639"	6	3	9	18	"63"	"39"	9	12
"12390     Thu. Jul 10, 2014          8          5          8     "	12390	2014-07-10	"Thu"	"Midday"	"858"	8	5	8	21	"85"	"58"	13	13
"12389     Wed. Jul 09, 2014          7          4          6     "	12389	2014-07-09	"Wed"	"Evening"	"746"	7	4	6	17	"74"	"46"	11	10
"12388     Wed. Jul 09, 2014          3          4          9     "	12388	2014-07-09	"Wed"	"Midday"	"349"	3	4	9	16	"34"	"49"	7	13
"12387     Tue. Jul 08, 2014          7          3          2     "	12387	2014-07-08	"Tue"	"Evening"	"732"	7	3	2	12	"73"	"32"	10	5
"12386     Tue. Jul 08, 2014          0          1          6     "	12386	2014-07-08	"Tue"	"Midday"	"016"	0	1	6	7	"01"	"16"	1	7
"12385     Mon. Jul 07, 2014          4          8          6     "	12385	2014-07-07	"Mon"	"Evening"	"486"	4	8	6	18	"48"	"86"	12	14
"12384     Mon. Jul 07, 2014          9          4          8     "	12384	2014-07-07	"Mon"	"Midday"	"948"	9	4	8	21	"94"	"48"	13	12
"12383     Sun. Jul 06, 2014          8          8          3     "	12383	2014-07-06	"Sun"	"Evening"	"883"	8	8	3	19	"88"	"83"	16	11
"12382     Sun. Jul 06, 2014          0          5          2     "	12382	2014-07-06	"Sun"	"Midday"	"052"	0	5	2	7	"05"	"52"	5	7
"12381     Sat. Jul 05, 2014          8          8          3     "	12381	2014-07-05	"Sat"	"Evening"	"883"	8	8	3	19	"88"	"83"	16	11
"12380     Sat. Jul 05, 2014          1          1          8     "	12380	2014-07-05	"Sat"	"Midday"	"118"	1	1	8	10	"11"	"18"	2	9
"12379     Fri. Jul 04, 2014          5          9          1     "	12379	2014-07-04	"Fri"	"Evening"	"591"	5	9	1	15	"59"	"91"	14	10
"12378     Fri. Jul 04, 2014          3          3          3     "	12378	2014-07-04	"Fri"	"Midday"	"333"	3	3	3	9	"33"	"33"	6	6
"12377     Thu. Jul 03, 2014          2          9          6     "	12377	2014-07-03	"Thu"	"Evening"	"296"	2	9	6	17	"29"	"96"	11	15
"12376     Thu. Jul 03, 2014          1          4          1     "	12376	2014-07-03	"Thu"	"Midday"	"141"	1	4	1	6	"14"	"41"	5	5
"12375     Wed. Jul 02, 2014          4          9          3     "	12375	2014-07-02	"Wed"	"Evening"	"493"	4	9	3	16	"49"	"93"	13	12
"12374     Wed. Jul 02, 2014          3          4          5     "	12374	2014-07-02	"Wed"	"Midday"	"345"	3	4	5	12	"34"	"45"	7	9
"12373     Tue. Jul 01, 2014          3          2          1     "	12373	2014-07-01	"Tue"	"Evening"	"321"	3	2	1	6	"32"	"21"	5	3
"12372     Tue. Jul 01, 2014          0          1          5     "	12372	2014-07-01	"Tue"	"Midday"	"015"	0	1	5	6	"01"	"15"	1	6
"12371     Mon. Jun 30, 2014          7          6          8     "	12371	2014-06-30	"Mon"	"Evening"	"768"	7	6	8	21	"76"	"68"	13	14
"12370     Mon. Jun 30, 2014          9          0          4     "	12370	2014-06-30	"Mon"	"Midday"	"904"	9	0	4	13	"90"	"04"	9	4
"12369     Sun. Jun 29, 2014          7          4          0     "	12369	2014-06-29	"Sun"	"Evening"	"740"	7	4	0	11	"74"	"40"	11	4
"12368     Sun. Jun 29, 2014          8          3          1     "	12368	2014-06-29	"Sun"	"Midday"	"831"	8	3	1	12	"83"	"31"	11	4
"12367     Sat. Jun 28, 2014          4          7          6     "	12367	2014-06-28	"Sat"	"Evening"	"476"	4	7	6	17	"47"	"76"	11	13
"12366     Sat. Jun 28, 2014          7          5          2     "	12366	2014-06-28	"Sat"	"Midday"	"752"	7	5	2	14	"75"	"52"	12	7
"12365     Fri. Jun 27, 2014          9          6          4     "	12365	2014-06-27	"Fri"	"Evening"	"964"	9	6	4	19	"96"	"64"	15	10
"12364     Fri. Jun 27, 2014          6          8          7     "	12364	2014-06-27	"Fri"	"Midday"	"687"	6	8	7	21	"68"	"87"	14	15
"12363     Thu. Jun 26, 2014          4          5          7     "	12363	2014-06-26	"Thu"	"Evening"	"457"	4	5	7	16	"45"	"57"	9	12
"12362     Thu. Jun 26, 2014          4          5          0     "	12362	2014-06-26	"Thu"	"Midday"	"450"	4	5	0	9	"45"	"50"	9	5
"12361     Wed. Jun 25, 2014          5          8          3     "	12361	2014-06-25	"Wed"	"Evening"	"583"	5	8	3	16	"58"	"83"	13	11
"12360     Wed. Jun 25, 2014          4          5          1     "	12360	2014-06-25	"Wed"	"Midday"	"451"	4	5	1	10	"45"	"51"	9	6
"12359     Tue. Jun 24, 2014          9          4          4     "	12359	2014-06-24	"Tue"	"Evening"	"944"	9	4	4	17	"94"	"44"	13	8
"12358     Tue. Jun 24, 2014          8          7          6     "	12358	2014-06-24	"Tue"	"Midday"	"876"	8	7	6	21	"87"	"76"	15	13
"12357     Mon. Jun 23, 2014          3          4          6     "	12357	2014-06-23	"Mon"	"Evening"	"346"	3	4	6	13	"34"	"46"	7	10
"12356     Mon. Jun 23, 2014          0          3          6     "	12356	2014-06-23	"Mon"	"Midday"	"036"	0	3	6	9	"03"	"36"	3	9
"12355     Sun. Jun 22, 2014          2          9          2     "	12355	2014-06-22	"Sun"	"Evening"	"292"	2	9	2	13	"29"	"92"	11	11
"12354     Sun. Jun 22, 2014          1          5          1     "	12354	2014-06-22	"Sun"	"Midday"	"151"	1	5	1	7	"15"	"51"	6	6
"12353     Sat. Jun 21, 2014          9          3          6     "	12353	2014-06-21	"Sat"	"Evening"	"936"	9	3	6	18	"93"	"36"	12	9
"12352     Sat. Jun 21, 2014          7          7          9     "	12352	2014-06-21	"Sat"	"Midday"	"779"	7	7	9	23	"77"	"79"	14	16
"12351     Fri. Jun 20, 2014          8          7          5     "	12351	2014-06-20	"Fri"	"Evening"	"875"	8	7	5	20	"87"	"75"	15	12
"12350     Fri. Jun 20, 2014          8          7          3     "	12350	2014-06-20	"Fri"	"Midday"	"873"	8	7	3	18	"87"	"73"	15	10
"12349     Thu. Jun 19, 2014          7          0          5     "	12349	2014-06-19	"Thu"	"Evening"	"705"	7	0	5	12	"70"	"05"	7	5
"12348     Thu. Jun 19, 2014          4          1          6     "	12348	2014-06-19	"Thu"	"Midday"	"416"	4	1	6	11	"41"	"16"	5	7
"12347     Wed. Jun 18, 2014          4          8          3     "	12347	2014-06-18	"Wed"	"Evening"	"483"	4	8	3	15	"48"	"83"	12	11
"12346     Wed. Jun 18, 2014          8          3          1     "	12346	2014-06-18	"Wed"	"Midday"	"831"	8	3	1	12	"83"	"31"	11	4
"12345     Tue. Jun 17, 2014          4          7          1     "	12345	2014-06-17	"Tue"	"Evening"	"471"	4	7	1	12	"47"	"71"	11	8
"12344     Tue. Jun 17, 2014          1          5          3     "	12344	2014-06-17	"Tue"	"Midday"	"153"	1	5	3	9	"15"	"53"	6	8
"12343     Mon. Jun 16, 2014          1          7          3     "	12343	2014-06-16	"Mon"	"Evening"	"173"	1	7	3	11	"17"	"73"	8	10
"12342     Mon. Jun 16, 2014          8          3          4     "	12342	2014-06-16	"Mon"	"Midday"	"834"	8	3	4	15	"83"	"34"	11	7
"12341     Sun. Jun 15, 2014          9          1          1     "	12341	2014-06-15	"Sun"	"Evening"	"911"	9	1	1	11	"91"	"11"	10	2
"12340     Sun. Jun 15, 2014          4          1          6     "	12340	2014-06-15	"Sun"	"Midday"	"416"	4	1	6	11	"41"	"16"	5	7
"12339     Sat. Jun 14, 2014          8          7          6     "	12339	2014-06-14	"Sat"	"Evening"	"876"	8	7	6	21	"87"	"76"	15	13
"12338     Sat. Jun 14, 2014          2          6          9     "	12338	2014-06-14	"Sat"	"Midday"	"269"	2	6	9	17	"26"	"69"	8	15
"12337     Fri. Jun 13, 2014          0          2          1     "	12337	2014-06-13	"Fri"	"Evening"	"021"	0	2	1	3	"02"	"21"	2	3
"12336     Fri. Jun 13, 2014          2          9          4     "	12336	2014-06-13	"Fri"	"Midday"	"294"	2	9	4	15	"29"	"94"	11	13
"12335     Thu. Jun 12, 2014          8          3          0     "	12335	2014-06-12	"Thu"	"Evening"	"830"	8	3	0	11	"83"	"30"	11	3
"12334     Thu. Jun 12, 2014          8          2          5     "	12334	2014-06-12	"Thu"	"Midday"	"825"	8	2	5	15	"82"	"25"	10	7
"12333     Wed. Jun 11, 2014          4          7          2     "	12333	2014-06-11	"Wed"	"Evening"	"472"	4	7	2	13	"47"	"72"	11	9
"12332     Wed. Jun 11, 2014          0          8          7     "	12332	2014-06-11	"Wed"	"Midday"	"087"	0	8	7	15	"08"	"87"	8	15
"12331     Tue. Jun 10, 2014          8          0          8     "	12331	2014-06-10	"Tue"	"Evening"	"808"	8	0	8	16	"80"	"08"	8	8
"12330     Tue. Jun 10, 2014          6          2          5     "	12330	2014-06-10	"Tue"	"Midday"	"625"	6	2	5	13	"62"	"25"	8	7
"12329     Mon. Jun 09, 2014          0          2          7     "	12329	2014-06-09	"Mon"	"Evening"	"027"	0	2	7	9	"02"	"27"	2	9
"12328     Mon. Jun 09, 2014          2          4          4     "	12328	2014-06-09	"Mon"	"Midday"	"244"	2	4	4	10	"24"	"44"	6	8
"12327     Sun. Jun 08, 2014          3          1          0     "	12327	2014-06-08	"Sun"	"Evening"	"310"	3	1	0	4	"31"	"10"	4	1
"12326     Sun. Jun 08, 2014          1          3          4     "	12326	2014-06-08	"Sun"	"Midday"	"134"	1	3	4	8	"13"	"34"	4	7
"12325     Sat. Jun 07, 2014          7          3          5     "	12325	2014-06-07	"Sat"	"Evening"	"735"	7	3	5	15	"73"	"35"	10	8
"12324     Sat. Jun 07, 2014          2          2          2     "	12324	2014-06-07	"Sat"	"Midday"	"222"	2	2	2	6	"22"	"22"	4	4
"12323     Fri. Jun 06, 2014          7          7          2     "	12323	2014-06-06	"Fri"	"Evening"	"772"	7	7	2	16	"77"	"72"	14	9
"12322     Fri. Jun 06, 2014          4          3          8     "	12322	2014-06-06	"Fri"	"Midday"	"438"	4	3	8	15	"43"	"38"	7	11
"12321     Thu. Jun 05, 2014          9          0          5     "	12321	2014-06-05	"Thu"	"Evening"	"905"	9	0	5	14	"90"	"05"	9	5
"12320     Thu. Jun 05, 2014          6          9          5     "	12320	2014-06-05	"Thu"	"Midday"	"695"	6	9	5	20	"69"	"95"	15	14
"12319     Wed. Jun 04, 2014          8          7          6     "	12319	2014-06-04	"Wed"	"Evening"	"876"	8	7	6	21	"87"	"76"	15	13
"12318     Wed. Jun 04, 2014          5          7          5     "	12318	2014-06-04	"Wed"	"Midday"	"575"	5	7	5	17	"57"	"75"	12	12
"12317     Tue. Jun 03, 2014          3          3          4     "	12317	2014-06-03	"Tue"	"Evening"	"334"	3	3	4	10	"33"	"34"	6	7
"12316     Tue. Jun 03, 2014          4          6          1     "	12316	2014-06-03	"Tue"	"Midday"	"461"	4	6	1	11	"46"	"61"	10	7
"12315     Mon. Jun 02, 2014          8          4          1     "	12315	2014-06-02	"Mon"	"Evening"	"841"	8	4	1	13	"84"	"41"	12	5
"12314     Mon. Jun 02, 2014          5          4          9     "	12314	2014-06-02	"Mon"	"Midday"	"549"	5	4	9	18	"54"	"49"	9	13
"12313     Sun. Jun 01, 2014          9          8          5     "	12313	2014-06-01	"Sun"	"Evening"	"985"	9	8	5	22	"98"	"85"	17	13
"12312     Sun. Jun 01, 2014          7          8          2     "	12312	2014-06-01	"Sun"	"Midday"	"782"	7	8	2	17	"78"	"82"	15	10
"12311     Sat. May 31, 2014          1          7          5     "	12311	2014-05-31	"Sat"	"Evening"	"175"	1	7	5	13	"17"	"75"	8	12
"12310     Sat. May 31, 2014          5          1          3     "	12310	2014-05-31	"Sat"	"Midday"	"513"	5	1	3	9	"51"	"13"	6	4
"12309     Fri. May 30, 2014          8          4          9     "	12309	2014-05-30	"Fri"	"Evening"	"849"	8	4	9	21	"84"	"49"	12	13
"12308     Fri. May 30, 2014          1          0          1     "	12308	2014-05-30	"Fri"	"Midday"	"101"	1	0	1	2	"10"	"01"	1	1
"12307     Thu. May 29, 2014          0          2          1     "	12307	2014-05-29	"Thu"	"Evening"	"021"	0	2	1	3	"02"	"21"	2	3
"12306     Thu. May 29, 2014          9          1          9     "	12306	2014-05-29	"Thu"	"Midday"	"919"	9	1	9	19	"91"	"19"	10	10
"12305     Wed. May 28, 2014          5          8          4     "	12305	2014-05-28	"Wed"	"Evening"	"584"	5	8	4	17	"58"	"84"	13	12
"12304     Wed. May 28, 2014          4          4          0     "	12304	2014-05-28	"Wed"	"Midday"	"440"	4	4	0	8	"44"	"40"	8	4
"12303     Tue. May 27, 2014          8          1          0     "	12303	2014-05-27	"Tue"	"Evening"	"810"	8	1	0	9	"81"	"10"	9	1
"12302     Tue. May 27, 2014          0          4          7     "	12302	2014-05-27	"Tue"	"Midday"	"047"	0	4	7	11	"04"	"47"	4	11
"12301     Mon. May 26, 2014          9          1          6     "	12301	2014-05-26	"Mon"	"Evening"	"916"	9	1	6	16	"91"	"16"	10	7
"12300     Mon. May 26, 2014          5          7          2     "	12300	2014-05-26	"Mon"	"Midday"	"572"	5	7	2	14	"57"	"72"	12	9
"12299     Sun. May 25, 2014          8          9          8     "	12299	2014-05-25	"Sun"	"Evening"	"898"	8	9	8	25	"89"	"98"	17	17
"12298     Sun. May 25, 2014          6          7          9     "	12298	2014-05-25	"Sun"	"Midday"	"679"	6	7	9	22	"67"	"79"	13	16
"12297     Sat. May 24, 2014          1          0          3     "	12297	2014-05-24	"Sat"	"Evening"	"103"	1	0	3	4	"10"	"03"	1	3
"12296     Sat. May 24, 2014          3          1          3     "	12296	2014-05-24	"Sat"	"Midday"	"313"	3	1	3	7	"31"	"13"	4	4
"12295     Fri. May 23, 2014          2          8          7     "	12295	2014-05-23	"Fri"	"Evening"	"287"	2	8	7	17	"28"	"87"	10	15
"12294     Fri. May 23, 2014          6          9          8     "	12294	2014-05-23	"Fri"	"Midday"	"698"	6	9	8	23	"69"	"98"	15	17
"12293     Thu. May 22, 2014          5          1          4     "	12293	2014-05-22	"Thu"	"Evening"	"514"	5	1	4	10	"51"	"14"	6	5
"12292     Thu. May 22, 2014          4          1          4     "	12292	2014-05-22	"Thu"	"Midday"	"414"	4	1	4	9	"41"	"14"	5	5
"12291     Wed. May 21, 2014          9          8          3     "	12291	2014-05-21	"Wed"	"Evening"	"983"	9	8	3	20	"98"	"83"	17	11
"12290     Wed. May 21, 2014          4          0          8     "	12290	2014-05-21	"Wed"	"Midday"	"408"	4	0	8	12	"40"	"08"	4	8
"12289     Tue. May 20, 2014          5          7          4     "	12289	2014-05-20	"Tue"	"Evening"	"574"	5	7	4	16	"57"	"74"	12	11
"12288     Tue. May 20, 2014          9          5          5     "	12288	2014-05-20	"Tue"	"Midday"	"955"	9	5	5	19	"95"	"55"	14	10
"12287     Mon. May 19, 2014          5          8          6     "	12287	2014-05-19	"Mon"	"Evening"	"586"	5	8	6	19	"58"	"86"	13	14
"12286     Mon. May 19, 2014          1          6          9     "	12286	2014-05-19	"Mon"	"Midday"	"169"	1	6	9	16	"16"	"69"	7	15
"12285     Sun. May 18, 2014          8          2          3     "	12285	2014-05-18	"Sun"	"Evening"	"823"	8	2	3	13	"82"	"23"	10	5
"12284     Sun. May 18, 2014          9          6          9     "	12284	2014-05-18	"Sun"	"Midday"	"969"	9	6	9	24	"96"	"69"	15	15
"12283     Sat. May 17, 2014          7          9          1     "	12283	2014-05-17	"Sat"	"Evening"	"791"	7	9	1	17	"79"	"91"	16	10
"12282     Sat. May 17, 2014          4          2          0     "	12282	2014-05-17	"Sat"	"Midday"	"420"	4	2	0	6	"42"	"20"	6	2
"12281     Fri. May 16, 2014          4          5          2     "	12281	2014-05-16	"Fri"	"Evening"	"452"	4	5	2	11	"45"	"52"	9	7
"12280     Fri. May 16, 2014          9          5          4     "	12280	2014-05-16	"Fri"	"Midday"	"954"	9	5	4	18	"95"	"54"	14	9
"12279     Thu. May 15, 2014          0          4          8     "	12279	2014-05-15	"Thu"	"Evening"	"048"	0	4	8	12	"04"	"48"	4	12
"12278     Thu. May 15, 2014          5          9          1     "	12278	2014-05-15	"Thu"	"Midday"	"591"	5	9	1	15	"59"	"91"	14	10
"12277     Wed. May 14, 2014          4          4          3     "	12277	2014-05-14	"Wed"	"Evening"	"443"	4	4	3	11	"44"	"43"	8	7
"12276     Wed. May 14, 2014          1          3          4     "	12276	2014-05-14	"Wed"	"Midday"	"134"	1	3	4	8	"13"	"34"	4	7
"12275     Tue. May 13, 2014          0          2          0     "	12275	2014-05-13	"Tue"	"Evening"	"020"	0	2	0	2	"02"	"20"	2	2
"12274     Tue. May 13, 2014          2          6          4     "	12274	2014-05-13	"Tue"	"Midday"	"264"	2	6	4	12	"26"	"64"	8	10
"12273     Mon. May 12, 2014          8          1          5     "	12273	2014-05-12	"Mon"	"Evening"	"815"	8	1	5	14	"81"	"15"	9	6
"12272     Mon. May 12, 2014          2          8          1     "	12272	2014-05-12	"Mon"	"Midday"	"281"	2	8	1	11	"28"	"81"	10	9
"12271     Sun. May 11, 2014          7          8          5     "	12271	2014-05-11	"Sun"	"Evening"	"785"	7	8	5	20	"78"	"85"	15	13
"12270     Sun. May 11, 2014          7          5          7     "	12270	2014-05-11	"Sun"	"Midday"	"757"	7	5	7	19	"75"	"57"	12	12
"12269     Sat. May 10, 2014          4          1          3     "	12269	2014-05-10	"Sat"	"Evening"	"413"	4	1	3	8	"41"	"13"	5	4
"12268     Sat. May 10, 2014          8          6          4     "	12268	2014-05-10	"Sat"	"Midday"	"864"	8	6	4	18	"86"	"64"	14	10
"12267     Fri. May 09, 2014          2          8          3     "	12267	2014-05-09	"Fri"	"Evening"	"283"	2	8	3	13	"28"	"83"	10	11
"12266     Fri. May 09, 2014          8          3          2     "	12266	2014-05-09	"Fri"	"Midday"	"832"	8	3	2	13	"83"	"32"	11	5
"12265     Thu. May 08, 2014          3          7          9     "	12265	2014-05-08	"Thu"	"Evening"	"379"	3	7	9	19	"37"	"79"	10	16
"12264     Thu. May 08, 2014          0          8          2     "	12264	2014-05-08	"Thu"	"Midday"	"082"	0	8	2	10	"08"	"82"	8	10
"12263     Wed. May 07, 2014          6          2          6     "	12263	2014-05-07	"Wed"	"Evening"	"626"	6	2	6	14	"62"	"26"	8	8
"12262     Wed. May 07, 2014          0          6          8     "	12262	2014-05-07	"Wed"	"Midday"	"068"	0	6	8	14	"06"	"68"	6	14
"12261     Tue. May 06, 2014          7          9          2     "	12261	2014-05-06	"Tue"	"Evening"	"792"	7	9	2	18	"79"	"92"	16	11
"12260     Tue. May 06, 2014          3          9          6     "	12260	2014-05-06	"Tue"	"Midday"	"396"	3	9	6	18	"39"	"96"	12	15
"12259     Mon. May 05, 2014          9          0          9     "	12259	2014-05-05	"Mon"	"Evening"	"909"	9	0	9	18	"90"	"09"	9	9
"12258     Mon. May 05, 2014          7          1          5     "	12258	2014-05-05	"Mon"	"Midday"	"715"	7	1	5	13	"71"	"15"	8	6
"12257     Sun. May 04, 2014          6          9          3     "	12257	2014-05-04	"Sun"	"Evening"	"693"	6	9	3	18	"69"	"93"	15	12
"12256     Sun. May 04, 2014          5          4          2     "	12256	2014-05-04	"Sun"	"Midday"	"542"	5	4	2	11	"54"	"42"	9	6
"12255     Sat. May 03, 2014          9          6          8     "	12255	2014-05-03	"Sat"	"Evening"	"968"	9	6	8	23	"96"	"68"	15	14
"12254     Sat. May 03, 2014          1          0          0     "	12254	2014-05-03	"Sat"	"Midday"	"100"	1	0	0	1	"10"	"00"	1	0
"12253     Fri. May 02, 2014          6          9          4     "	12253	2014-05-02	"Fri"	"Evening"	"694"	6	9	4	19	"69"	"94"	15	13
"12252     Fri. May 02, 2014          2          5          0     "	12252	2014-05-02	"Fri"	"Midday"	"250"	2	5	0	7	"25"	"50"	7	5
"12251     Thu. May 01, 2014          5          0          4     "	12251	2014-05-01	"Thu"	"Evening"	"504"	5	0	4	9	"50"	"04"	5	4
"12250     Thu. May 01, 2014          4          5          6     "	12250	2014-05-01	"Thu"	"Midday"	"456"	4	5	6	15	"45"	"56"	9	11
"12249     Wed. Apr 30, 2014          0          0          0     "	12249	2014-04-30	"Wed"	"Evening"	"000"	0	0	0	0	"00"	"00"	0	0
"12248     Wed. Apr 30, 2014          3          5          9     "	12248	2014-04-30	"Wed"	"Midday"	"359"	3	5	9	17	"35"	"59"	8	14
"12247     Tue. Apr 29, 2014          0          5          7     "	12247	2014-04-29	"Tue"	"Evening"	"057"	0	5	7	12	"05"	"57"	5	12
"12246     Tue. Apr 29, 2014          4          2          5     "	12246	2014-04-29	"Tue"	"Midday"	"425"	4	2	5	11	"42"	"25"	6	7
"12245     Mon. Apr 28, 2014          9          2          7     "	12245	2014-04-28	"Mon"	"Evening"	"927"	9	2	7	18	"92"	"27"	11	9
"12244     Mon. Apr 28, 2014          4          7          6     "	12244	2014-04-28	"Mon"	"Midday"	"476"	4	7	6	17	"47"	"76"	11	13
"12243     Sun. Apr 27, 2014          3          9          5     "	12243	2014-04-27	"Sun"	"Evening"	"395"	3	9	5	17	"39"	"95"	12	14
"12242     Sun. Apr 27, 2014          4          6          7     "	12242	2014-04-27	"Sun"	"Midday"	"467"	4	6	7	17	"46"	"67"	10	13
"12241     Sat. Apr 26, 2014          6          1          1     "	12241	2014-04-26	"Sat"	"Evening"	"611"	6	1	1	8	"61"	"11"	7	2
"12240     Sat. Apr 26, 2014          9          9          9     "	12240	2014-04-26	"Sat"	"Midday"	"999"	9	9	9	27	"99"	"99"	18	18
"12239     Fri. Apr 25, 2014          8          7          7     "	12239	2014-04-25	"Fri"	"Evening"	"877"	8	7	7	22	"87"	"77"	15	14
"12238     Fri. Apr 25, 2014          9          6          3     "	12238	2014-04-25	"Fri"	"Midday"	"963"	9	6	3	18	"96"	"63"	15	9
"12237     Thu. Apr 24, 2014          3          5          6     "	12237	2014-04-24	"Thu"	"Evening"	"356"	3	5	6	14	"35"	"56"	8	11
"12236     Thu. Apr 24, 2014          6          9          5     "	12236	2014-04-24	"Thu"	"Midday"	"695"	6	9	5	20	"69"	"95"	15	14
"12235     Wed. Apr 23, 2014          2          2          2     "	12235	2014-04-23	"Wed"	"Evening"	"222"	2	2	2	6	"22"	"22"	4	4
"12234     Wed. Apr 23, 2014          4          7          8     "	12234	2014-04-23	"Wed"	"Midday"	"478"	4	7	8	19	"47"	"78"	11	15
"12233     Tue. Apr 22, 2014          8          9          8     "	12233	2014-04-22	"Tue"	"Evening"	"898"	8	9	8	25	"89"	"98"	17	17
"12232     Tue. Apr 22, 2014          5          8          7     "	12232	2014-04-22	"Tue"	"Midday"	"587"	5	8	7	20	"58"	"87"	13	15
"12231     Mon. Apr 21, 2014          1          6          1     "	12231	2014-04-21	"Mon"	"Evening"	"161"	1	6	1	8	"16"	"61"	7	7
"12230     Mon. Apr 21, 2014          2          7          0     "	12230	2014-04-21	"Mon"	"Midday"	"270"	2	7	0	9	"27"	"70"	9	7
"12229     Sun. Apr 20, 2014          3          9          3     "	12229	2014-04-20	"Sun"	"Evening"	"393"	3	9	3	15	"39"	"93"	12	12
"12228     Sun. Apr 20, 2014          0          7          7     "	12228	2014-04-20	"Sun"	"Midday"	"077"	0	7	7	14	"07"	"77"	7	14
"12227     Sat. Apr 19, 2014          7          6          5     "	12227	2014-04-19	"Sat"	"Evening"	"765"	7	6	5	18	"76"	"65"	13	11
"12226     Sat. Apr 19, 2014          6          2          9     "	12226	2014-04-19	"Sat"	"Midday"	"629"	6	2	9	17	"62"	"29"	8	11
"12225     Fri. Apr 18, 2014          6          3          1     "	12225	2014-04-18	"Fri"	"Evening"	"631"	6	3	1	10	"63"	"31"	9	4
"12224     Fri. Apr 18, 2014          9          4          9     "	12224	2014-04-18	"Fri"	"Midday"	"949"	9	4	9	22	"94"	"49"	13	13
"12223     Thu. Apr 17, 2014          5          0          8     "	12223	2014-04-17	"Thu"	"Evening"	"508"	5	0	8	13	"50"	"08"	5	8
"12222     Thu. Apr 17, 2014          7          7          1     "	12222	2014-04-17	"Thu"	"Midday"	"771"	7	7	1	15	"77"	"71"	14	8
"12221     Wed. Apr 16, 2014          3          8          3     "	12221	2014-04-16	"Wed"	"Evening"	"383"	3	8	3	14	"38"	"83"	11	11
"12220     Wed. Apr 16, 2014          0          1          5     "	12220	2014-04-16	"Wed"	"Midday"	"015"	0	1	5	6	"01"	"15"	1	6
"12219     Tue. Apr 15, 2014          9          1          5     "	12219	2014-04-15	"Tue"	"Evening"	"915"	9	1	5	15	"91"	"15"	10	6
"12218     Tue. Apr 15, 2014          0          8          5     "	12218	2014-04-15	"Tue"	"Midday"	"085"	0	8	5	13	"08"	"85"	8	13
"12217     Mon. Apr 14, 2014          5          4          1     "	12217	2014-04-14	"Mon"	"Evening"	"541"	5	4	1	10	"54"	"41"	9	5
"12216     Mon. Apr 14, 2014          6          6          6     "	12216	2014-04-14	"Mon"	"Midday"	"666"	6	6	6	18	"66"	"66"	12	12
"12215     Sun. Apr 13, 2014          6          9          7     "	12215	2014-04-13	"Sun"	"Evening"	"697"	6	9	7	22	"69"	"97"	15	16
"12214     Sun. Apr 13, 2014          6          4          4     "	12214	2014-04-13	"Sun"	"Midday"	"644"	6	4	4	14	"64"	"44"	10	8
"12213     Sat. Apr 12, 2014          6          4          1     "	12213	2014-04-12	"Sat"	"Evening"	"641"	6	4	1	11	"64"	"41"	10	5
"12212     Sat. Apr 12, 2014          9          6          2     "	12212	2014-04-12	"Sat"	"Midday"	"962"	9	6	2	17	"96"	"62"	15	8
"12211     Fri. Apr 11, 2014          5          1          0     "	12211	2014-04-11	"Fri"	"Evening"	"510"	5	1	0	6	"51"	"10"	6	1
"12210     Fri. Apr 11, 2014          5          3          2     "	12210	2014-04-11	"Fri"	"Midday"	"532"	5	3	2	10	"53"	"32"	8	5
"12209     Thu. Apr 10, 2014          0          2          6     "	12209	2014-04-10	"Thu"	"Evening"	"026"	0	2	6	8	"02"	"26"	2	8
"12208     Thu. Apr 10, 2014          0          3          3     "	12208	2014-04-10	"Thu"	"Midday"	"033"	0	3	3	6	"03"	"33"	3	6
"12207     Wed. Apr 09, 2014          2          5          3     "	12207	2014-04-09	"Wed"	"Evening"	"253"	2	5	3	10	"25"	"53"	7	8
"12206     Wed. Apr 09, 2014          5          6          6     "	12206	2014-04-09	"Wed"	"Midday"	"566"	5	6	6	17	"56"	"66"	11	12
"12205     Tue. Apr 08, 2014          3          2          6     "	12205	2014-04-08	"Tue"	"Evening"	"326"	3	2	6	11	"32"	"26"	5	8
"12204     Tue. Apr 08, 2014          7          9          3     "	12204	2014-04-08	"Tue"	"Midday"	"793"	7	9	3	19	"79"	"93"	16	12
"12203     Mon. Apr 07, 2014          6          1          1     "	12203	2014-04-07	"Mon"	"Evening"	"611"	6	1	1	8	"61"	"11"	7	2
"12202     Mon. Apr 07, 2014          2          0          5     "	12202	2014-04-07	"Mon"	"Midday"	"205"	2	0	5	7	"20"	"05"	2	5
"12201     Sun. Apr 06, 2014          9          7          6     "	12201	2014-04-06	"Sun"	"Evening"	"976"	9	7	6	22	"97"	"76"	16	13
"12200     Sun. Apr 06, 2014          0          1          3     "	12200	2014-04-06	"Sun"	"Midday"	"013"	0	1	3	4	"01"	"13"	1	4
"12199     Sat. Apr 05, 2014          4          9          0     "	12199	2014-04-05	"Sat"	"Evening"	"490"	4	9	0	13	"49"	"90"	13	9
"12198     Sat. Apr 05, 2014          6          1          3     "	12198	2014-04-05	"Sat"	"Midday"	"613"	6	1	3	10	"61"	"13"	7	4
"12197     Fri. Apr 04, 2014          2          8          7     "	12197	2014-04-04	"Fri"	"Evening"	"287"	2	8	7	17	"28"	"87"	10	15
"12196     Fri. Apr 04, 2014          1          8          8     "	12196	2014-04-04	"Fri"	"Midday"	"188"	1	8	8	17	"18"	"88"	9	16
"12195     Thu. Apr 03, 2014          8          3          0     "	12195	2014-04-03	"Thu"	"Evening"	"830"	8	3	0	11	"83"	"30"	11	3
"12194     Thu. Apr 03, 2014          0          2          8     "	12194	2014-04-03	"Thu"	"Midday"	"028"	0	2	8	10	"02"	"28"	2	10
"12193     Wed. Apr 02, 2014          7          4          0     "	12193	2014-04-02	"Wed"	"Evening"	"740"	7	4	0	11	"74"	"40"	11	4
"12192     Wed. Apr 02, 2014          1          1          1     "	12192	2014-04-02	"Wed"	"Midday"	"111"	1	1	1	3	"11"	"11"	2	2
"12191     Tue. Apr 01, 2014          1          8          9     "	12191	2014-04-01	"Tue"	"Evening"	"189"	1	8	9	18	"18"	"89"	9	17
"12190     Tue. Apr 01, 2014          6          1          7     "	12190	2014-04-01	"Tue"	"Midday"	"617"	6	1	7	14	"61"	"17"	7	8
"12189     Mon. Mar 31, 2014          2          6          8     "	12189	2014-03-31	"Mon"	"Evening"	"268"	2	6	8	16	"26"	"68"	8	14
"12188     Mon. Mar 31, 2014          6          8          0     "	12188	2014-03-31	"Mon"	"Midday"	"680"	6	8	0	14	"68"	"80"	14	8
"12187     Sun. Mar 30, 2014          5          9          5     "	12187	2014-03-30	"Sun"	"Evening"	"595"	5	9	5	19	"59"	"95"	14	14
"12186     Sun. Mar 30, 2014          7          5          9     "	12186	2014-03-30	"Sun"	"Midday"	"759"	7	5	9	21	"75"	"59"	12	14
"12185     Sat. Mar 29, 2014          8          3          2     "	12185	2014-03-29	"Sat"	"Evening"	"832"	8	3	2	13	"83"	"32"	11	5
"12184     Sat. Mar 29, 2014          9          6          5     "	12184	2014-03-29	"Sat"	"Midday"	"965"	9	6	5	20	"96"	"65"	15	11
"12183     Fri. Mar 28, 2014          0          8          5     "	12183	2014-03-28	"Fri"	"Evening"	"085"	0	8	5	13	"08"	"85"	8	13
"12182     Fri. Mar 28, 2014          5          6          3     "	12182	2014-03-28	"Fri"	"Midday"	"563"	5	6	3	14	"56"	"63"	11	9
"12181     Thu. Mar 27, 2014          9          8          0     "	12181	2014-03-27	"Thu"	"Evening"	"980"	9	8	0	17	"98"	"80"	17	8
"12180     Thu. Mar 27, 2014          2          8          7     "	12180	2014-03-27	"Thu"	"Midday"	"287"	2	8	7	17	"28"	"87"	10	15
"12179     Wed. Mar 26, 2014          1          1          4     "	12179	2014-03-26	"Wed"	"Evening"	"114"	1	1	4	6	"11"	"14"	2	5
"12178     Wed. Mar 26, 2014          2          1          0     "	12178	2014-03-26	"Wed"	"Midday"	"210"	2	1	0	3	"21"	"10"	3	1
"12177     Tue. Mar 25, 2014          8          5          0     "	12177	2014-03-25	"Tue"	"Evening"	"850"	8	5	0	13	"85"	"50"	13	5
"12176     Tue. Mar 25, 2014          6          6          9     "	12176	2014-03-25	"Tue"	"Midday"	"669"	6	6	9	21	"66"	"69"	12	15
"12175     Mon. Mar 24, 2014          4          6          8     "	12175	2014-03-24	"Mon"	"Evening"	"468"	4	6	8	18	"46"	"68"	10	14
"12174     Mon. Mar 24, 2014          1          5          1     "	12174	2014-03-24	"Mon"	"Midday"	"151"	1	5	1	7	"15"	"51"	6	6
"12173     Sun. Mar 23, 2014          7          5          8     "	12173	2014-03-23	"Sun"	"Evening"	"758"	7	5	8	20	"75"	"58"	12	13
"12172     Sun. Mar 23, 2014          1          4          2     "	12172	2014-03-23	"Sun"	"Midday"	"142"	1	4	2	7	"14"	"42"	5	6
"12171     Sat. Mar 22, 2014          7          2          1     "	12171	2014-03-22	"Sat"	"Evening"	"721"	7	2	1	10	"72"	"21"	9	3
"12170     Sat. Mar 22, 2014          6          9          9     "	12170	2014-03-22	"Sat"	"Midday"	"699"	6	9	9	24	"69"	"99"	15	18
"12169     Fri. Mar 21, 2014          2          6          8     "	12169	2014-03-21	"Fri"	"Evening"	"268"	2	6	8	16	"26"	"68"	8	14
"12168     Fri. Mar 21, 2014          6          1          1     "	12168	2014-03-21	"Fri"	"Midday"	"611"	6	1	1	8	"61"	"11"	7	2
"12167     Thu. Mar 20, 2014          8          2          7     "	12167	2014-03-20	"Thu"	"Evening"	"827"	8	2	7	17	"82"	"27"	10	9
"12166     Thu. Mar 20, 2014          3          2          7     "	12166	2014-03-20	"Thu"	"Midday"	"327"	3	2	7	12	"32"	"27"	5	9
"12165     Wed. Mar 19, 2014          5          0          7     "	12165	2014-03-19	"Wed"	"Evening"	"507"	5	0	7	12	"50"	"07"	5	7
"12164     Wed. Mar 19, 2014          8          4          9     "	12164	2014-03-19	"Wed"	"Midday"	"849"	8	4	9	21	"84"	"49"	12	13
"12163     Tue. Mar 18, 2014          3          5          6     "	12163	2014-03-18	"Tue"	"Evening"	"356"	3	5	6	14	"35"	"56"	8	11
"12162     Tue. Mar 18, 2014          5          3          6     "	12162	2014-03-18	"Tue"	"Midday"	"536"	5	3	6	14	"53"	"36"	8	9
"12161     Mon. Mar 17, 2014          5          5          6     "	12161	2014-03-17	"Mon"	"Evening"	"556"	5	5	6	16	"55"	"56"	10	11
"12160     Mon. Mar 17, 2014          7          3          2     "	12160	2014-03-17	"Mon"	"Midday"	"732"	7	3	2	12	"73"	"32"	10	5
"12159     Sun. Mar 16, 2014          0          6          5     "	12159	2014-03-16	"Sun"	"Evening"	"065"	0	6	5	11	"06"	"65"	6	11
"12158     Sun. Mar 16, 2014          5          4          9     "	12158	2014-03-16	"Sun"	"Midday"	"549"	5	4	9	18	"54"	"49"	9	13
"12157     Sat. Mar 15, 2014          7          1          1     "	12157	2014-03-15	"Sat"	"Evening"	"711"	7	1	1	9	"71"	"11"	8	2
"12156     Sat. Mar 15, 2014          4          9          4     "	12156	2014-03-15	"Sat"	"Midday"	"494"	4	9	4	17	"49"	"94"	13	13
"12155     Fri. Mar 14, 2014          3          3          8     "	12155	2014-03-14	"Fri"	"Evening"	"338"	3	3	8	14	"33"	"38"	6	11
"12154     Fri. Mar 14, 2014          5          2          1     "	12154	2014-03-14	"Fri"	"Midday"	"521"	5	2	1	8	"52"	"21"	7	3
"12153     Thu. Mar 13, 2014          1          7          0     "	12153	2014-03-13	"Thu"	"Evening"	"170"	1	7	0	8	"17"	"70"	8	7
"12152     Thu. Mar 13, 2014          3          0          9     "	12152	2014-03-13	"Thu"	"Midday"	"309"	3	0	9	12	"30"	"09"	3	9
"12151     Wed. Mar 12, 2014          6          3          5     "	12151	2014-03-12	"Wed"	"Evening"	"635"	6	3	5	14	"63"	"35"	9	8
"12150     Wed. Mar 12, 2014          4          8          8     "	12150	2014-03-12	"Wed"	"Midday"	"488"	4	8	8	20	"48"	"88"	12	16
"12149     Tue. Mar 11, 2014          6          4          5     "	12149	2014-03-11	"Tue"	"Evening"	"645"	6	4	5	15	"64"	"45"	10	9
"12148     Tue. Mar 11, 2014          8          8          4     "	12148	2014-03-11	"Tue"	"Midday"	"884"	8	8	4	20	"88"	"84"	16	12
"12147     Mon. Mar 10, 2014          3          8          6     "	12147	2014-03-10	"Mon"	"Evening"	"386"	3	8	6	17	"38"	"86"	11	14
"12146     Mon. Mar 10, 2014          2          0          2     "	12146	2014-03-10	"Mon"	"Midday"	"202"	2	0	2	4	"20"	"02"	2	2
"12145     Sun. Mar 09, 2014          1          0          4     "	12145	2014-03-09	"Sun"	"Evening"	"104"	1	0	4	5	"10"	"04"	1	4
"12144     Sun. Mar 09, 2014          5          3          3     "	12144	2014-03-09	"Sun"	"Midday"	"533"	5	3	3	11	"53"	"33"	8	6
"12143     Sat. Mar 08, 2014          8          1          3     "	12143	2014-03-08	"Sat"	"Evening"	"813"	8	1	3	12	"81"	"13"	9	4
"12142     Sat. Mar 08, 2014          3          9          7     "	12142	2014-03-08	"Sat"	"Midday"	"397"	3	9	7	19	"39"	"97"	12	16
"12141     Fri. Mar 07, 2014          0          6          0     "	12141	2014-03-07	"Fri"	"Evening"	"060"	0	6	0	6	"06"	"60"	6	6
"12140     Fri. Mar 07, 2014          7          1          9     "	12140	2014-03-07	"Fri"	"Midday"	"719"	7	1	9	17	"71"	"19"	8	10
"12139     Thu. Mar 06, 2014          3          7          4     "	12139	2014-03-06	"Thu"	"Evening"	"374"	3	7	4	14	"37"	"74"	10	11
"12138     Thu. Mar 06, 2014          2          5          2     "	12138	2014-03-06	"Thu"	"Midday"	"252"	2	5	2	9	"25"	"52"	7	7
"12137     Wed. Mar 05, 2014          7          2          7     "	12137	2014-03-05	"Wed"	"Evening"	"727"	7	2	7	16	"72"	"27"	9	9
"12136     Wed. Mar 05, 2014          8          0          5     "	12136	2014-03-05	"Wed"	"Midday"	"805"	8	0	5	13	"80"	"05"	8	5
"12135     Tue. Mar 04, 2014          5          2          7     "	12135	2014-03-04	"Tue"	"Evening"	"527"	5	2	7	14	"52"	"27"	7	9
"12134     Tue. Mar 04, 2014          6          3          9     "	12134	2014-03-04	"Tue"	"Midday"	"639"	6	3	9	18	"63"	"39"	9	12
"12133     Mon. Mar 03, 2014          3          4          3     "	12133	2014-03-03	"Mon"	"Evening"	"343"	3	4	3	10	"34"	"43"	7	7
"12132     Mon. Mar 03, 2014          6          0          6     "	12132	2014-03-03	"Mon"	"Midday"	"606"	6	0	6	12	"60"	"06"	6	6
"12131     Sun. Mar 02, 2014          7          0          8     "	12131	2014-03-02	"Sun"	"Evening"	"708"	7	0	8	15	"70"	"08"	7	8
"12130     Sun. Mar 02, 2014          5          8          0     "	12130	2014-03-02	"Sun"	"Midday"	"580"	5	8	0	13	"58"	"80"	13	8
"12129     Sat. Mar 01, 2014          5          6          7     "	12129	2014-03-01	"Sat"	"Evening"	"567"	5	6	7	18	"56"	"67"	11	13
"12128     Sat. Mar 01, 2014          0          3          2     "	12128	2014-03-01	"Sat"	"Midday"	"032"	0	3	2	5	"03"	"32"	3	5
"12127     Fri. Feb 28, 2014          9          0          7     "	12127	2014-02-28	"Fri"	"Evening"	"907"	9	0	7	16	"90"	"07"	9	7
"12126     Fri. Feb 28, 2014          8          4          7     "	12126	2014-02-28	"Fri"	"Midday"	"847"	8	4	7	19	"84"	"47"	12	11
"12125     Thu. Feb 27, 2014          2          2          2     "	12125	2014-02-27	"Thu"	"Evening"	"222"	2	2	2	6	"22"	"22"	4	4
"12124     Thu. Feb 27, 2014          6          9          7     "	12124	2014-02-27	"Thu"	"Midday"	"697"	6	9	7	22	"69"	"97"	15	16
"12123     Wed. Feb 26, 2014          1          0          6     "	12123	2014-02-26	"Wed"	"Evening"	"106"	1	0	6	7	"10"	"06"	1	6
"12122     Wed. Feb 26, 2014          9          7          5     "	12122	2014-02-26	"Wed"	"Midday"	"975"	9	7	5	21	"97"	"75"	16	12
"12121     Tue. Feb 25, 2014          8          1          7     "	12121	2014-02-25	"Tue"	"Evening"	"817"	8	1	7	16	"81"	"17"	9	8
"12120     Tue. Feb 25, 2014          7          7          5     "	12120	2014-02-25	"Tue"	"Midday"	"775"	7	7	5	19	"77"	"75"	14	12
"12119     Mon. Feb 24, 2014          2          2          1     "	12119	2014-02-24	"Mon"	"Evening"	"221"	2	2	1	5	"22"	"21"	4	3
"12118     Mon. Feb 24, 2014          7          9          9     "	12118	2014-02-24	"Mon"	"Midday"	"799"	7	9	9	25	"79"	"99"	16	18
"12117     Sun. Feb 23, 2014          9          0          1     "	12117	2014-02-23	"Sun"	"Evening"	"901"	9	0	1	10	"90"	"01"	9	1
"12116     Sun. Feb 23, 2014          8          1          8     "	12116	2014-02-23	"Sun"	"Midday"	"818"	8	1	8	17	"81"	"18"	9	9
"12115     Sat. Feb 22, 2014          7          2          0     "	12115	2014-02-22	"Sat"	"Evening"	"720"	7	2	0	9	"72"	"20"	9	2
"12114     Sat. Feb 22, 2014          6          5          1     "	12114	2014-02-22	"Sat"	"Midday"	"651"	6	5	1	12	"65"	"51"	11	6
"12113     Fri. Feb 21, 2014          2          5          0     "	12113	2014-02-21	"Fri"	"Evening"	"250"	2	5	0	7	"25"	"50"	7	5
"12112     Fri. Feb 21, 2014          3          7          1     "	12112	2014-02-21	"Fri"	"Midday"	"371"	3	7	1	11	"37"	"71"	10	8
"12111     Thu. Feb 20, 2014          2          9          5     "	12111	2014-02-20	"Thu"	"Evening"	"295"	2	9	5	16	"29"	"95"	11	14
"12110     Thu. Feb 20, 2014          6          9          0     "	12110	2014-02-20	"Thu"	"Midday"	"690"	6	9	0	15	"69"	"90"	15	9
"12109     Wed. Feb 19, 2014          9          2          7     "	12109	2014-02-19	"Wed"	"Evening"	"927"	9	2	7	18	"92"	"27"	11	9
"12108     Wed. Feb 19, 2014          5          6          1     "	12108	2014-02-19	"Wed"	"Midday"	"561"	5	6	1	12	"56"	"61"	11	7
"12107     Tue. Feb 18, 2014          9          2          1     "	12107	2014-02-18	"Tue"	"Evening"	"921"	9	2	1	12	"92"	"21"	11	3
"12106     Tue. Feb 18, 2014          5          4          4     "	12106	2014-02-18	"Tue"	"Midday"	"544"	5	4	4	13	"54"	"44"	9	8
"12105     Mon. Feb 17, 2014          5          3          1     "	12105	2014-02-17	"Mon"	"Evening"	"531"	5	3	1	9	"53"	"31"	8	4
"12104     Mon. Feb 17, 2014          1          3          5     "	12104	2014-02-17	"Mon"	"Midday"	"135"	1	3	5	9	"13"	"35"	4	8
"12103     Sun. Feb 16, 2014          8          5          7     "	12103	2014-02-16	"Sun"	"Evening"	"857"	8	5	7	20	"85"	"57"	13	12
"12102     Sun. Feb 16, 2014          8          5          5     "	12102	2014-02-16	"Sun"	"Midday"	"855"	8	5	5	18	"85"	"55"	13	10
"12101     Sat. Feb 15, 2014          7          0          0     "	12101	2014-02-15	"Sat"	"Evening"	"700"	7	0	0	7	"70"	"00"	7	0
"12100     Sat. Feb 15, 2014          9          5          1     "	12100	2014-02-15	"Sat"	"Midday"	"951"	9	5	1	15	"95"	"51"	14	6
"12099     Fri. Feb 14, 2014          0          0          6     "	12099	2014-02-14	"Fri"	"Evening"	"006"	0	0	6	6	"00"	"06"	0	6
"12098     Fri. Feb 14, 2014          0          5          4     "	12098	2014-02-14	"Fri"	"Midday"	"054"	0	5	4	9	"05"	"54"	5	9
"12097     Thu. Feb 13, 2014          0          5          9     "	12097	2014-02-13	"Thu"	"Evening"	"059"	0	5	9	14	"05"	"59"	5	14
"12096     Thu. Feb 13, 2014          5          8          0     "	12096	2014-02-13	"Thu"	"Midday"	"580"	5	8	0	13	"58"	"80"	13	8
"12095     Wed. Feb 12, 2014          6          2          3     "	12095	2014-02-12	"Wed"	"Evening"	"623"	6	2	3	11	"62"	"23"	8	5
"12094     Wed. Feb 12, 2014          4          6          1     "	12094	2014-02-12	"Wed"	"Midday"	"461"	4	6	1	11	"46"	"61"	10	7
"12093     Tue. Feb 11, 2014          5          9          9     "	12093	2014-02-11	"Tue"	"Evening"	"599"	5	9	9	23	"59"	"99"	14	18
"12092     Tue. Feb 11, 2014          4          3          8     "	12092	2014-02-11	"Tue"	"Midday"	"438"	4	3	8	15	"43"	"38"	7	11
"12091     Mon. Feb 10, 2014          9          9          3     "	12091	2014-02-10	"Mon"	"Evening"	"993"	9	9	3	21	"99"	"93"	18	12
"12090     Mon. Feb 10, 2014          5          4          6     "	12090	2014-02-10	"Mon"	"Midday"	"546"	5	4	6	15	"54"	"46"	9	10
"12089     Sun. Feb 09, 2014          7          0          1     "	12089	2014-02-09	"Sun"	"Evening"	"701"	7	0	1	8	"70"	"01"	7	1
"12088     Sun. Feb 09, 2014          2          1          3     "	12088	2014-02-09	"Sun"	"Midday"	"213"	2	1	3	6	"21"	"13"	3	4
"12087     Sat. Feb 08, 2014          1          5          4     "	12087	2014-02-08	"Sat"	"Evening"	"154"	1	5	4	10	"15"	"54"	6	9
"12086     Sat. Feb 08, 2014          1          3          2     "	12086	2014-02-08	"Sat"	"Midday"	"132"	1	3	2	6	"13"	"32"	4	5
"12085     Fri. Feb 07, 2014          7          9          7     "	12085	2014-02-07	"Fri"	"Evening"	"797"	7	9	7	23	"79"	"97"	16	16
"12084     Fri. Feb 07, 2014          8          4          6     "	12084	2014-02-07	"Fri"	"Midday"	"846"	8	4	6	18	"84"	"46"	12	10
"12083     Thu. Feb 06, 2014          0          6          4     "	12083	2014-02-06	"Thu"	"Evening"	"064"	0	6	4	10	"06"	"64"	6	10
"12082     Thu. Feb 06, 2014          8          0          4     "	12082	2014-02-06	"Thu"	"Midday"	"804"	8	0	4	12	"80"	"04"	8	4
"12081     Wed. Feb 05, 2014          0          7          2     "	12081	2014-02-05	"Wed"	"Evening"	"072"	0	7	2	9	"07"	"72"	7	9
"12080     Wed. Feb 05, 2014          9          3          5     "	12080	2014-02-05	"Wed"	"Midday"	"935"	9	3	5	17	"93"	"35"	12	8
"12079     Tue. Feb 04, 2014          4          6          6     "	12079	2014-02-04	"Tue"	"Evening"	"466"	4	6	6	16	"46"	"66"	10	12
"12078     Tue. Feb 04, 2014          4          7          7     "	12078	2014-02-04	"Tue"	"Midday"	"477"	4	7	7	18	"47"	"77"	11	14
"12077     Mon. Feb 03, 2014          8          9          8     "	12077	2014-02-03	"Mon"	"Evening"	"898"	8	9	8	25	"89"	"98"	17	17
"12076     Mon. Feb 03, 2014          1          6          1     "	12076	2014-02-03	"Mon"	"Midday"	"161"	1	6	1	8	"16"	"61"	7	7
"12075     Sun. Feb 02, 2014          0          8          9     "	12075	2014-02-02	"Sun"	"Evening"	"089"	0	8	9	17	"08"	"89"	8	17
"12074     Sun. Feb 02, 2014          1          0          3     "	12074	2014-02-02	"Sun"	"Midday"	"103"	1	0	3	4	"10"	"03"	1	3
"12073     Sat. Feb 01, 2014          7          4          4     "	12073	2014-02-01	"Sat"	"Evening"	"744"	7	4	4	15	"74"	"44"	11	8
"12072     Sat. Feb 01, 2014          5          5          8     "	12072	2014-02-01	"Sat"	"Midday"	"558"	5	5	8	18	"55"	"58"	10	13
"12071     Fri. Jan 31, 2014          8          0          0     "	12071	2014-01-31	"Fri"	"Evening"	"800"	8	0	0	8	"80"	"00"	8	0
"12070     Fri. Jan 31, 2014          3          6          8     "	12070	2014-01-31	"Fri"	"Midday"	"368"	3	6	8	17	"36"	"68"	9	14
"12069     Thu. Jan 30, 2014          1          2          7     "	12069	2014-01-30	"Thu"	"Evening"	"127"	1	2	7	10	"12"	"27"	3	9
"12068     Thu. Jan 30, 2014          7          3          0     "	12068	2014-01-30	"Thu"	"Midday"	"730"	7	3	0	10	"73"	"30"	10	3
"12067     Wed. Jan 29, 2014          8          2          5     "	12067	2014-01-29	"Wed"	"Evening"	"825"	8	2	5	15	"82"	"25"	10	7
"12066     Wed. Jan 29, 2014          4          5          2     "	12066	2014-01-29	"Wed"	"Midday"	"452"	4	5	2	11	"45"	"52"	9	7
"12065     Tue. Jan 28, 2014          2          3          5     "	12065	2014-01-28	"Tue"	"Evening"	"235"	2	3	5	10	"23"	"35"	5	8
"12064     Tue. Jan 28, 2014          2          9          9     "	12064	2014-01-28	"Tue"	"Midday"	"299"	2	9	9	20	"29"	"99"	11	18
"12063     Mon. Jan 27, 2014          6          7          0     "	12063	2014-01-27	"Mon"	"Evening"	"670"	6	7	0	13	"67"	"70"	13	7
"12062     Mon. Jan 27, 2014          7          7          5     "	12062	2014-01-27	"Mon"	"Midday"	"775"	7	7	5	19	"77"	"75"	14	12
"12061     Sun. Jan 26, 2014          1          2          2     "	12061	2014-01-26	"Sun"	"Evening"	"122"	1	2	2	5	"12"	"22"	3	4
"12060     Sun. Jan 26, 2014          2          5          3     "	12060	2014-01-26	"Sun"	"Midday"	"253"	2	5	3	10	"25"	"53"	7	8
"12059     Sat. Jan 25, 2014          1          6          2     "	12059	2014-01-25	"Sat"	"Evening"	"162"	1	6	2	9	"16"	"62"	7	8
"12058     Sat. Jan 25, 2014          6          6          2     "	12058	2014-01-25	"Sat"	"Midday"	"662"	6	6	2	14	"66"	"62"	12	8
"12057     Fri. Jan 24, 2014          3          4          5     "	12057	2014-01-24	"Fri"	"Evening"	"345"	3	4	5	12	"34"	"45"	7	9
"12056     Fri. Jan 24, 2014          5          3          4     "	12056	2014-01-24	"Fri"	"Midday"	"534"	5	3	4	12	"53"	"34"	8	7
"12055     Thu. Jan 23, 2014          9          2          5     "	12055	2014-01-23	"Thu"	"Evening"	"925"	9	2	5	16	"92"	"25"	11	7
"12054     Thu. Jan 23, 2014          5          3          0     "	12054	2014-01-23	"Thu"	"Midday"	"530"	5	3	0	8	"53"	"30"	8	3
"12053     Wed. Jan 22, 2014          8          4          4     "	12053	2014-01-22	"Wed"	"Evening"	"844"	8	4	4	16	"84"	"44"	12	8
"12052     Wed. Jan 22, 2014          5          0          2     "	12052	2014-01-22	"Wed"	"Midday"	"502"	5	0	2	7	"50"	"02"	5	2
"12051     Tue. Jan 21, 2014          9          8          1     "	12051	2014-01-21	"Tue"	"Evening"	"981"	9	8	1	18	"98"	"81"	17	9
"12050     Tue. Jan 21, 2014          6          7          5     "	12050	2014-01-21	"Tue"	"Midday"	"675"	6	7	5	18	"67"	"75"	13	12
"12049     Mon. Jan 20, 2014          2          4          5     "	12049	2014-01-20	"Mon"	"Evening"	"245"	2	4	5	11	"24"	"45"	6	9
"12048     Mon. Jan 20, 2014          0          3          0     "	12048	2014-01-20	"Mon"	"Midday"	"030"	0	3	0	3	"03"	"30"	3	3
"12047     Sun. Jan 19, 2014          5          1          8     "	12047	2014-01-19	"Sun"	"Evening"	"518"	5	1	8	14	"51"	"18"	6	9
"12046     Sun. Jan 19, 2014          5          9          1     "	12046	2014-01-19	"Sun"	"Midday"	"591"	5	9	1	15	"59"	"91"	14	10
"12045     Sat. Jan 18, 2014          5          0          3     "	12045	2014-01-18	"Sat"	"Evening"	"503"	5	0	3	8	"50"	"03"	5	3
"12044     Sat. Jan 18, 2014          0          9          9     "	12044	2014-01-18	"Sat"	"Midday"	"099"	0	9	9	18	"09"	"99"	9	18
"12043     Fri. Jan 17, 2014          6          0          4     "	12043	2014-01-17	"Fri"	"Evening"	"604"	6	0	4	10	"60"	"04"	6	4
"12042     Fri. Jan 17, 2014          7          4          1     "	12042	2014-01-17	"Fri"	"Midday"	"741"	7	4	1	12	"74"	"41"	11	5
"12041     Thu. Jan 16, 2014          7          8          2     "	12041	2014-01-16	"Thu"	"Evening"	"782"	7	8	2	17	"78"	"82"	15	10
"12040     Thu. Jan 16, 2014          3          8          5     "	12040	2014-01-16	"Thu"	"Midday"	"385"	3	8	5	16	"38"	"85"	11	13
"12039     Wed. Jan 15, 2014          5          5          9     "	12039	2014-01-15	"Wed"	"Evening"	"559"	5	5	9	19	"55"	"59"	10	14
"12038     Wed. Jan 15, 2014          0          5          2     "	12038	2014-01-15	"Wed"	"Midday"	"052"	0	5	2	7	"05"	"52"	5	7
"12037     Tue. Jan 14, 2014          2          1          4     "	12037	2014-01-14	"Tue"	"Evening"	"214"	2	1	4	7	"21"	"14"	3	5
"12036     Tue. Jan 14, 2014          9          2          1     "	12036	2014-01-14	"Tue"	"Midday"	"921"	9	2	1	12	"92"	"21"	11	3
"12035     Mon. Jan 13, 2014          6          3          1     "	12035	2014-01-13	"Mon"	"Evening"	"631"	6	3	1	10	"63"	"31"	9	4
"12034     Mon. Jan 13, 2014          7          3          5     "	12034	2014-01-13	"Mon"	"Midday"	"735"	7	3	5	15	"73"	"35"	10	8
"12033     Sun. Jan 12, 2014          1          9          3     "	12033	2014-01-12	"Sun"	"Evening"	"193"	1	9	3	13	"19"	"93"	10	12
"12032     Sun. Jan 12, 2014          7          5          3     "	12032	2014-01-12	"Sun"	"Midday"	"753"	7	5	3	15	"75"	"53"	12	8
"12031     Sat. Jan 11, 2014          4          7          5     "	12031	2014-01-11	"Sat"	"Evening"	"475"	4	7	5	16	"47"	"75"	11	12
"12030     Sat. Jan 11, 2014          9          2          8     "	12030	2014-01-11	"Sat"	"Midday"	"928"	9	2	8	19	"92"	"28"	11	10
"12029     Fri. Jan 10, 2014          1          6          8     "	12029	2014-01-10	"Fri"	"Evening"	"168"	1	6	8	15	"16"	"68"	7	14
"12028     Fri. Jan 10, 2014          9          9          1     "	12028	2014-01-10	"Fri"	"Midday"	"991"	9	9	1	19	"99"	"91"	18	10
"12027     Thu. Jan 09, 2014          2          5          6     "	12027	2014-01-09	"Thu"	"Evening"	"256"	2	5	6	13	"25"	"56"	7	11
"12026     Thu. Jan 09, 2014          6          9          6     "	12026	2014-01-09	"Thu"	"Midday"	"696"	6	9	6	21	"69"	"96"	15	15
"12025     Wed. Jan 08, 2014          4          4          0     "	12025	2014-01-08	"Wed"	"Evening"	"440"	4	4	0	8	"44"	"40"	8	4
"12024     Wed. Jan 08, 2014          5          0          9     "	12024	2014-01-08	"Wed"	"Midday"	"509"	5	0	9	14	"50"	"09"	5	9
"12023     Tue. Jan 07, 2014          2          8          9     "	12023	2014-01-07	"Tue"	"Evening"	"289"	2	8	9	19	"28"	"89"	10	17
"12022     Tue. Jan 07, 2014          5          5          4     "	12022	2014-01-07	"Tue"	"Midday"	"554"	5	5	4	14	"55"	"54"	10	9
"12021     Mon. Jan 06, 2014          0          4          4     "	12021	2014-01-06	"Mon"	"Evening"	"044"	0	4	4	8	"04"	"44"	4	8
"12020     Mon. Jan 06, 2014          4          5          3     "	12020	2014-01-06	"Mon"	"Midday"	"453"	4	5	3	12	"45"	"53"	9	8
"12019     Sun. Jan 05, 2014          0          5          9     "	12019	2014-01-05	"Sun"	"Evening"	"059"	0	5	9	14	"05"	"59"	5	14
"12018     Sun. Jan 05, 2014          9          2          8     "	12018	2014-01-05	"Sun"	"Midday"	"928"	9	2	8	19	"92"	"28"	11	10
"12017     Sat. Jan 04, 2014          7          8          5     "	12017	2014-01-04	"Sat"	"Evening"	"785"	7	8	5	20	"78"	"85"	15	13
"12016     Sat. Jan 04, 2014          5          5          5     "	12016	2014-01-04	"Sat"	"Midday"	"555"	5	5	5	15	"55"	"55"	10	10
"12015     Fri. Jan 03, 2014          7          4          6     "	12015	2014-01-03	"Fri"	"Evening"	"746"	7	4	6	17	"74"	"46"	11	10
"12014     Fri. Jan 03, 2014          9          0          1     "	12014	2014-01-03	"Fri"	"Midday"	"901"	9	0	1	10	"90"	"01"	9	1
"12013     Thu. Jan 02, 2014          9          6          7     "	12013	2014-01-02	"Thu"	"Evening"	"967"	9	6	7	22	"96"	"67"	15	13
"12012     Thu. Jan 02, 2014          9          9          1     "	12012	2014-01-02	"Thu"	"Midday"	"991"	9	9	1	19	"99"	"91"	18	10
"12011     Wed. Jan 01, 2014          1          6          5     "	12011	2014-01-01	"Wed"	"Evening"	"165"	1	6	5	12	"16"	"65"	7	11
"12010     Wed. Jan 01, 2014          6          2          1     "	12010	2014-01-01	"Wed"	"Midday"	"621"	6	2	1	9	"62"	"21"	8	3
"12009     Tue. Dec 31, 2013          4          7          7     "	12009	2013-12-31	"Tue"	"Evening"	"477"	4	7	7	18	"47"	"77"	11	14
"12008     Tue. Dec 31, 2013          7          9          7     "	12008	2013-12-31	"Tue"	"Midday"	"797"	7	9	7	23	"79"	"97"	16	16
"12007     Mon. Dec 30, 2013          8          0          3     "	12007	2013-12-30	"Mon"	"Evening"	"803"	8	0	3	11	"80"	"03"	8	3
"12006     Mon. Dec 30, 2013          5          9          7     "	12006	2013-12-30	"Mon"	"Midday"	"597"	5	9	7	21	"59"	"97"	14	16
"12005     Sun. Dec 29, 2013          0          7          4     "	12005	2013-12-29	"Sun"	"Evening"	"074"	0	7	4	11	"07"	"74"	7	11
"12004     Sun. Dec 29, 2013          6          6          5     "	12004	2013-12-29	"Sun"	"Midday"	"665"	6	6	5	17	"66"	"65"	12	11
"12003     Sat. Dec 28, 2013          7          3          9     "	12003	2013-12-28	"Sat"	"Evening"	"739"	7	3	9	19	"73"	"39"	10	12
"12002     Sat. Dec 28, 2013          3          0          2     "	12002	2013-12-28	"Sat"	"Midday"	"302"	3	0	2	5	"30"	"02"	3	2
"12001     Fri. Dec 27, 2013          2          4          2     "	12001	2013-12-27	"Fri"	"Evening"	"242"	2	4	2	8	"24"	"42"	6	6
"12000     Fri. Dec 27, 2013          0          2          5     "	12000	2013-12-27	"Fri"	"Midday"	"025"	0	2	5	7	"02"	"25"	2	7
"11999     Thu. Dec 26, 2013          0          8          1     "	11999	2013-12-26	"Thu"	"Evening"	"081"	0	8	1	9	"08"	"81"	8	9
"11998     Thu. Dec 26, 2013          6          5          2     "	11998	2013-12-26	"Thu"	"Midday"	"652"	6	5	2	13	"65"	"52"	11	7
"11997     Wed. Dec 25, 2013          2          6          0     "	11997	2013-12-25	"Wed"	"Evening"	"260"	2	6	0	8	"26"	"60"	8	6
"11996     Wed. Dec 25, 2013          3          4          9     "	11996	2013-12-25	"Wed"	"Midday"	"349"	3	4	9	16	"34"	"49"	7	13
"11995     Tue. Dec 24, 2013          2          3          9     "	11995	2013-12-24	"Tue"	"Evening"	"239"	2	3	9	14	"23"	"39"	5	12
"11994     Tue. Dec 24, 2013          0          5          4     "	11994	2013-12-24	"Tue"	"Midday"	"054"	0	5	4	9	"05"	"54"	5	9
"11993     Mon. Dec 23, 2013          5          6          5     "	11993	2013-12-23	"Mon"	"Evening"	"565"	5	6	5	16	"56"	"65"	11	11
"11992     Mon. Dec 23, 2013          9          4          4     "	11992	2013-12-23	"Mon"	"Midday"	"944"	9	4	4	17	"94"	"44"	13	8
"11991     Sun. Dec 22, 2013          8          5          6     "	11991	2013-12-22	"Sun"	"Evening"	"856"	8	5	6	19	"85"	"56"	13	11
"11990     Sun. Dec 22, 2013          0          7          4     "	11990	2013-12-22	"Sun"	"Midday"	"074"	0	7	4	11	"07"	"74"	7	11
"11989     Sat. Dec 21, 2013          2          4          9     "	11989	2013-12-21	"Sat"	"Evening"	"249"	2	4	9	15	"24"	"49"	6	13
"11988     Sat. Dec 21, 2013          8          7          6     "	11988	2013-12-21	"Sat"	"Midday"	"876"	8	7	6	21	"87"	"76"	15	13
"11987     Fri. Dec 20, 2013          3          7          0     "	11987	2013-12-20	"Fri"	"Evening"	"370"	3	7	0	10	"37"	"70"	10	7
"11986     Fri. Dec 20, 2013          0          2          4     "	11986	2013-12-20	"Fri"	"Midday"	"024"	0	2	4	6	"02"	"24"	2	6
"11985     Thu. Dec 19, 2013          9          8          6     "	11985	2013-12-19	"Thu"	"Evening"	"986"	9	8	6	23	"98"	"86"	17	14
"11984     Thu. Dec 19, 2013          9          8          9     "	11984	2013-12-19	"Thu"	"Midday"	"989"	9	8	9	26	"98"	"89"	17	17
"11983     Wed. Dec 18, 2013          5          3          3     "	11983	2013-12-18	"Wed"	"Evening"	"533"	5	3	3	11	"53"	"33"	8	6
"11982     Wed. Dec 18, 2013          6          7          3     "	11982	2013-12-18	"Wed"	"Midday"	"673"	6	7	3	16	"67"	"73"	13	10
"11981     Tue. Dec 17, 2013          9          9          7     "	11981	2013-12-17	"Tue"	"Evening"	"997"	9	9	7	25	"99"	"97"	18	16
"11980     Tue. Dec 17, 2013          8          5          4     "	11980	2013-12-17	"Tue"	"Midday"	"854"	8	5	4	17	"85"	"54"	13	9
"11979     Mon. Dec 16, 2013          4          5          1     "	11979	2013-12-16	"Mon"	"Evening"	"451"	4	5	1	10	"45"	"51"	9	6
"11978     Mon. Dec 16, 2013          6          8          0     "	11978	2013-12-16	"Mon"	"Midday"	"680"	6	8	0	14	"68"	"80"	14	8
"11977     Sun. Dec 15, 2013          2          8          0     "	11977	2013-12-15	"Sun"	"Evening"	"280"	2	8	0	10	"28"	"80"	10	8
"11976     Sun. Dec 15, 2013          9          2          4     "	11976	2013-12-15	"Sun"	"Midday"	"924"	9	2	4	15	"92"	"24"	11	6
"11975     Sat. Dec 14, 2013          7          7          4     "	11975	2013-12-14	"Sat"	"Evening"	"774"	7	7	4	18	"77"	"74"	14	11
"11974     Sat. Dec 14, 2013          5          4          3     "	11974	2013-12-14	"Sat"	"Midday"	"543"	5	4	3	12	"54"	"43"	9	7
"11973     Fri. Dec 13, 2013          8          4          4     "	11973	2013-12-13	"Fri"	"Evening"	"844"	8	4	4	16	"84"	"44"	12	8
"11972     Fri. Dec 13, 2013          8          5          2     "	11972	2013-12-13	"Fri"	"Midday"	"852"	8	5	2	15	"85"	"52"	13	7
"11971     Thu. Dec 12, 2013          0          0          5     "	11971	2013-12-12	"Thu"	"Evening"	"005"	0	0	5	5	"00"	"05"	0	5
"11970     Thu. Dec 12, 2013          0          3          7     "	11970	2013-12-12	"Thu"	"Midday"	"037"	0	3	7	10	"03"	"37"	3	10
"11969     Wed. Dec 11, 2013          2          2          3     "	11969	2013-12-11	"Wed"	"Evening"	"223"	2	2	3	7	"22"	"23"	4	5
"11968     Wed. Dec 11, 2013          4          0          6     "	11968	2013-12-11	"Wed"	"Midday"	"406"	4	0	6	10	"40"	"06"	4	6
"11967     Tue. Dec 10, 2013          6          5          0     "	11967	2013-12-10	"Tue"	"Evening"	"650"	6	5	0	11	"65"	"50"	11	5
"11966     Tue. Dec 10, 2013          8          6          8     "	11966	2013-12-10	"Tue"	"Midday"	"868"	8	6	8	22	"86"	"68"	14	14
"11965     Mon. Dec 09, 2013          4          8          4     "	11965	2013-12-09	"Mon"	"Evening"	"484"	4	8	4	16	"48"	"84"	12	12
"11964     Mon. Dec 09, 2013          4          1          2     "	11964	2013-12-09	"Mon"	"Midday"	"412"	4	1	2	7	"41"	"12"	5	3
"11963     Sun. Dec 08, 2013          0          4          7     "	11963	2013-12-08	"Sun"	"Evening"	"047"	0	4	7	11	"04"	"47"	4	11
"11962     Sun. Dec 08, 2013          9          3          8     "	11962	2013-12-08	"Sun"	"Midday"	"938"	9	3	8	20	"93"	"38"	12	11
"11961     Sat. Dec 07, 2013          0          1          9     "	11961	2013-12-07	"Sat"	"Evening"	"019"	0	1	9	10	"01"	"19"	1	10
"11960     Sat. Dec 07, 2013          1          1          4     "	11960	2013-12-07	"Sat"	"Midday"	"114"	1	1	4	6	"11"	"14"	2	5
"11959     Fri. Dec 06, 2013          5          6          6     "	11959	2013-12-06	"Fri"	"Evening"	"566"	5	6	6	17	"56"	"66"	11	12
"11958     Fri. Dec 06, 2013          5          5          3     "	11958	2013-12-06	"Fri"	"Midday"	"553"	5	5	3	13	"55"	"53"	10	8
"11957     Thu. Dec 05, 2013          8          0          0     "	11957	2013-12-05	"Thu"	"Evening"	"800"	8	0	0	8	"80"	"00"	8	0
"11956     Thu. Dec 05, 2013          7          7          7     "	11956	2013-12-05	"Thu"	"Midday"	"777"	7	7	7	21	"77"	"77"	14	14
"11955     Wed. Dec 04, 2013          5          7          6     "	11955	2013-12-04	"Wed"	"Evening"	"576"	5	7	6	18	"57"	"76"	12	13
"11954     Wed. Dec 04, 2013          6          1          5     "	11954	2013-12-04	"Wed"	"Midday"	"615"	6	1	5	12	"61"	"15"	7	6
"11953     Tue. Dec 03, 2013          4          1          6     "	11953	2013-12-03	"Tue"	"Evening"	"416"	4	1	6	11	"41"	"16"	5	7
"11952     Tue. Dec 03, 2013          6          9          4     "	11952	2013-12-03	"Tue"	"Midday"	"694"	6	9	4	19	"69"	"94"	15	13
"11951     Mon. Dec 02, 2013          2          0          3     "	11951	2013-12-02	"Mon"	"Evening"	"203"	2	0	3	5	"20"	"03"	2	3
"11950     Mon. Dec 02, 2013          6          0          6     "	11950	2013-12-02	"Mon"	"Midday"	"606"	6	0	6	12	"60"	"06"	6	6
"11949     Sun. Dec 01, 2013          8          0          3     "	11949	2013-12-01	"Sun"	"Evening"	"803"	8	0	3	11	"80"	"03"	8	3
"11948     Sun. Dec 01, 2013          4          7          1     "	11948	2013-12-01	"Sun"	"Midday"	"471"	4	7	1	12	"47"	"71"	11	8
"11947     Sat. Nov 30, 2013          7          8          9     "	11947	2013-11-30	"Sat"	"Evening"	"789"	7	8	9	24	"78"	"89"	15	17
"11946     Sat. Nov 30, 2013          9          5          4     "	11946	2013-11-30	"Sat"	"Midday"	"954"	9	5	4	18	"95"	"54"	14	9
"11945     Fri. Nov 29, 2013          0          8          5     "	11945	2013-11-29	"Fri"	"Evening"	"085"	0	8	5	13	"08"	"85"	8	13
"11944     Fri. Nov 29, 2013          3          8          6     "	11944	2013-11-29	"Fri"	"Midday"	"386"	3	8	6	17	"38"	"86"	11	14
"11943     Thu. Nov 28, 2013          9          3          2     "	11943	2013-11-28	"Thu"	"Evening"	"932"	9	3	2	14	"93"	"32"	12	5
"11942     Thu. Nov 28, 2013          4          8          3     "	11942	2013-11-28	"Thu"	"Midday"	"483"	4	8	3	15	"48"	"83"	12	11
"11941     Wed. Nov 27, 2013          2          9          0     "	11941	2013-11-27	"Wed"	"Evening"	"290"	2	9	0	11	"29"	"90"	11	9
"11940     Wed. Nov 27, 2013          8          8          6     "	11940	2013-11-27	"Wed"	"Midday"	"886"	8	8	6	22	"88"	"86"	16	14
"11939     Tue. Nov 26, 2013          5          9          8     "	11939	2013-11-26	"Tue"	"Evening"	"598"	5	9	8	22	"59"	"98"	14	17
"11938     Tue. Nov 26, 2013          1          3          5     "	11938	2013-11-26	"Tue"	"Midday"	"135"	1	3	5	9	"13"	"35"	4	8
"11937     Mon. Nov 25, 2013          5          9          8     "	11937	2013-11-25	"Mon"	"Evening"	"598"	5	9	8	22	"59"	"98"	14	17
"11936     Mon. Nov 25, 2013          1          7          0     "	11936	2013-11-25	"Mon"	"Midday"	"170"	1	7	0	8	"17"	"70"	8	7
"11935     Sun. Nov 24, 2013          9          4          8     "	11935	2013-11-24	"Sun"	"Evening"	"948"	9	4	8	21	"94"	"48"	13	12
"11934     Sun. Nov 24, 2013          6          5          1     "	11934	2013-11-24	"Sun"	"Midday"	"651"	6	5	1	12	"65"	"51"	11	6
"11933     Sat. Nov 23, 2013          9          3          7     "	11933	2013-11-23	"Sat"	"Evening"	"937"	9	3	7	19	"93"	"37"	12	10
"11932     Sat. Nov 23, 2013          3          8          6     "	11932	2013-11-23	"Sat"	"Midday"	"386"	3	8	6	17	"38"	"86"	11	14
"11931     Fri. Nov 22, 2013          5          8          4     "	11931	2013-11-22	"Fri"	"Evening"	"584"	5	8	4	17	"58"	"84"	13	12
"11930     Fri. Nov 22, 2013          1          1          4     "	11930	2013-11-22	"Fri"	"Midday"	"114"	1	1	4	6	"11"	"14"	2	5
"11929     Thu. Nov 21, 2013          7          1          1     "	11929	2013-11-21	"Thu"	"Evening"	"711"	7	1	1	9	"71"	"11"	8	2
"11928     Thu. Nov 21, 2013          7          0          4     "	11928	2013-11-21	"Thu"	"Midday"	"704"	7	0	4	11	"70"	"04"	7	4
"11927     Wed. Nov 20, 2013          6          2          1     "	11927	2013-11-20	"Wed"	"Evening"	"621"	6	2	1	9	"62"	"21"	8	3
"11926     Wed. Nov 20, 2013          5          6          7     "	11926	2013-11-20	"Wed"	"Midday"	"567"	5	6	7	18	"56"	"67"	11	13
"11925     Tue. Nov 19, 2013          9          0          4     "	11925	2013-11-19	"Tue"	"Evening"	"904"	9	0	4	13	"90"	"04"	9	4
"11924     Tue. Nov 19, 2013          3          9          5     "	11924	2013-11-19	"Tue"	"Midday"	"395"	3	9	5	17	"39"	"95"	12	14
"11923     Mon. Nov 18, 2013          7          2          7     "	11923	2013-11-18	"Mon"	"Evening"	"727"	7	2	7	16	"72"	"27"	9	9
"11922     Mon. Nov 18, 2013          2          2          7     "	11922	2013-11-18	"Mon"	"Midday"	"227"	2	2	7	11	"22"	"27"	4	9
"11921     Sun. Nov 17, 2013          0          5          2     "	11921	2013-11-17	"Sun"	"Evening"	"052"	0	5	2	7	"05"	"52"	5	7
"11920     Sun. Nov 17, 2013          5          8          1     "	11920	2013-11-17	"Sun"	"Midday"	"581"	5	8	1	14	"58"	"81"	13	9
"11919     Sat. Nov 16, 2013          5          7          2     "	11919	2013-11-16	"Sat"	"Evening"	"572"	5	7	2	14	"57"	"72"	12	9
"11918     Sat. Nov 16, 2013          0          8          6     "	11918	2013-11-16	"Sat"	"Midday"	"086"	0	8	6	14	"08"	"86"	8	14
"11917     Fri. Nov 15, 2013          5          0          8     "	11917	2013-11-15	"Fri"	"Evening"	"508"	5	0	8	13	"50"	"08"	5	8
"11916     Fri. Nov 15, 2013          9          8          1     "	11916	2013-11-15	"Fri"	"Midday"	"981"	9	8	1	18	"98"	"81"	17	9
"11915     Thu. Nov 14, 2013          6          4          5     "	11915	2013-11-14	"Thu"	"Evening"	"645"	6	4	5	15	"64"	"45"	10	9
"11914     Thu. Nov 14, 2013          0          5          5     "	11914	2013-11-14	"Thu"	"Midday"	"055"	0	5	5	10	"05"	"55"	5	10
"11913     Wed. Nov 13, 2013          0          1          6     "	11913	2013-11-13	"Wed"	"Evening"	"016"	0	1	6	7	"01"	"16"	1	7
"11912     Wed. Nov 13, 2013          1          5          7     "	11912	2013-11-13	"Wed"	"Midday"	"157"	1	5	7	13	"15"	"57"	6	12
"11911     Tue. Nov 12, 2013          6          4          9     "	11911	2013-11-12	"Tue"	"Evening"	"649"	6	4	9	19	"64"	"49"	10	13
"11910     Tue. Nov 12, 2013          7          1          3     "	11910	2013-11-12	"Tue"	"Midday"	"713"	7	1	3	11	"71"	"13"	8	4
"11909     Mon. Nov 11, 2013          0          4          7     "	11909	2013-11-11	"Mon"	"Evening"	"047"	0	4	7	11	"04"	"47"	4	11
"11908     Mon. Nov 11, 2013          6          0          3     "	11908	2013-11-11	"Mon"	"Midday"	"603"	6	0	3	9	"60"	"03"	6	3
"11907     Sun. Nov 10, 2013          3          7          5     "	11907	2013-11-10	"Sun"	"Evening"	"375"	3	7	5	15	"37"	"75"	10	12
"11906     Sun. Nov 10, 2013          4          7          0     "	11906	2013-11-10	"Sun"	"Midday"	"470"	4	7	0	11	"47"	"70"	11	7
"11905     Sat. Nov 09, 2013          7          6          4     "	11905	2013-11-09	"Sat"	"Evening"	"764"	7	6	4	17	"76"	"64"	13	10
"11904     Sat. Nov 09, 2013          6          4          8     "	11904	2013-11-09	"Sat"	"Midday"	"648"	6	4	8	18	"64"	"48"	10	12
"11903     Fri. Nov 08, 2013          1          2          3     "	11903	2013-11-08	"Fri"	"Evening"	"123"	1	2	3	6	"12"	"23"	3	5
"11902     Fri. Nov 08, 2013          5          4          0     "	11902	2013-11-08	"Fri"	"Midday"	"540"	5	4	0	9	"54"	"40"	9	4
"11901     Thu. Nov 07, 2013          7          8          8     "	11901	2013-11-07	"Thu"	"Evening"	"788"	7	8	8	23	"78"	"88"	15	16
"11900     Thu. Nov 07, 2013          1          5          9     "	11900	2013-11-07	"Thu"	"Midday"	"159"	1	5	9	15	"15"	"59"	6	14
"11899     Wed. Nov 06, 2013          9          5          9     "	11899	2013-11-06	"Wed"	"Evening"	"959"	9	5	9	23	"95"	"59"	14	14
"11898     Wed. Nov 06, 2013          9          1          5     "	11898	2013-11-06	"Wed"	"Midday"	"915"	9	1	5	15	"91"	"15"	10	6
"11897     Tue. Nov 05, 2013          5          0          4     "	11897	2013-11-05	"Tue"	"Evening"	"504"	5	0	4	9	"50"	"04"	5	4
"11896     Tue. Nov 05, 2013          8          7          4     "	11896	2013-11-05	"Tue"	"Midday"	"874"	8	7	4	19	"87"	"74"	15	11
"11895     Mon. Nov 04, 2013          4          7          4     "	11895	2013-11-04	"Mon"	"Evening"	"474"	4	7	4	15	"47"	"74"	11	11
"11894     Mon. Nov 04, 2013          0          5          0     "	11894	2013-11-04	"Mon"	"Midday"	"050"	0	5	0	5	"05"	"50"	5	5
"11893     Sun. Nov 03, 2013          2          0          7     "	11893	2013-11-03	"Sun"	"Evening"	"207"	2	0	7	9	"20"	"07"	2	7
"11892     Sun. Nov 03, 2013          8          1          2     "	11892	2013-11-03	"Sun"	"Midday"	"812"	8	1	2	11	"81"	"12"	9	3
"11891     Sat. Nov 02, 2013          4          0          9     "	11891	2013-11-02	"Sat"	"Evening"	"409"	4	0	9	13	"40"	"09"	4	9
"11890     Sat. Nov 02, 2013          5          6          5     "	11890	2013-11-02	"Sat"	"Midday"	"565"	5	6	5	16	"56"	"65"	11	11
"11889     Fri. Nov 01, 2013          8          1          5     "	11889	2013-11-01	"Fri"	"Evening"	"815"	8	1	5	14	"81"	"15"	9	6
"11888     Fri. Nov 01, 2013          4          5          0     "	11888	2013-11-01	"Fri"	"Midday"	"450"	4	5	0	9	"45"	"50"	9	5
"11887     Thu. Oct 31, 2013          1          0          6     "	11887	2013-10-31	"Thu"	"Evening"	"106"	1	0	6	7	"10"	"06"	1	6
"11886     Thu. Oct 31, 2013          2          8          8     "	11886	2013-10-31	"Thu"	"Midday"	"288"	2	8	8	18	"28"	"88"	10	16
"11885     Wed. Oct 30, 2013          6          5          2     "	11885	2013-10-30	"Wed"	"Evening"	"652"	6	5	2	13	"65"	"52"	11	7
"11884     Wed. Oct 30, 2013          5          2          3     "	11884	2013-10-30	"Wed"	"Midday"	"523"	5	2	3	10	"52"	"23"	7	5
"11883     Tue. Oct 29, 2013          5          7          6     "	11883	2013-10-29	"Tue"	"Evening"	"576"	5	7	6	18	"57"	"76"	12	13
"11882     Tue. Oct 29, 2013          9          8          8     "	11882	2013-10-29	"Tue"	"Midday"	"988"	9	8	8	25	"98"	"88"	17	16
"11881     Mon. Oct 28, 2013          6          0          7     "	11881	2013-10-28	"Mon"	"Evening"	"607"	6	0	7	13	"60"	"07"	6	7
"11880     Mon. Oct 28, 2013          0          6          9     "	11880	2013-10-28	"Mon"	"Midday"	"069"	0	6	9	15	"06"	"69"	6	15
"11879     Sun. Oct 27, 2013          5          9          8     "	11879	2013-10-27	"Sun"	"Evening"	"598"	5	9	8	22	"59"	"98"	14	17
"11878     Sun. Oct 27, 2013          8          4          3     "	11878	2013-10-27	"Sun"	"Midday"	"843"	8	4	3	15	"84"	"43"	12	7
"11877     Sat. Oct 26, 2013          2          4          4     "	11877	2013-10-26	"Sat"	"Evening"	"244"	2	4	4	10	"24"	"44"	6	8
"11876     Sat. Oct 26, 2013          0          2          3     "	11876	2013-10-26	"Sat"	"Midday"	"023"	0	2	3	5	"02"	"23"	2	5
"11875     Fri. Oct 25, 2013          3          2          3     "	11875	2013-10-25	"Fri"	"Evening"	"323"	3	2	3	8	"32"	"23"	5	5
"11874     Fri. Oct 25, 2013          7          0          2     "	11874	2013-10-25	"Fri"	"Midday"	"702"	7	0	2	9	"70"	"02"	7	2
"11873     Thu. Oct 24, 2013          3          1          1     "	11873	2013-10-24	"Thu"	"Evening"	"311"	3	1	1	5	"31"	"11"	4	2
"11872     Thu. Oct 24, 2013          0          1          1     "	11872	2013-10-24	"Thu"	"Midday"	"011"	0	1	1	2	"01"	"11"	1	2
"11871     Wed. Oct 23, 2013          0          7          8     "	11871	2013-10-23	"Wed"	"Evening"	"078"	0	7	8	15	"07"	"78"	7	15
"11870     Wed. Oct 23, 2013          4          4          0     "	11870	2013-10-23	"Wed"	"Midday"	"440"	4	4	0	8	"44"	"40"	8	4
"11869     Tue. Oct 22, 2013          4          6          3     "	11869	2013-10-22	"Tue"	"Evening"	"463"	4	6	3	13	"46"	"63"	10	9
"11868     Tue. Oct 22, 2013          0          3          8     "	11868	2013-10-22	"Tue"	"Midday"	"038"	0	3	8	11	"03"	"38"	3	11
"11867     Mon. Oct 21, 2013          5          9          7     "	11867	2013-10-21	"Mon"	"Evening"	"597"	5	9	7	21	"59"	"97"	14	16
"11866     Mon. Oct 21, 2013          7          2          3     "	11866	2013-10-21	"Mon"	"Midday"	"723"	7	2	3	12	"72"	"23"	9	5
"11865     Sun. Oct 20, 2013          8          9          0     "	11865	2013-10-20	"Sun"	"Evening"	"890"	8	9	0	17	"89"	"90"	17	9
"11864     Sun. Oct 20, 2013          3          2          5     "	11864	2013-10-20	"Sun"	"Midday"	"325"	3	2	5	10	"32"	"25"	5	7
"11863     Sat. Oct 19, 2013          0          5          0     "	11863	2013-10-19	"Sat"	"Evening"	"050"	0	5	0	5	"05"	"50"	5	5
"11862     Sat. Oct 19, 2013          0          9          9     "	11862	2013-10-19	"Sat"	"Midday"	"099"	0	9	9	18	"09"	"99"	9	18
"11861     Fri. Oct 18, 2013          0          5          3     "	11861	2013-10-18	"Fri"	"Evening"	"053"	0	5	3	8	"05"	"53"	5	8
"11860     Fri. Oct 18, 2013          4          3          0     "	11860	2013-10-18	"Fri"	"Midday"	"430"	4	3	0	7	"43"	"30"	7	3
"11859     Thu. Oct 17, 2013          1          2          2     "	11859	2013-10-17	"Thu"	"Evening"	"122"	1	2	2	5	"12"	"22"	3	4
"11858     Thu. Oct 17, 2013          3          3          2     "	11858	2013-10-17	"Thu"	"Midday"	"332"	3	3	2	8	"33"	"32"	6	5
"11857     Wed. Oct 16, 2013          2          3          4     "	11857	2013-10-16	"Wed"	"Evening"	"234"	2	3	4	9	"23"	"34"	5	7
"11856     Wed. Oct 16, 2013          0          0          2     "	11856	2013-10-16	"Wed"	"Midday"	"002"	0	0	2	2	"00"	"02"	0	2
"11855     Tue. Oct 15, 2013          0          2          2     "	11855	2013-10-15	"Tue"	"Evening"	"022"	0	2	2	4	"02"	"22"	2	4
"11854     Tue. Oct 15, 2013          5          3          3     "	11854	2013-10-15	"Tue"	"Midday"	"533"	5	3	3	11	"53"	"33"	8	6
"11853     Mon. Oct 14, 2013          3          4          8     "	11853	2013-10-14	"Mon"	"Evening"	"348"	3	4	8	15	"34"	"48"	7	12
"11852     Mon. Oct 14, 2013          9          8          3     "	11852	2013-10-14	"Mon"	"Midday"	"983"	9	8	3	20	"98"	"83"	17	11
"11851     Sun. Oct 13, 2013          9          8          0     "	11851	2013-10-13	"Sun"	"Evening"	"980"	9	8	0	17	"98"	"80"	17	8
"11850     Sun. Oct 13, 2013          9          2          1     "	11850	2013-10-13	"Sun"	"Midday"	"921"	9	2	1	12	"92"	"21"	11	3
"11849     Sat. Oct 12, 2013          4          3          0     "	11849	2013-10-12	"Sat"	"Evening"	"430"	4	3	0	7	"43"	"30"	7	3
"11848     Sat. Oct 12, 2013          9          2          7     "	11848	2013-10-12	"Sat"	"Midday"	"927"	9	2	7	18	"92"	"27"	11	9
"11847     Fri. Oct 11, 2013          2          7          1     "	11847	2013-10-11	"Fri"	"Evening"	"271"	2	7	1	10	"27"	"71"	9	8
"11846     Fri. Oct 11, 2013          9          4          5     "	11846	2013-10-11	"Fri"	"Midday"	"945"	9	4	5	18	"94"	"45"	13	9
"11845     Thu. Oct 10, 2013          5          2          8     "	11845	2013-10-10	"Thu"	"Evening"	"528"	5	2	8	15	"52"	"28"	7	10
"11844     Thu. Oct 10, 2013          4          9          5     "	11844	2013-10-10	"Thu"	"Midday"	"495"	4	9	5	18	"49"	"95"	13	14
"11843     Wed. Oct 09, 2013          1          2          6     "	11843	2013-10-09	"Wed"	"Evening"	"126"	1	2	6	9	"12"	"26"	3	8
"11842     Wed. Oct 09, 2013          0          8          4     "	11842	2013-10-09	"Wed"	"Midday"	"084"	0	8	4	12	"08"	"84"	8	12
"11841     Tue. Oct 08, 2013          0          4          8     "	11841	2013-10-08	"Tue"	"Evening"	"048"	0	4	8	12	"04"	"48"	4	12
"11840     Tue. Oct 08, 2013          8          2          8     "	11840	2013-10-08	"Tue"	"Midday"	"828"	8	2	8	18	"82"	"28"	10	10
"11839     Mon. Oct 07, 2013          9          4          6     "	11839	2013-10-07	"Mon"	"Evening"	"946"	9	4	6	19	"94"	"46"	13	10
"11838     Mon. Oct 07, 2013          2          5          5     "	11838	2013-10-07	"Mon"	"Midday"	"255"	2	5	5	12	"25"	"55"	7	10
"11837     Sun. Oct 06, 2013          5          5          6     "	11837	2013-10-06	"Sun"	"Evening"	"556"	5	5	6	16	"55"	"56"	10	11
"11836     Sun. Oct 06, 2013          3          8          5     "	11836	2013-10-06	"Sun"	"Midday"	"385"	3	8	5	16	"38"	"85"	11	13
"11835     Sat. Oct 05, 2013          0          2          0     "	11835	2013-10-05	"Sat"	"Evening"	"020"	0	2	0	2	"02"	"20"	2	2
"11834     Sat. Oct 05, 2013          3          2          7     "	11834	2013-10-05	"Sat"	"Midday"	"327"	3	2	7	12	"32"	"27"	5	9
"11833     Fri. Oct 04, 2013          4          0          7     "	11833	2013-10-04	"Fri"	"Evening"	"407"	4	0	7	11	"40"	"07"	4	7
"11832     Fri. Oct 04, 2013          1          5          9     "	11832	2013-10-04	"Fri"	"Midday"	"159"	1	5	9	15	"15"	"59"	6	14
"11831     Thu. Oct 03, 2013          8          6          2     "	11831	2013-10-03	"Thu"	"Evening"	"862"	8	6	2	16	"86"	"62"	14	8
"11830     Thu. Oct 03, 2013          8          8          8     "	11830	2013-10-03	"Thu"	"Midday"	"888"	8	8	8	24	"88"	"88"	16	16
"11829     Wed. Oct 02, 2013          3          8          5     "	11829	2013-10-02	"Wed"	"Evening"	"385"	3	8	5	16	"38"	"85"	11	13
"11828     Wed. Oct 02, 2013          8          0          3     "	11828	2013-10-02	"Wed"	"Midday"	"803"	8	0	3	11	"80"	"03"	8	3
"11827     Tue. Oct 01, 2013          9          8          4     "	11827	2013-10-01	"Tue"	"Evening"	"984"	9	8	4	21	"98"	"84"	17	12
"11826     Tue. Oct 01, 2013          7          6          5     "	11826	2013-10-01	"Tue"	"Midday"	"765"	7	6	5	18	"76"	"65"	13	11
"11825     Mon. Sep 30, 2013          7          2          6     "	11825	2013-09-30	"Mon"	"Evening"	"726"	7	2	6	15	"72"	"26"	9	8
"11824     Mon. Sep 30, 2013          7          1          1     "	11824	2013-09-30	"Mon"	"Midday"	"711"	7	1	1	9	"71"	"11"	8	2
"11823     Sun. Sep 29, 2013          3          0          6     "	11823	2013-09-29	"Sun"	"Evening"	"306"	3	0	6	9	"30"	"06"	3	6
"11822     Sun. Sep 29, 2013          6          4          1     "	11822	2013-09-29	"Sun"	"Midday"	"641"	6	4	1	11	"64"	"41"	10	5
"11821     Sat. Sep 28, 2013          0          4          8     "	11821	2013-09-28	"Sat"	"Evening"	"048"	0	4	8	12	"04"	"48"	4	12
"11820     Sat. Sep 28, 2013          3          5          9     "	11820	2013-09-28	"Sat"	"Midday"	"359"	3	5	9	17	"35"	"59"	8	14
"11819     Fri. Sep 27, 2013          9          0          8     "	11819	2013-09-27	"Fri"	"Evening"	"908"	9	0	8	17	"90"	"08"	9	8
"11818     Fri. Sep 27, 2013          0          6          8     "	11818	2013-09-27	"Fri"	"Midday"	"068"	0	6	8	14	"06"	"68"	6	14
"11817     Thu. Sep 26, 2013          9          7          1     "	11817	2013-09-26	"Thu"	"Evening"	"971"	9	7	1	17	"97"	"71"	16	8
"11816     Thu. Sep 26, 2013          8          2          6     "	11816	2013-09-26	"Thu"	"Midday"	"826"	8	2	6	16	"82"	"26"	10	8
"11815     Wed. Sep 25, 2013          5          7          7     "	11815	2013-09-25	"Wed"	"Evening"	"577"	5	7	7	19	"57"	"77"	12	14
"11814     Wed. Sep 25, 2013          7          7          8     "	11814	2013-09-25	"Wed"	"Midday"	"778"	7	7	8	22	"77"	"78"	14	15
"11813     Tue. Sep 24, 2013          8          8          5     "	11813	2013-09-24	"Tue"	"Evening"	"885"	8	8	5	21	"88"	"85"	16	13
"11812     Tue. Sep 24, 2013          3          9          2     "	11812	2013-09-24	"Tue"	"Midday"	"392"	3	9	2	14	"39"	"92"	12	11
"11811     Mon. Sep 23, 2013          8          1          8     "	11811	2013-09-23	"Mon"	"Evening"	"818"	8	1	8	17	"81"	"18"	9	9
"11810     Mon. Sep 23, 2013          7          3          9     "	11810	2013-09-23	"Mon"	"Midday"	"739"	7	3	9	19	"73"	"39"	10	12
"11809     Sun. Sep 22, 2013          6          9          4     "	11809	2013-09-22	"Sun"	"Evening"	"694"	6	9	4	19	"69"	"94"	15	13
"11808     Sun. Sep 22, 2013          3          3          0     "	11808	2013-09-22	"Sun"	"Midday"	"330"	3	3	0	6	"33"	"30"	6	3
"11807     Sat. Sep 21, 2013          1          7          4     "	11807	2013-09-21	"Sat"	"Evening"	"174"	1	7	4	12	"17"	"74"	8	11
"11806     Sat. Sep 21, 2013          3          0          7     "	11806	2013-09-21	"Sat"	"Midday"	"307"	3	0	7	10	"30"	"07"	3	7
"11805     Fri. Sep 20, 2013          9          7          5     "	11805	2013-09-20	"Fri"	"Evening"	"975"	9	7	5	21	"97"	"75"	16	12
"11804     Fri. Sep 20, 2013          2          5          4     "	11804	2013-09-20	"Fri"	"Midday"	"254"	2	5	4	11	"25"	"54"	7	9
"11803     Thu. Sep 19, 2013          4          9          2     "	11803	2013-09-19	"Thu"	"Evening"	"492"	4	9	2	15	"49"	"92"	13	11
"11802     Thu. Sep 19, 2013          6          1          1     "	11802	2013-09-19	"Thu"	"Midday"	"611"	6	1	1	8	"61"	"11"	7	2
"11801     Wed. Sep 18, 2013          8          0          7     "	11801	2013-09-18	"Wed"	"Evening"	"807"	8	0	7	15	"80"	"07"	8	7
"11800     Wed. Sep 18, 2013          0          9          1     "	11800	2013-09-18	"Wed"	"Midday"	"091"	0	9	1	10	"09"	"91"	9	10
"11799     Tue. Sep 17, 2013          6          9          6     "	11799	2013-09-17	"Tue"	"Evening"	"696"	6	9	6	21	"69"	"96"	15	15
"11798     Tue. Sep 17, 2013          9          0          8     "	11798	2013-09-17	"Tue"	"Midday"	"908"	9	0	8	17	"90"	"08"	9	8
"11797     Mon. Sep 16, 2013          9          9          1     "	11797	2013-09-16	"Mon"	"Evening"	"991"	9	9	1	19	"99"	"91"	18	10
"11796     Mon. Sep 16, 2013          3          8          8     "	11796	2013-09-16	"Mon"	"Midday"	"388"	3	8	8	19	"38"	"88"	11	16
"11795     Sun. Sep 15, 2013          8          7          3     "	11795	2013-09-15	"Sun"	"Evening"	"873"	8	7	3	18	"87"	"73"	15	10
"11794     Sun. Sep 15, 2013          0          9          7     "	11794	2013-09-15	"Sun"	"Midday"	"097"	0	9	7	16	"09"	"97"	9	16
"11793     Sat. Sep 14, 2013          4          0          2     "	11793	2013-09-14	"Sat"	"Evening"	"402"	4	0	2	6	"40"	"02"	4	2
"11792     Sat. Sep 14, 2013          1          6          4     "	11792	2013-09-14	"Sat"	"Midday"	"164"	1	6	4	11	"16"	"64"	7	10
"11791     Fri. Sep 13, 2013          3          9          9     "	11791	2013-09-13	"Fri"	"Evening"	"399"	3	9	9	21	"39"	"99"	12	18
"11790     Fri. Sep 13, 2013          3          1          0     "	11790	2013-09-13	"Fri"	"Midday"	"310"	3	1	0	4	"31"	"10"	4	1
"11789     Thu. Sep 12, 2013          9          2          8     "	11789	2013-09-12	"Thu"	"Evening"	"928"	9	2	8	19	"92"	"28"	11	10
"11788     Thu. Sep 12, 2013          5          4          8     "	11788	2013-09-12	"Thu"	"Midday"	"548"	5	4	8	17	"54"	"48"	9	12
"11787     Wed. Sep 11, 2013          5          9          0     "	11787	2013-09-11	"Wed"	"Evening"	"590"	5	9	0	14	"59"	"90"	14	9
"11786     Wed. Sep 11, 2013          7          7          9     "	11786	2013-09-11	"Wed"	"Midday"	"779"	7	7	9	23	"77"	"79"	14	16
"11785     Tue. Sep 10, 2013          3          3          9     "	11785	2013-09-10	"Tue"	"Evening"	"339"	3	3	9	15	"33"	"39"	6	12
"11784     Tue. Sep 10, 2013          4          1          8     "	11784	2013-09-10	"Tue"	"Midday"	"418"	4	1	8	13	"41"	"18"	5	9
"11783     Mon. Sep 09, 2013          9          1          9     "	11783	2013-09-09	"Mon"	"Evening"	"919"	9	1	9	19	"91"	"19"	10	10
"11782     Mon. Sep 09, 2013          6          6          0     "	11782	2013-09-09	"Mon"	"Midday"	"660"	6	6	0	12	"66"	"60"	12	6
"11781     Sun. Sep 08, 2013          6          9          3     "	11781	2013-09-08	"Sun"	"Evening"	"693"	6	9	3	18	"69"	"93"	15	12
"11780     Sun. Sep 08, 2013          4          2          3     "	11780	2013-09-08	"Sun"	"Midday"	"423"	4	2	3	9	"42"	"23"	6	5
"11779     Sat. Sep 07, 2013          6          1          1     "	11779	2013-09-07	"Sat"	"Evening"	"611"	6	1	1	8	"61"	"11"	7	2
"11778     Sat. Sep 07, 2013          6          5          6     "	11778	2013-09-07	"Sat"	"Midday"	"656"	6	5	6	17	"65"	"56"	11	11
"11777     Fri. Sep 06, 2013          5          4          1     "	11777	2013-09-06	"Fri"	"Evening"	"541"	5	4	1	10	"54"	"41"	9	5
"11776     Fri. Sep 06, 2013          5          4          3     "	11776	2013-09-06	"Fri"	"Midday"	"543"	5	4	3	12	"54"	"43"	9	7
"11775     Thu. Sep 05, 2013          4          9          2     "	11775	2013-09-05	"Thu"	"Evening"	"492"	4	9	2	15	"49"	"92"	13	11
"11774     Thu. Sep 05, 2013          3          0          8     "	11774	2013-09-05	"Thu"	"Midday"	"308"	3	0	8	11	"30"	"08"	3	8
"11773     Wed. Sep 04, 2013          0          8          9     "	11773	2013-09-04	"Wed"	"Evening"	"089"	0	8	9	17	"08"	"89"	8	17
"11772     Wed. Sep 04, 2013          1          9          3     "	11772	2013-09-04	"Wed"	"Midday"	"193"	1	9	3	13	"19"	"93"	10	12
"11771     Tue. Sep 03, 2013          8          6          5     "	11771	2013-09-03	"Tue"	"Evening"	"865"	8	6	5	19	"86"	"65"	14	11
"11770     Tue. Sep 03, 2013          8          7          0     "	11770	2013-09-03	"Tue"	"Midday"	"870"	8	7	0	15	"87"	"70"	15	7
"11769     Mon. Sep 02, 2013          1          1          6     "	11769	2013-09-02	"Mon"	"Evening"	"116"	1	1	6	8	"11"	"16"	2	7
"11768     Mon. Sep 02, 2013          6          2          1     "	11768	2013-09-02	"Mon"	"Midday"	"621"	6	2	1	9	"62"	"21"	8	3
"11767     Sun. Sep 01, 2013          2          6          4     "	11767	2013-09-01	"Sun"	"Evening"	"264"	2	6	4	12	"26"	"64"	8	10
"11766     Sun. Sep 01, 2013          9          5          7     "	11766	2013-09-01	"Sun"	"Midday"	"957"	9	5	7	21	"95"	"57"	14	12
"11765     Sat. Aug 31, 2013          2          9          2     "	11765	2013-08-31	"Sat"	"Evening"	"292"	2	9	2	13	"29"	"92"	11	11
"11764     Sat. Aug 31, 2013          5          5          0     "	11764	2013-08-31	"Sat"	"Midday"	"550"	5	5	0	10	"55"	"50"	10	5
"11763     Fri. Aug 30, 2013          9          5          5     "	11763	2013-08-30	"Fri"	"Evening"	"955"	9	5	5	19	"95"	"55"	14	10
"11762     Fri. Aug 30, 2013          5          2          3     "	11762	2013-08-30	"Fri"	"Midday"	"523"	5	2	3	10	"52"	"23"	7	5
"11761     Thu. Aug 29, 2013          9          3          2     "	11761	2013-08-29	"Thu"	"Evening"	"932"	9	3	2	14	"93"	"32"	12	5
"11760     Thu. Aug 29, 2013          9          0          3     "	11760	2013-08-29	"Thu"	"Midday"	"903"	9	0	3	12	"90"	"03"	9	3
"11759     Wed. Aug 28, 2013          3          8          7     "	11759	2013-08-28	"Wed"	"Evening"	"387"	3	8	7	18	"38"	"87"	11	15
"11758     Wed. Aug 28, 2013          5          4          5     "	11758	2013-08-28	"Wed"	"Midday"	"545"	5	4	5	14	"54"	"45"	9	9
"11757     Tue. Aug 27, 2013          0          3          9     "	11757	2013-08-27	"Tue"	"Evening"	"039"	0	3	9	12	"03"	"39"	3	12
"11756     Tue. Aug 27, 2013          8          0          9     "	11756	2013-08-27	"Tue"	"Midday"	"809"	8	0	9	17	"80"	"09"	8	9
"11755     Mon. Aug 26, 2013          9          3          8     "	11755	2013-08-26	"Mon"	"Evening"	"938"	9	3	8	20	"93"	"38"	12	11
"11754     Mon. Aug 26, 2013          2          5          5     "	11754	2013-08-26	"Mon"	"Midday"	"255"	2	5	5	12	"25"	"55"	7	10
"11753     Sun. Aug 25, 2013          6          5          5     "	11753	2013-08-25	"Sun"	"Evening"	"655"	6	5	5	16	"65"	"55"	11	10
"11752     Sun. Aug 25, 2013          6          8          1     "	11752	2013-08-25	"Sun"	"Midday"	"681"	6	8	1	15	"68"	"81"	14	9
"11751     Sat. Aug 24, 2013          4          6          6     "	11751	2013-08-24	"Sat"	"Evening"	"466"	4	6	6	16	"46"	"66"	10	12
"11750     Sat. Aug 24, 2013          4          2          3     "	11750	2013-08-24	"Sat"	"Midday"	"423"	4	2	3	9	"42"	"23"	6	5
"11749     Fri. Aug 23, 2013          2          0          7     "	11749	2013-08-23	"Fri"	"Evening"	"207"	2	0	7	9	"20"	"07"	2	7
"11748     Fri. Aug 23, 2013          6          1          9     "	11748	2013-08-23	"Fri"	"Midday"	"619"	6	1	9	16	"61"	"19"	7	10
"11747     Thu. Aug 22, 2013          5          5          4     "	11747	2013-08-22	"Thu"	"Evening"	"554"	5	5	4	14	"55"	"54"	10	9
"11746     Thu. Aug 22, 2013          8          3          0     "	11746	2013-08-22	"Thu"	"Midday"	"830"	8	3	0	11	"83"	"30"	11	3
"11745     Wed. Aug 21, 2013          0          9          0     "	11745	2013-08-21	"Wed"	"Evening"	"090"	0	9	0	9	"09"	"90"	9	9
"11744     Wed. Aug 21, 2013          2          5          0     "	11744	2013-08-21	"Wed"	"Midday"	"250"	2	5	0	7	"25"	"50"	7	5
"11743     Tue. Aug 20, 2013          5          0          1     "	11743	2013-08-20	"Tue"	"Evening"	"501"	5	0	1	6	"50"	"01"	5	1
"11742     Tue. Aug 20, 2013          3          5          8     "	11742	2013-08-20	"Tue"	"Midday"	"358"	3	5	8	16	"35"	"58"	8	13
"11741     Mon. Aug 19, 2013          1          1          8     "	11741	2013-08-19	"Mon"	"Evening"	"118"	1	1	8	10	"11"	"18"	2	9
"11740     Mon. Aug 19, 2013          5          1          9     "	11740	2013-08-19	"Mon"	"Midday"	"519"	5	1	9	15	"51"	"19"	6	10
"11739     Sun. Aug 18, 2013          0          7          3     "	11739	2013-08-18	"Sun"	"Evening"	"073"	0	7	3	10	"07"	"73"	7	10
"11738     Sun. Aug 18, 2013          2          6          5     "	11738	2013-08-18	"Sun"	"Midday"	"265"	2	6	5	13	"26"	"65"	8	11
"11737     Sat. Aug 17, 2013          0          0          4     "	11737	2013-08-17	"Sat"	"Evening"	"004"	0	0	4	4	"00"	"04"	0	4
"11736     Sat. Aug 17, 2013          3          4          6     "	11736	2013-08-17	"Sat"	"Midday"	"346"	3	4	6	13	"34"	"46"	7	10
"11735     Fri. Aug 16, 2013          0          0          6     "	11735	2013-08-16	"Fri"	"Evening"	"006"	0	0	6	6	"00"	"06"	0	6
"11734     Fri. Aug 16, 2013          6          4          4     "	11734	2013-08-16	"Fri"	"Midday"	"644"	6	4	4	14	"64"	"44"	10	8
"11733     Thu. Aug 15, 2013          6          0          7     "	11733	2013-08-15	"Thu"	"Evening"	"607"	6	0	7	13	"60"	"07"	6	7
"11732     Thu. Aug 15, 2013          0          9          4     "	11732	2013-08-15	"Thu"	"Midday"	"094"	0	9	4	13	"09"	"94"	9	13
"11731     Wed. Aug 14, 2013          6          7          3     "	11731	2013-08-14	"Wed"	"Evening"	"673"	6	7	3	16	"67"	"73"	13	10
"11730     Wed. Aug 14, 2013          3          4          8     "	11730	2013-08-14	"Wed"	"Midday"	"348"	3	4	8	15	"34"	"48"	7	12
"11729     Tue. Aug 13, 2013          1          8          5     "	11729	2013-08-13	"Tue"	"Evening"	"185"	1	8	5	14	"18"	"85"	9	13
"11728     Tue. Aug 13, 2013          7          6          5     "	11728	2013-08-13	"Tue"	"Midday"	"765"	7	6	5	18	"76"	"65"	13	11
"11727     Mon. Aug 12, 2013          3          3          9     "	11727	2013-08-12	"Mon"	"Evening"	"339"	3	3	9	15	"33"	"39"	6	12
"11726     Mon. Aug 12, 2013          7          7          3     "	11726	2013-08-12	"Mon"	"Midday"	"773"	7	7	3	17	"77"	"73"	14	10
"11725     Sun. Aug 11, 2013          1          9          7     "	11725	2013-08-11	"Sun"	"Evening"	"197"	1	9	7	17	"19"	"97"	10	16
"11724     Sun. Aug 11, 2013          1          8          1     "	11724	2013-08-11	"Sun"	"Midday"	"181"	1	8	1	10	"18"	"81"	9	9
"11723     Sat. Aug 10, 2013          5          0          7     "	11723	2013-08-10	"Sat"	"Evening"	"507"	5	0	7	12	"50"	"07"	5	7
"11722     Sat. Aug 10, 2013          5          5          5     "	11722	2013-08-10	"Sat"	"Midday"	"555"	5	5	5	15	"55"	"55"	10	10
"11721     Fri. Aug 09, 2013          4          2          4     "	11721	2013-08-09	"Fri"	"Evening"	"424"	4	2	4	10	"42"	"24"	6	6
"11720     Fri. Aug 09, 2013          0          6          8     "	11720	2013-08-09	"Fri"	"Midday"	"068"	0	6	8	14	"06"	"68"	6	14
"11719     Thu. Aug 08, 2013          7          3          1     "	11719	2013-08-08	"Thu"	"Evening"	"731"	7	3	1	11	"73"	"31"	10	4
"11718     Thu. Aug 08, 2013          7          3          9     "	11718	2013-08-08	"Thu"	"Midday"	"739"	7	3	9	19	"73"	"39"	10	12
"11717     Wed. Aug 07, 2013          2          0          1     "	11717	2013-08-07	"Wed"	"Evening"	"201"	2	0	1	3	"20"	"01"	2	1
"11716     Wed. Aug 07, 2013          3          8          6     "	11716	2013-08-07	"Wed"	"Midday"	"386"	3	8	6	17	"38"	"86"	11	14
"11715     Tue. Aug 06, 2013          1          2          9     "	11715	2013-08-06	"Tue"	"Evening"	"129"	1	2	9	12	"12"	"29"	3	11
"11714     Tue. Aug 06, 2013          0          3          3     "	11714	2013-08-06	"Tue"	"Midday"	"033"	0	3	3	6	"03"	"33"	3	6
"11713     Mon. Aug 05, 2013          7          5          2     "	11713	2013-08-05	"Mon"	"Evening"	"752"	7	5	2	14	"75"	"52"	12	7
"11712     Mon. Aug 05, 2013          0          7          8     "	11712	2013-08-05	"Mon"	"Midday"	"078"	0	7	8	15	"07"	"78"	7	15
"11711     Sun. Aug 04, 2013          5          7          8     "	11711	2013-08-04	"Sun"	"Evening"	"578"	5	7	8	20	"57"	"78"	12	15
"11710     Sun. Aug 04, 2013          5          7          6     "	11710	2013-08-04	"Sun"	"Midday"	"576"	5	7	6	18	"57"	"76"	12	13
"11709     Sat. Aug 03, 2013          0          2          8     "	11709	2013-08-03	"Sat"	"Evening"	"028"	0	2	8	10	"02"	"28"	2	10
"11708     Sat. Aug 03, 2013          4          8          6     "	11708	2013-08-03	"Sat"	"Midday"	"486"	4	8	6	18	"48"	"86"	12	14
"11707     Fri. Aug 02, 2013          0          8          8     "	11707	2013-08-02	"Fri"	"Evening"	"088"	0	8	8	16	"08"	"88"	8	16
"11706     Fri. Aug 02, 2013          8          4          0     "	11706	2013-08-02	"Fri"	"Midday"	"840"	8	4	0	12	"84"	"40"	12	4
"11705     Thu. Aug 01, 2013          7          7          9     "	11705	2013-08-01	"Thu"	"Evening"	"779"	7	7	9	23	"77"	"79"	14	16
"11704     Thu. Aug 01, 2013          0          3          1     "	11704	2013-08-01	"Thu"	"Midday"	"031"	0	3	1	4	"03"	"31"	3	4
"11703     Wed. Jul 31, 2013          2          0          6     "	11703	2013-07-31	"Wed"	"Evening"	"206"	2	0	6	8	"20"	"06"	2	6
"11702     Wed. Jul 31, 2013          9          9          2     "	11702	2013-07-31	"Wed"	"Midday"	"992"	9	9	2	20	"99"	"92"	18	11
"11701     Tue. Jul 30, 2013          6          1          3     "	11701	2013-07-30	"Tue"	"Evening"	"613"	6	1	3	10	"61"	"13"	7	4
"11700     Tue. Jul 30, 2013          0          2          0     "	11700	2013-07-30	"Tue"	"Midday"	"020"	0	2	0	2	"02"	"20"	2	2
"11699     Mon. Jul 29, 2013          6          4          3     "	11699	2013-07-29	"Mon"	"Evening"	"643"	6	4	3	13	"64"	"43"	10	7
"11698     Mon. Jul 29, 2013          5          2          1     "	11698	2013-07-29	"Mon"	"Midday"	"521"	5	2	1	8	"52"	"21"	7	3
"11697     Sun. Jul 28, 2013          1          2          8     "	11697	2013-07-28	"Sun"	"Evening"	"128"	1	2	8	11	"12"	"28"	3	10
"11696     Sun. Jul 28, 2013          7          8          3     "	11696	2013-07-28	"Sun"	"Midday"	"783"	7	8	3	18	"78"	"83"	15	11
"11695     Sat. Jul 27, 2013          5          5          5     "	11695	2013-07-27	"Sat"	"Evening"	"555"	5	5	5	15	"55"	"55"	10	10
"11694     Sat. Jul 27, 2013          4          7          1     "	11694	2013-07-27	"Sat"	"Midday"	"471"	4	7	1	12	"47"	"71"	11	8
"11693     Fri. Jul 26, 2013          6          1          4     "	11693	2013-07-26	"Fri"	"Evening"	"614"	6	1	4	11	"61"	"14"	7	5
"11692     Fri. Jul 26, 2013          9          5          7     "	11692	2013-07-26	"Fri"	"Midday"	"957"	9	5	7	21	"95"	"57"	14	12
"11691     Thu. Jul 25, 2013          1          6          3     "	11691	2013-07-25	"Thu"	"Evening"	"163"	1	6	3	10	"16"	"63"	7	9
"11690     Thu. Jul 25, 2013          1          5          7     "	11690	2013-07-25	"Thu"	"Midday"	"157"	1	5	7	13	"15"	"57"	6	12
"11689     Wed. Jul 24, 2013          0          3          8     "	11689	2013-07-24	"Wed"	"Evening"	"038"	0	3	8	11	"03"	"38"	3	11
"11688     Wed. Jul 24, 2013          7          8          2     "	11688	2013-07-24	"Wed"	"Midday"	"782"	7	8	2	17	"78"	"82"	15	10
"11687     Tue. Jul 23, 2013          7          6          2     "	11687	2013-07-23	"Tue"	"Evening"	"762"	7	6	2	15	"76"	"62"	13	8
"11686     Tue. Jul 23, 2013          1          5          9     "	11686	2013-07-23	"Tue"	"Midday"	"159"	1	5	9	15	"15"	"59"	6	14
"11685     Mon. Jul 22, 2013          5          7          7     "	11685	2013-07-22	"Mon"	"Evening"	"577"	5	7	7	19	"57"	"77"	12	14
"11684     Mon. Jul 22, 2013          5          0          2     "	11684	2013-07-22	"Mon"	"Midday"	"502"	5	0	2	7	"50"	"02"	5	2
"11683     Sun. Jul 21, 2013          9          7          1     "	11683	2013-07-21	"Sun"	"Evening"	"971"	9	7	1	17	"97"	"71"	16	8
"11682     Sun. Jul 21, 2013          9          2          2     "	11682	2013-07-21	"Sun"	"Midday"	"922"	9	2	2	13	"92"	"22"	11	4
"11681     Sat. Jul 20, 2013          2          1          5     "	11681	2013-07-20	"Sat"	"Evening"	"215"	2	1	5	8	"21"	"15"	3	6
"11680     Sat. Jul 20, 2013          9          3          0     "	11680	2013-07-20	"Sat"	"Midday"	"930"	9	3	0	12	"93"	"30"	12	3
"11679     Fri. Jul 19, 2013          0          7          5     "	11679	2013-07-19	"Fri"	"Evening"	"075"	0	7	5	12	"07"	"75"	7	12
"11678     Fri. Jul 19, 2013          8          0          6     "	11678	2013-07-19	"Fri"	"Midday"	"806"	8	0	6	14	"80"	"06"	8	6
"11677     Thu. Jul 18, 2013          5          1          9     "	11677	2013-07-18	"Thu"	"Evening"	"519"	5	1	9	15	"51"	"19"	6	10
"11676     Thu. Jul 18, 2013          3          4          1     "	11676	2013-07-18	"Thu"	"Midday"	"341"	3	4	1	8	"34"	"41"	7	5
"11675     Wed. Jul 17, 2013          2          5          9     "	11675	2013-07-17	"Wed"	"Evening"	"259"	2	5	9	16	"25"	"59"	7	14
"11674     Wed. Jul 17, 2013          2          0          3     "	11674	2013-07-17	"Wed"	"Midday"	"203"	2	0	3	5	"20"	"03"	2	3
"11673     Tue. Jul 16, 2013          5          5          8     "	11673	2013-07-16	"Tue"	"Evening"	"558"	5	5	8	18	"55"	"58"	10	13
"11672     Tue. Jul 16, 2013          6          0          3     "	11672	2013-07-16	"Tue"	"Midday"	"603"	6	0	3	9	"60"	"03"	6	3
"11671     Mon. Jul 15, 2013          2          5          4     "	11671	2013-07-15	"Mon"	"Evening"	"254"	2	5	4	11	"25"	"54"	7	9
"11670     Mon. Jul 15, 2013          3          9          9     "	11670	2013-07-15	"Mon"	"Midday"	"399"	3	9	9	21	"39"	"99"	12	18
"11669     Sun. Jul 14, 2013          2          0          2     "	11669	2013-07-14	"Sun"	"Evening"	"202"	2	0	2	4	"20"	"02"	2	2
"11668     Sun. Jul 14, 2013          7          9          8     "	11668	2013-07-14	"Sun"	"Midday"	"798"	7	9	8	24	"79"	"98"	16	17
"11667     Sat. Jul 13, 2013          6          7          7     "	11667	2013-07-13	"Sat"	"Evening"	"677"	6	7	7	20	"67"	"77"	13	14
"11666     Sat. Jul 13, 2013          0          0          8     "	11666	2013-07-13	"Sat"	"Midday"	"008"	0	0	8	8	"00"	"08"	0	8
"11665     Fri. Jul 12, 2013          4          4          2     "	11665	2013-07-12	"Fri"	"Evening"	"442"	4	4	2	10	"44"	"42"	8	6
"11664     Fri. Jul 12, 2013          8          6          9     "	11664	2013-07-12	"Fri"	"Midday"	"869"	8	6	9	23	"86"	"69"	14	15
"11663     Thu. Jul 11, 2013          0          1          4     "	11663	2013-07-11	"Thu"	"Evening"	"014"	0	1	4	5	"01"	"14"	1	5
"11662     Thu. Jul 11, 2013          4          0          2     "	11662	2013-07-11	"Thu"	"Midday"	"402"	4	0	2	6	"40"	"02"	4	2
"11661     Wed. Jul 10, 2013          1          8          0     "	11661	2013-07-10	"Wed"	"Evening"	"180"	1	8	0	9	"18"	"80"	9	8
"11660     Wed. Jul 10, 2013          6          0          7     "	11660	2013-07-10	"Wed"	"Midday"	"607"	6	0	7	13	"60"	"07"	6	7
"11659     Tue. Jul 09, 2013          8          8          5     "	11659	2013-07-09	"Tue"	"Evening"	"885"	8	8	5	21	"88"	"85"	16	13
"11658     Tue. Jul 09, 2013          5          8          1     "	11658	2013-07-09	"Tue"	"Midday"	"581"	5	8	1	14	"58"	"81"	13	9
"11657     Mon. Jul 08, 2013          8          2          4     "	11657	2013-07-08	"Mon"	"Evening"	"824"	8	2	4	14	"82"	"24"	10	6
"11656     Mon. Jul 08, 2013          5          5          4     "	11656	2013-07-08	"Mon"	"Midday"	"554"	5	5	4	14	"55"	"54"	10	9
"11655     Sun. Jul 07, 2013          9          6          5     "	11655	2013-07-07	"Sun"	"Evening"	"965"	9	6	5	20	"96"	"65"	15	11
"11654     Sun. Jul 07, 2013          1          3          2     "	11654	2013-07-07	"Sun"	"Midday"	"132"	1	3	2	6	"13"	"32"	4	5
"11653     Sat. Jul 06, 2013          5          1          8     "	11653	2013-07-06	"Sat"	"Evening"	"518"	5	1	8	14	"51"	"18"	6	9
"11652     Sat. Jul 06, 2013          7          9          6     "	11652	2013-07-06	"Sat"	"Midday"	"796"	7	9	6	22	"79"	"96"	16	15
"11651     Fri. Jul 05, 2013          2          9          9     "	11651	2013-07-05	"Fri"	"Evening"	"299"	2	9	9	20	"29"	"99"	11	18
"11650     Fri. Jul 05, 2013          3          0          3     "	11650	2013-07-05	"Fri"	"Midday"	"303"	3	0	3	6	"30"	"03"	3	3
"11649     Thu. Jul 04, 2013          1          6          1     "	11649	2013-07-04	"Thu"	"Evening"	"161"	1	6	1	8	"16"	"61"	7	7
"11648     Thu. Jul 04, 2013          3          2          6     "	11648	2013-07-04	"Thu"	"Midday"	"326"	3	2	6	11	"32"	"26"	5	8
"11647     Wed. Jul 03, 2013          4          9          9     "	11647	2013-07-03	"Wed"	"Evening"	"499"	4	9	9	22	"49"	"99"	13	18
"11646     Wed. Jul 03, 2013          9          3          4     "	11646	2013-07-03	"Wed"	"Midday"	"934"	9	3	4	16	"93"	"34"	12	7
"11645     Tue. Jul 02, 2013          9          4          0     "	11645	2013-07-02	"Tue"	"Evening"	"940"	9	4	0	13	"94"	"40"	13	4
"11644     Tue. Jul 02, 2013          1          7          1     "	11644	2013-07-02	"Tue"	"Midday"	"171"	1	7	1	9	"17"	"71"	8	8
"11643     Mon. Jul 01, 2013          5          0          1     "	11643	2013-07-01	"Mon"	"Evening"	"501"	5	0	1	6	"50"	"01"	5	1
"11642     Mon. Jul 01, 2013          2          3          8     "	11642	2013-07-01	"Mon"	"Midday"	"238"	2	3	8	13	"23"	"38"	5	11
"11641     Sun. Jun 30, 2013          0          0          2     "	11641	2013-06-30	"Sun"	"Evening"	"002"	0	0	2	2	"00"	"02"	0	2
"11640     Sun. Jun 30, 2013          5          3          7     "	11640	2013-06-30	"Sun"	"Midday"	"537"	5	3	7	15	"53"	"37"	8	10
"11639     Sat. Jun 29, 2013          6          8          4     "	11639	2013-06-29	"Sat"	"Evening"	"684"	6	8	4	18	"68"	"84"	14	12
"11638     Sat. Jun 29, 2013          2          5          0     "	11638	2013-06-29	"Sat"	"Midday"	"250"	2	5	0	7	"25"	"50"	7	5
"11637     Fri. Jun 28, 2013          7          7          0     "	11637	2013-06-28	"Fri"	"Evening"	"770"	7	7	0	14	"77"	"70"	14	7
"11636     Fri. Jun 28, 2013          9          2          1     "	11636	2013-06-28	"Fri"	"Midday"	"921"	9	2	1	12	"92"	"21"	11	3
"11635     Thu. Jun 27, 2013          2          5          2     "	11635	2013-06-27	"Thu"	"Evening"	"252"	2	5	2	9	"25"	"52"	7	7
"11634     Thu. Jun 27, 2013          8          5          8     "	11634	2013-06-27	"Thu"	"Midday"	"858"	8	5	8	21	"85"	"58"	13	13
"11633     Wed. Jun 26, 2013          0          3          2     "	11633	2013-06-26	"Wed"	"Evening"	"032"	0	3	2	5	"03"	"32"	3	5
"11632     Wed. Jun 26, 2013          8          7          1     "	11632	2013-06-26	"Wed"	"Midday"	"871"	8	7	1	16	"87"	"71"	15	8
"11631     Tue. Jun 25, 2013          3          6          2     "	11631	2013-06-25	"Tue"	"Evening"	"362"	3	6	2	11	"36"	"62"	9	8
"11630     Tue. Jun 25, 2013          1          1          8     "	11630	2013-06-25	"Tue"	"Midday"	"118"	1	1	8	10	"11"	"18"	2	9
"11629     Mon. Jun 24, 2013          8          5          7     "	11629	2013-06-24	"Mon"	"Evening"	"857"	8	5	7	20	"85"	"57"	13	12
"11628     Mon. Jun 24, 2013          7          3          0     "	11628	2013-06-24	"Mon"	"Midday"	"730"	7	3	0	10	"73"	"30"	10	3
"11627     Sun. Jun 23, 2013          7          1          6     "	11627	2013-06-23	"Sun"	"Evening"	"716"	7	1	6	14	"71"	"16"	8	7
"11626     Sun. Jun 23, 2013          8          8          5     "	11626	2013-06-23	"Sun"	"Midday"	"885"	8	8	5	21	"88"	"85"	16	13
"11625     Sat. Jun 22, 2013          8          9          4     "	11625	2013-06-22	"Sat"	"Evening"	"894"	8	9	4	21	"89"	"94"	17	13
"11624     Sat. Jun 22, 2013          5          0          2     "	11624	2013-06-22	"Sat"	"Midday"	"502"	5	0	2	7	"50"	"02"	5	2
"11623     Fri. Jun 21, 2013          9          0          7     "	11623	2013-06-21	"Fri"	"Evening"	"907"	9	0	7	16	"90"	"07"	9	7
"11622     Fri. Jun 21, 2013          0          7          9     "	11622	2013-06-21	"Fri"	"Midday"	"079"	0	7	9	16	"07"	"79"	7	16
"11621     Thu. Jun 20, 2013          5          6          4     "	11621	2013-06-20	"Thu"	"Evening"	"564"	5	6	4	15	"56"	"64"	11	10
"11620     Thu. Jun 20, 2013          4          8          3     "	11620	2013-06-20	"Thu"	"Midday"	"483"	4	8	3	15	"48"	"83"	12	11
"11619     Wed. Jun 19, 2013          7          9          3     "	11619	2013-06-19	"Wed"	"Evening"	"793"	7	9	3	19	"79"	"93"	16	12
"11618     Wed. Jun 19, 2013          2          1          4     "	11618	2013-06-19	"Wed"	"Midday"	"214"	2	1	4	7	"21"	"14"	3	5
"11617     Tue. Jun 18, 2013          0          4          1     "	11617	2013-06-18	"Tue"	"Evening"	"041"	0	4	1	5	"04"	"41"	4	5
"11616     Tue. Jun 18, 2013          3          5          8     "	11616	2013-06-18	"Tue"	"Midday"	"358"	3	5	8	16	"35"	"58"	8	13
"11615     Mon. Jun 17, 2013          9          2          8     "	11615	2013-06-17	"Mon"	"Evening"	"928"	9	2	8	19	"92"	"28"	11	10
"11614     Mon. Jun 17, 2013          3          2          8     "	11614	2013-06-17	"Mon"	"Midday"	"328"	3	2	8	13	"32"	"28"	5	10
"11613     Sun. Jun 16, 2013          4          8          9     "	11613	2013-06-16	"Sun"	"Evening"	"489"	4	8	9	21	"48"	"89"	12	17
"11612     Sun. Jun 16, 2013          9          9          9     "	11612	2013-06-16	"Sun"	"Midday"	"999"	9	9	9	27	"99"	"99"	18	18
"11611     Sat. Jun 15, 2013          6          4          1     "	11611	2013-06-15	"Sat"	"Evening"	"641"	6	4	1	11	"64"	"41"	10	5
"11610     Sat. Jun 15, 2013          8          1          7     "	11610	2013-06-15	"Sat"	"Midday"	"817"	8	1	7	16	"81"	"17"	9	8
"11609     Fri. Jun 14, 2013          8          0          7     "	11609	2013-06-14	"Fri"	"Evening"	"807"	8	0	7	15	"80"	"07"	8	7
"11608     Fri. Jun 14, 2013          7          4          2     "	11608	2013-06-14	"Fri"	"Midday"	"742"	7	4	2	13	"74"	"42"	11	6
"11607     Thu. Jun 13, 2013          2          7          9     "	11607	2013-06-13	"Thu"	"Evening"	"279"	2	7	9	18	"27"	"79"	9	16
"11606     Thu. Jun 13, 2013          3          1          3     "	11606	2013-06-13	"Thu"	"Midday"	"313"	3	1	3	7	"31"	"13"	4	4
"11605     Wed. Jun 12, 2013          7          7          8     "	11605	2013-06-12	"Wed"	"Evening"	"778"	7	7	8	22	"77"	"78"	14	15
"11604     Wed. Jun 12, 2013          2          0          7     "	11604	2013-06-12	"Wed"	"Midday"	"207"	2	0	7	9	"20"	"07"	2	7
"11603     Tue. Jun 11, 2013          1          7          3     "	11603	2013-06-11	"Tue"	"Evening"	"173"	1	7	3	11	"17"	"73"	8	10
"11602     Tue. Jun 11, 2013          5          5          8     "	11602	2013-06-11	"Tue"	"Midday"	"558"	5	5	8	18	"55"	"58"	10	13
"11601     Mon. Jun 10, 2013          6          5          6     "	11601	2013-06-10	"Mon"	"Evening"	"656"	6	5	6	17	"65"	"56"	11	11
"11600     Mon. Jun 10, 2013          5          4          1     "	11600	2013-06-10	"Mon"	"Midday"	"541"	5	4	1	10	"54"	"41"	9	5
"11599     Sun. Jun 09, 2013          7          0          5     "	11599	2013-06-09	"Sun"	"Evening"	"705"	7	0	5	12	"70"	"05"	7	5
"11598     Sun. Jun 09, 2013          8          3          6     "	11598	2013-06-09	"Sun"	"Midday"	"836"	8	3	6	17	"83"	"36"	11	9
"11597     Sat. Jun 08, 2013          2          5          0     "	11597	2013-06-08	"Sat"	"Evening"	"250"	2	5	0	7	"25"	"50"	7	5
"11596     Sat. Jun 08, 2013          6          6          7     "	11596	2013-06-08	"Sat"	"Midday"	"667"	6	6	7	19	"66"	"67"	12	13
"11595     Fri. Jun 07, 2013          6          6          3     "	11595	2013-06-07	"Fri"	"Evening"	"663"	6	6	3	15	"66"	"63"	12	9
"11594     Fri. Jun 07, 2013          8          3          7     "	11594	2013-06-07	"Fri"	"Midday"	"837"	8	3	7	18	"83"	"37"	11	10
"11593     Thu. Jun 06, 2013          2          2          3     "	11593	2013-06-06	"Thu"	"Evening"	"223"	2	2	3	7	"22"	"23"	4	5
"11592     Thu. Jun 06, 2013          5          8          3     "	11592	2013-06-06	"Thu"	"Midday"	"583"	5	8	3	16	"58"	"83"	13	11
"11591     Wed. Jun 05, 2013          2          8          0     "	11591	2013-06-05	"Wed"	"Evening"	"280"	2	8	0	10	"28"	"80"	10	8
"11590     Wed. Jun 05, 2013          7          8          7     "	11590	2013-06-05	"Wed"	"Midday"	"787"	7	8	7	22	"78"	"87"	15	15
"11589     Tue. Jun 04, 2013          6          3          8     "	11589	2013-06-04	"Tue"	"Evening"	"638"	6	3	8	17	"63"	"38"	9	11
"11588     Tue. Jun 04, 2013          0          3          9     "	11588	2013-06-04	"Tue"	"Midday"	"039"	0	3	9	12	"03"	"39"	3	12
"11587     Mon. Jun 03, 2013          6          0          2     "	11587	2013-06-03	"Mon"	"Evening"	"602"	6	0	2	8	"60"	"02"	6	2
"11586     Mon. Jun 03, 2013          3          1          2     "	11586	2013-06-03	"Mon"	"Midday"	"312"	3	1	2	6	"31"	"12"	4	3
"11585     Sun. Jun 02, 2013          3          5          0     "	11585	2013-06-02	"Sun"	"Evening"	"350"	3	5	0	8	"35"	"50"	8	5
"11584     Sun. Jun 02, 2013          8          0          4     "	11584	2013-06-02	"Sun"	"Midday"	"804"	8	0	4	12	"80"	"04"	8	4
"11583     Sat. Jun 01, 2013          4          3          9     "	11583	2013-06-01	"Sat"	"Evening"	"439"	4	3	9	16	"43"	"39"	7	12
"11582     Sat. Jun 01, 2013          6          3          5     "	11582	2013-06-01	"Sat"	"Midday"	"635"	6	3	5	14	"63"	"35"	9	8
"11581     Fri. May 31, 2013          3          4          1     "	11581	2013-05-31	"Fri"	"Evening"	"341"	3	4	1	8	"34"	"41"	7	5
"11580     Fri. May 31, 2013          7          1          5     "	11580	2013-05-31	"Fri"	"Midday"	"715"	7	1	5	13	"71"	"15"	8	6
"11579     Thu. May 30, 2013          5          6          6     "	11579	2013-05-30	"Thu"	"Evening"	"566"	5	6	6	17	"56"	"66"	11	12
"11578     Thu. May 30, 2013          3          1          2     "	11578	2013-05-30	"Thu"	"Midday"	"312"	3	1	2	6	"31"	"12"	4	3
"11577     Wed. May 29, 2013          4          5          0     "	11577	2013-05-29	"Wed"	"Evening"	"450"	4	5	0	9	"45"	"50"	9	5
"11576     Wed. May 29, 2013          3          3          3     "	11576	2013-05-29	"Wed"	"Midday"	"333"	3	3	3	9	"33"	"33"	6	6
"11575     Tue. May 28, 2013          6          7          9     "	11575	2013-05-28	"Tue"	"Evening"	"679"	6	7	9	22	"67"	"79"	13	16
"11574     Tue. May 28, 2013          4          2          8     "	11574	2013-05-28	"Tue"	"Midday"	"428"	4	2	8	14	"42"	"28"	6	10
"11573     Mon. May 27, 2013          5          5          1     "	11573	2013-05-27	"Mon"	"Evening"	"551"	5	5	1	11	"55"	"51"	10	6
"11572     Mon. May 27, 2013          7          2          9     "	11572	2013-05-27	"Mon"	"Midday"	"729"	7	2	9	18	"72"	"29"	9	11
"11571     Sun. May 26, 2013          6          8          9     "	11571	2013-05-26	"Sun"	"Evening"	"689"	6	8	9	23	"68"	"89"	14	17
"11570     Sun. May 26, 2013          4          6          9     "	11570	2013-05-26	"Sun"	"Midday"	"469"	4	6	9	19	"46"	"69"	10	15
"11569     Sat. May 25, 2013          0          1          1     "	11569	2013-05-25	"Sat"	"Evening"	"011"	0	1	1	2	"01"	"11"	1	2
"11568     Sat. May 25, 2013          0          6          6     "	11568	2013-05-25	"Sat"	"Midday"	"066"	0	6	6	12	"06"	"66"	6	12
"11567     Fri. May 24, 2013          9          1          2     "	11567	2013-05-24	"Fri"	"Evening"	"912"	9	1	2	12	"91"	"12"	10	3
"11566     Fri. May 24, 2013          5          0          8     "	11566	2013-05-24	"Fri"	"Midday"	"508"	5	0	8	13	"50"	"08"	5	8
"11565     Thu. May 23, 2013          9          4          0     "	11565	2013-05-23	"Thu"	"Evening"	"940"	9	4	0	13	"94"	"40"	13	4
"11564     Thu. May 23, 2013          7          3          3     "	11564	2013-05-23	"Thu"	"Midday"	"733"	7	3	3	13	"73"	"33"	10	6
"11563     Wed. May 22, 2013          0          3          5     "	11563	2013-05-22	"Wed"	"Evening"	"035"	0	3	5	8	"03"	"35"	3	8
"11562     Wed. May 22, 2013          5          8          3     "	11562	2013-05-22	"Wed"	"Midday"	"583"	5	8	3	16	"58"	"83"	13	11
"11561     Tue. May 21, 2013          8          6          5     "	11561	2013-05-21	"Tue"	"Evening"	"865"	8	6	5	19	"86"	"65"	14	11
"11560     Tue. May 21, 2013          1          7          5     "	11560	2013-05-21	"Tue"	"Midday"	"175"	1	7	5	13	"17"	"75"	8	12
"11559     Mon. May 20, 2013          8          4          7     "	11559	2013-05-20	"Mon"	"Evening"	"847"	8	4	7	19	"84"	"47"	12	11
"11558     Mon. May 20, 2013          3          3          9     "	11558	2013-05-20	"Mon"	"Midday"	"339"	3	3	9	15	"33"	"39"	6	12
"11557     Sun. May 19, 2013          3          6          4     "	11557	2013-05-19	"Sun"	"Evening"	"364"	3	6	4	13	"36"	"64"	9	10
"11556     Sun. May 19, 2013          3          2          8     "	11556	2013-05-19	"Sun"	"Midday"	"328"	3	2	8	13	"32"	"28"	5	10
"11555     Sat. May 18, 2013          8          1          0     "	11555	2013-05-18	"Sat"	"Evening"	"810"	8	1	0	9	"81"	"10"	9	1
"11554     Sat. May 18, 2013          0          1          0     "	11554	2013-05-18	"Sat"	"Midday"	"010"	0	1	0	1	"01"	"10"	1	1
"11553     Fri. May 17, 2013          3          5          6     "	11553	2013-05-17	"Fri"	"Evening"	"356"	3	5	6	14	"35"	"56"	8	11
"11552     Fri. May 17, 2013          6          5          2     "	11552	2013-05-17	"Fri"	"Midday"	"652"	6	5	2	13	"65"	"52"	11	7
"11551     Thu. May 16, 2013          8          4          2     "	11551	2013-05-16	"Thu"	"Evening"	"842"	8	4	2	14	"84"	"42"	12	6
"11550     Thu. May 16, 2013          6          7          9     "	11550	2013-05-16	"Thu"	"Midday"	"679"	6	7	9	22	"67"	"79"	13	16
"11549     Wed. May 15, 2013          4          3          8     "	11549	2013-05-15	"Wed"	"Evening"	"438"	4	3	8	15	"43"	"38"	7	11
"11548     Wed. May 15, 2013          2          3          2     "	11548	2013-05-15	"Wed"	"Midday"	"232"	2	3	2	7	"23"	"32"	5	5
"11547     Tue. May 14, 2013          4          1          1     "	11547	2013-05-14	"Tue"	"Evening"	"411"	4	1	1	6	"41"	"11"	5	2
"11546     Tue. May 14, 2013          1          0          8     "	11546	2013-05-14	"Tue"	"Midday"	"108"	1	0	8	9	"10"	"08"	1	8
"11545     Mon. May 13, 2013          8          4          8     "	11545	2013-05-13	"Mon"	"Evening"	"848"	8	4	8	20	"84"	"48"	12	12
"11544     Mon. May 13, 2013          5          4          7     "	11544	2013-05-13	"Mon"	"Midday"	"547"	5	4	7	16	"54"	"47"	9	11
"11543     Sun. May 12, 2013          9          7          6     "	11543	2013-05-12	"Sun"	"Evening"	"976"	9	7	6	22	"97"	"76"	16	13
"11542     Sun. May 12, 2013          0          2          1     "	11542	2013-05-12	"Sun"	"Midday"	"021"	0	2	1	3	"02"	"21"	2	3
"11541     Sat. May 11, 2013          9          2          2     "	11541	2013-05-11	"Sat"	"Evening"	"922"	9	2	2	13	"92"	"22"	11	4
"11540     Sat. May 11, 2013          1          7          1     "	11540	2013-05-11	"Sat"	"Midday"	"171"	1	7	1	9	"17"	"71"	8	8
"11539     Fri. May 10, 2013          7          3          7     "	11539	2013-05-10	"Fri"	"Evening"	"737"	7	3	7	17	"73"	"37"	10	10
"11538     Fri. May 10, 2013          2          0          4     "	11538	2013-05-10	"Fri"	"Midday"	"204"	2	0	4	6	"20"	"04"	2	4
"11537     Thu. May 09, 2013          3          8          7     "	11537	2013-05-09	"Thu"	"Evening"	"387"	3	8	7	18	"38"	"87"	11	15
"11536     Thu. May 09, 2013          3          5          7     "	11536	2013-05-09	"Thu"	"Midday"	"357"	3	5	7	15	"35"	"57"	8	12
"11535     Wed. May 08, 2013          4          3          8     "	11535	2013-05-08	"Wed"	"Evening"	"438"	4	3	8	15	"43"	"38"	7	11
"11534     Wed. May 08, 2013          3          9          0     "	11534	2013-05-08	"Wed"	"Midday"	"390"	3	9	0	12	"39"	"90"	12	9
"11533     Tue. May 07, 2013          5          7          9     "	11533	2013-05-07	"Tue"	"Evening"	"579"	5	7	9	21	"57"	"79"	12	16
"11532     Tue. May 07, 2013          3          6          8     "	11532	2013-05-07	"Tue"	"Midday"	"368"	3	6	8	17	"36"	"68"	9	14
"11531     Mon. May 06, 2013          4          2          8     "	11531	2013-05-06	"Mon"	"Evening"	"428"	4	2	8	14	"42"	"28"	6	10
"11530     Mon. May 06, 2013          1          8          7     "	11530	2013-05-06	"Mon"	"Midday"	"187"	1	8	7	16	"18"	"87"	9	15
"11529     Sun. May 05, 2013          3          7          9     "	11529	2013-05-05	"Sun"	"Evening"	"379"	3	7	9	19	"37"	"79"	10	16
"11528     Sun. May 05, 2013          2          5          7     "	11528	2013-05-05	"Sun"	"Midday"	"257"	2	5	7	14	"25"	"57"	7	12
"11527     Sat. May 04, 2013          5          9          4     "	11527	2013-05-04	"Sat"	"Evening"	"594"	5	9	4	18	"59"	"94"	14	13
"11526     Sat. May 04, 2013          1          7          7     "	11526	2013-05-04	"Sat"	"Midday"	"177"	1	7	7	15	"17"	"77"	8	14
"11525     Fri. May 03, 2013          0          8          8     "	11525	2013-05-03	"Fri"	"Evening"	"088"	0	8	8	16	"08"	"88"	8	16
"11524     Fri. May 03, 2013          1          0          3     "	11524	2013-05-03	"Fri"	"Midday"	"103"	1	0	3	4	"10"	"03"	1	3
"11523     Thu. May 02, 2013          5          6          2     "	11523	2013-05-02	"Thu"	"Evening"	"562"	5	6	2	13	"56"	"62"	11	8
"11522     Thu. May 02, 2013          7          3          2     "	11522	2013-05-02	"Thu"	"Midday"	"732"	7	3	2	12	"73"	"32"	10	5
"11521     Wed. May 01, 2013          1          4          1     "	11521	2013-05-01	"Wed"	"Evening"	"141"	1	4	1	6	"14"	"41"	5	5
"11520     Wed. May 01, 2013          1          3          3     "	11520	2013-05-01	"Wed"	"Midday"	"133"	1	3	3	7	"13"	"33"	4	6
"11519     Tue. Apr 30, 2013          8          3          4     "	11519	2013-04-30	"Tue"	"Evening"	"834"	8	3	4	15	"83"	"34"	11	7
"11518     Tue. Apr 30, 2013          8          0          9     "	11518	2013-04-30	"Tue"	"Midday"	"809"	8	0	9	17	"80"	"09"	8	9
"11517     Mon. Apr 29, 2013          0          2          7     "	11517	2013-04-29	"Mon"	"Evening"	"027"	0	2	7	9	"02"	"27"	2	9
"11516     Mon. Apr 29, 2013          5          5          1     "	11516	2013-04-29	"Mon"	"Midday"	"551"	5	5	1	11	"55"	"51"	10	6
"11515     Sun. Apr 28, 2013          6          8          5     "	11515	2013-04-28	"Sun"	"Evening"	"685"	6	8	5	19	"68"	"85"	14	13
"11514     Sun. Apr 28, 2013          5          4          5     "	11514	2013-04-28	"Sun"	"Midday"	"545"	5	4	5	14	"54"	"45"	9	9
"11513     Sat. Apr 27, 2013          9          6          2     "	11513	2013-04-27	"Sat"	"Evening"	"962"	9	6	2	17	"96"	"62"	15	8
"11512     Sat. Apr 27, 2013          0          2          8     "	11512	2013-04-27	"Sat"	"Midday"	"028"	0	2	8	10	"02"	"28"	2	10
"11511     Fri. Apr 26, 2013          9          9          0     "	11511	2013-04-26	"Fri"	"Evening"	"990"	9	9	0	18	"99"	"90"	18	9
"11510     Fri. Apr 26, 2013          1          5          7     "	11510	2013-04-26	"Fri"	"Midday"	"157"	1	5	7	13	"15"	"57"	6	12
"11509     Thu. Apr 25, 2013          1          2          9     "	11509	2013-04-25	"Thu"	"Evening"	"129"	1	2	9	12	"12"	"29"	3	11
"11508     Thu. Apr 25, 2013          9          6          6     "	11508	2013-04-25	"Thu"	"Midday"	"966"	9	6	6	21	"96"	"66"	15	12
"11507     Wed. Apr 24, 2013          9          7          9     "	11507	2013-04-24	"Wed"	"Evening"	"979"	9	7	9	25	"97"	"79"	16	16
"11506     Wed. Apr 24, 2013          7          0          5     "	11506	2013-04-24	"Wed"	"Midday"	"705"	7	0	5	12	"70"	"05"	7	5
"11505     Tue. Apr 23, 2013          4          2          2     "	11505	2013-04-23	"Tue"	"Evening"	"422"	4	2	2	8	"42"	"22"	6	4
"11504     Tue. Apr 23, 2013          8          2          8     "	11504	2013-04-23	"Tue"	"Midday"	"828"	8	2	8	18	"82"	"28"	10	10
"11503     Mon. Apr 22, 2013          0          4          5     "	11503	2013-04-22	"Mon"	"Evening"	"045"	0	4	5	9	"04"	"45"	4	9
"11502     Mon. Apr 22, 2013          0          6          9     "	11502	2013-04-22	"Mon"	"Midday"	"069"	0	6	9	15	"06"	"69"	6	15
"11501     Sun. Apr 21, 2013          4          7          2     "	11501	2013-04-21	"Sun"	"Evening"	"472"	4	7	2	13	"47"	"72"	11	9
"11500     Sun. Apr 21, 2013          9          3          6     "	11500	2013-04-21	"Sun"	"Midday"	"936"	9	3	6	18	"93"	"36"	12	9
"11499     Sat. Apr 20, 2013          6          6          6     "	11499	2013-04-20	"Sat"	"Evening"	"666"	6	6	6	18	"66"	"66"	12	12
"11498     Sat. Apr 20, 2013          8          1          3     "	11498	2013-04-20	"Sat"	"Midday"	"813"	8	1	3	12	"81"	"13"	9	4
"11497     Fri. Apr 19, 2013          6          3          8     "	11497	2013-04-19	"Fri"	"Evening"	"638"	6	3	8	17	"63"	"38"	9	11
"11496     Fri. Apr 19, 2013          8          9          8     "	11496	2013-04-19	"Fri"	"Midday"	"898"	8	9	8	25	"89"	"98"	17	17
"11495     Thu. Apr 18, 2013          0          1          5     "	11495	2013-04-18	"Thu"	"Evening"	"015"	0	1	5	6	"01"	"15"	1	6
"11494     Thu. Apr 18, 2013          3          2          8     "	11494	2013-04-18	"Thu"	"Midday"	"328"	3	2	8	13	"32"	"28"	5	10
"11493     Wed. Apr 17, 2013          7          1          0     "	11493	2013-04-17	"Wed"	"Evening"	"710"	7	1	0	8	"71"	"10"	8	1
"11492     Wed. Apr 17, 2013          9          5          3     "	11492	2013-04-17	"Wed"	"Midday"	"953"	9	5	3	17	"95"	"53"	14	8
"11491     Tue. Apr 16, 2013          7          4          5     "	11491	2013-04-16	"Tue"	"Evening"	"745"	7	4	5	16	"74"	"45"	11	9
"11490     Tue. Apr 16, 2013          8          3          2     "	11490	2013-04-16	"Tue"	"Midday"	"832"	8	3	2	13	"83"	"32"	11	5
"11489     Mon. Apr 15, 2013          8          2          5     "	11489	2013-04-15	"Mon"	"Evening"	"825"	8	2	5	15	"82"	"25"	10	7
"11488     Mon. Apr 15, 2013          1          0          8     "	11488	2013-04-15	"Mon"	"Midday"	"108"	1	0	8	9	"10"	"08"	1	8
"11487     Sun. Apr 14, 2013          0          9          5     "	11487	2013-04-14	"Sun"	"Evening"	"095"	0	9	5	14	"09"	"95"	9	14
"11486     Sun. Apr 14, 2013          1          3          0     "	11486	2013-04-14	"Sun"	"Midday"	"130"	1	3	0	4	"13"	"30"	4	3
"11485     Sat. Apr 13, 2013          4          3          4     "	11485	2013-04-13	"Sat"	"Evening"	"434"	4	3	4	11	"43"	"34"	7	7
"11484     Sat. Apr 13, 2013          4          4          7     "	11484	2013-04-13	"Sat"	"Midday"	"447"	4	4	7	15	"44"	"47"	8	11
"11483     Fri. Apr 12, 2013          4          1          4     "	11483	2013-04-12	"Fri"	"Evening"	"414"	4	1	4	9	"41"	"14"	5	5
"11482     Fri. Apr 12, 2013          5          2          0     "	11482	2013-04-12	"Fri"	"Midday"	"520"	5	2	0	7	"52"	"20"	7	2
"11481     Thu. Apr 11, 2013          1          7          4     "	11481	2013-04-11	"Thu"	"Evening"	"174"	1	7	4	12	"17"	"74"	8	11
"11480     Thu. Apr 11, 2013          3          7          2     "	11480	2013-04-11	"Thu"	"Midday"	"372"	3	7	2	12	"37"	"72"	10	9
"11479     Wed. Apr 10, 2013          4          0          4     "	11479	2013-04-10	"Wed"	"Evening"	"404"	4	0	4	8	"40"	"04"	4	4
"11478     Wed. Apr 10, 2013          6          6          1     "	11478	2013-04-10	"Wed"	"Midday"	"661"	6	6	1	13	"66"	"61"	12	7
"11477     Tue. Apr 09, 2013          1          8          7     "	11477	2013-04-09	"Tue"	"Evening"	"187"	1	8	7	16	"18"	"87"	9	15
"11476     Tue. Apr 09, 2013          1          0          4     "	11476	2013-04-09	"Tue"	"Midday"	"104"	1	0	4	5	"10"	"04"	1	4
"11475     Mon. Apr 08, 2013          1          1          9     "	11475	2013-04-08	"Mon"	"Evening"	"119"	1	1	9	11	"11"	"19"	2	10
"11474     Mon. Apr 08, 2013          4          0          4     "	11474	2013-04-08	"Mon"	"Midday"	"404"	4	0	4	8	"40"	"04"	4	4
"11473     Sun. Apr 07, 2013          1          4          9     "	11473	2013-04-07	"Sun"	"Evening"	"149"	1	4	9	14	"14"	"49"	5	13
"11472     Sun. Apr 07, 2013          5          0          4     "	11472	2013-04-07	"Sun"	"Midday"	"504"	5	0	4	9	"50"	"04"	5	4
"11471     Sat. Apr 06, 2013          5          0          7     "	11471	2013-04-06	"Sat"	"Evening"	"507"	5	0	7	12	"50"	"07"	5	7
"11470     Sat. Apr 06, 2013          2          3          2     "	11470	2013-04-06	"Sat"	"Midday"	"232"	2	3	2	7	"23"	"32"	5	5
"11469     Fri. Apr 05, 2013          7          3          9     "	11469	2013-04-05	"Fri"	"Evening"	"739"	7	3	9	19	"73"	"39"	10	12
"11468     Fri. Apr 05, 2013          2          4          1     "	11468	2013-04-05	"Fri"	"Midday"	"241"	2	4	1	7	"24"	"41"	6	5
"11467     Thu. Apr 04, 2013          2          0          7     "	11467	2013-04-04	"Thu"	"Evening"	"207"	2	0	7	9	"20"	"07"	2	7
"11466     Thu. Apr 04, 2013          6          7          8     "	11466	2013-04-04	"Thu"	"Midday"	"678"	6	7	8	21	"67"	"78"	13	15
"11465     Wed. Apr 03, 2013          0          6          0     "	11465	2013-04-03	"Wed"	"Evening"	"060"	0	6	0	6	"06"	"60"	6	6
"11464     Wed. Apr 03, 2013          9          0          7     "	11464	2013-04-03	"Wed"	"Midday"	"907"	9	0	7	16	"90"	"07"	9	7
"11463     Tue. Apr 02, 2013          6          7          4     "	11463	2013-04-02	"Tue"	"Evening"	"674"	6	7	4	17	"67"	"74"	13	11
"11462     Tue. Apr 02, 2013          4          3          2     "	11462	2013-04-02	"Tue"	"Midday"	"432"	4	3	2	9	"43"	"32"	7	5
"11461     Mon. Apr 01, 2013          7          6          8     "	11461	2013-04-01	"Mon"	"Evening"	"768"	7	6	8	21	"76"	"68"	13	14
"11460     Mon. Apr 01, 2013          9          6          2     "	11460	2013-04-01	"Mon"	"Midday"	"962"	9	6	2	17	"96"	"62"	15	8
"11459     Sun. Mar 31, 2013          9          0          1     "	11459	2013-03-31	"Sun"	"Evening"	"901"	9	0	1	10	"90"	"01"	9	1
"11458     Sun. Mar 31, 2013          8          6          8     "	11458	2013-03-31	"Sun"	"Midday"	"868"	8	6	8	22	"86"	"68"	14	14
"11457     Sat. Mar 30, 2013          2          6          2     "	11457	2013-03-30	"Sat"	"Evening"	"262"	2	6	2	10	"26"	"62"	8	8
"11456     Sat. Mar 30, 2013          6          2          1     "	11456	2013-03-30	"Sat"	"Midday"	"621"	6	2	1	9	"62"	"21"	8	3
"11455     Fri. Mar 29, 2013          9          9          4     "	11455	2013-03-29	"Fri"	"Evening"	"994"	9	9	4	22	"99"	"94"	18	13
"11454     Fri. Mar 29, 2013          5          6          1     "	11454	2013-03-29	"Fri"	"Midday"	"561"	5	6	1	12	"56"	"61"	11	7
"11453     Thu. Mar 28, 2013          2          6          1     "	11453	2013-03-28	"Thu"	"Evening"	"261"	2	6	1	9	"26"	"61"	8	7
"11452     Thu. Mar 28, 2013          0          8          3     "	11452	2013-03-28	"Thu"	"Midday"	"083"	0	8	3	11	"08"	"83"	8	11
"11451     Wed. Mar 27, 2013          0          9          6     "	11451	2013-03-27	"Wed"	"Evening"	"096"	0	9	6	15	"09"	"96"	9	15
"11450     Wed. Mar 27, 2013          2          0          6     "	11450	2013-03-27	"Wed"	"Midday"	"206"	2	0	6	8	"20"	"06"	2	6
"11449     Tue. Mar 26, 2013          2          6          3     "	11449	2013-03-26	"Tue"	"Evening"	"263"	2	6	3	11	"26"	"63"	8	9
"11448     Tue. Mar 26, 2013          9          2          9     "	11448	2013-03-26	"Tue"	"Midday"	"929"	9	2	9	20	"92"	"29"	11	11
"11447     Mon. Mar 25, 2013          6          6          2     "	11447	2013-03-25	"Mon"	"Evening"	"662"	6	6	2	14	"66"	"62"	12	8
"11446     Mon. Mar 25, 2013          1          9          4     "	11446	2013-03-25	"Mon"	"Midday"	"194"	1	9	4	14	"19"	"94"	10	13
"11445     Sun. Mar 24, 2013          5          3          1     "	11445	2013-03-24	"Sun"	"Evening"	"531"	5	3	1	9	"53"	"31"	8	4
"11444     Sun. Mar 24, 2013          0          6          8     "	11444	2013-03-24	"Sun"	"Midday"	"068"	0	6	8	14	"06"	"68"	6	14
"11443     Sat. Mar 23, 2013          2          3          5     "	11443	2013-03-23	"Sat"	"Evening"	"235"	2	3	5	10	"23"	"35"	5	8
"11442     Sat. Mar 23, 2013          3          6          6     "	11442	2013-03-23	"Sat"	"Midday"	"366"	3	6	6	15	"36"	"66"	9	12
"11441     Fri. Mar 22, 2013          3          9          5     "	11441	2013-03-22	"Fri"	"Evening"	"395"	3	9	5	17	"39"	"95"	12	14
"11440     Fri. Mar 22, 2013          9          7          2     "	11440	2013-03-22	"Fri"	"Midday"	"972"	9	7	2	18	"97"	"72"	16	9
"11439     Thu. Mar 21, 2013          6          5          4     "	11439	2013-03-21	"Thu"	"Evening"	"654"	6	5	4	15	"65"	"54"	11	9
"11438     Thu. Mar 21, 2013          6          4          9     "	11438	2013-03-21	"Thu"	"Midday"	"649"	6	4	9	19	"64"	"49"	10	13
"11437     Wed. Mar 20, 2013          9          7          3     "	11437	2013-03-20	"Wed"	"Evening"	"973"	9	7	3	19	"97"	"73"	16	10
"11436     Wed. Mar 20, 2013          9          1          6     "	11436	2013-03-20	"Wed"	"Midday"	"916"	9	1	6	16	"91"	"16"	10	7
"11435     Tue. Mar 19, 2013          8          4          3     "	11435	2013-03-19	"Tue"	"Evening"	"843"	8	4	3	15	"84"	"43"	12	7
"11434     Tue. Mar 19, 2013          4          9          4     "	11434	2013-03-19	"Tue"	"Midday"	"494"	4	9	4	17	"49"	"94"	13	13
"11433     Mon. Mar 18, 2013          8          8          6     "	11433	2013-03-18	"Mon"	"Evening"	"886"	8	8	6	22	"88"	"86"	16	14
"11432     Mon. Mar 18, 2013          3          2          3     "	11432	2013-03-18	"Mon"	"Midday"	"323"	3	2	3	8	"32"	"23"	5	5
"11431     Sun. Mar 17, 2013          1          4          1     "	11431	2013-03-17	"Sun"	"Evening"	"141"	1	4	1	6	"14"	"41"	5	5
"11430     Sun. Mar 17, 2013          9          6          2     "	11430	2013-03-17	"Sun"	"Midday"	"962"	9	6	2	17	"96"	"62"	15	8
"11429     Sat. Mar 16, 2013          5          8          9     "	11429	2013-03-16	"Sat"	"Evening"	"589"	5	8	9	22	"58"	"89"	13	17
"11428     Sat. Mar 16, 2013          1          0          0     "	11428	2013-03-16	"Sat"	"Midday"	"100"	1	0	0	1	"10"	"00"	1	0
"11427     Fri. Mar 15, 2013          9          5          1     "	11427	2013-03-15	"Fri"	"Evening"	"951"	9	5	1	15	"95"	"51"	14	6
"11426     Fri. Mar 15, 2013          3          2          9     "	11426	2013-03-15	"Fri"	"Midday"	"329"	3	2	9	14	"32"	"29"	5	11
"11425     Thu. Mar 14, 2013          6          9          3     "	11425	2013-03-14	"Thu"	"Evening"	"693"	6	9	3	18	"69"	"93"	15	12
"11424     Thu. Mar 14, 2013          0          6          7     "	11424	2013-03-14	"Thu"	"Midday"	"067"	0	6	7	13	"06"	"67"	6	13
"11423     Wed. Mar 13, 2013          6          0          3     "	11423	2013-03-13	"Wed"	"Evening"	"603"	6	0	3	9	"60"	"03"	6	3
"11422     Wed. Mar 13, 2013          7          9          9     "	11422	2013-03-13	"Wed"	"Midday"	"799"	7	9	9	25	"79"	"99"	16	18
"11421     Tue. Mar 12, 2013          7          4          6     "	11421	2013-03-12	"Tue"	"Evening"	"746"	7	4	6	17	"74"	"46"	11	10
"11420     Tue. Mar 12, 2013          1          9          4     "	11420	2013-03-12	"Tue"	"Midday"	"194"	1	9	4	14	"19"	"94"	10	13
"11419     Mon. Mar 11, 2013          8          5          7     "	11419	2013-03-11	"Mon"	"Evening"	"857"	8	5	7	20	"85"	"57"	13	12
"11418     Mon. Mar 11, 2013          4          4          4     "	11418	2013-03-11	"Mon"	"Midday"	"444"	4	4	4	12	"44"	"44"	8	8
"11417     Sun. Mar 10, 2013          5          4          9     "	11417	2013-03-10	"Sun"	"Evening"	"549"	5	4	9	18	"54"	"49"	9	13
"11416     Sun. Mar 10, 2013          6          3          8     "	11416	2013-03-10	"Sun"	"Midday"	"638"	6	3	8	17	"63"	"38"	9	11
"11415     Sat. Mar 09, 2013          6          7          7     "	11415	2013-03-09	"Sat"	"Evening"	"677"	6	7	7	20	"67"	"77"	13	14
"11414     Sat. Mar 09, 2013          4          4          3     "	11414	2013-03-09	"Sat"	"Midday"	"443"	4	4	3	11	"44"	"43"	8	7
"11413     Fri. Mar 08, 2013          7          9          5     "	11413	2013-03-08	"Fri"	"Evening"	"795"	7	9	5	21	"79"	"95"	16	14
"11412     Fri. Mar 08, 2013          5          4          4     "	11412	2013-03-08	"Fri"	"Midday"	"544"	5	4	4	13	"54"	"44"	9	8
"11411     Thu. Mar 07, 2013          5          8          2     "	11411	2013-03-07	"Thu"	"Evening"	"582"	5	8	2	15	"58"	"82"	13	10
"11410     Thu. Mar 07, 2013          8          2          3     "	11410	2013-03-07	"Thu"	"Midday"	"823"	8	2	3	13	"82"	"23"	10	5
"11409     Wed. Mar 06, 2013          7          7          3     "	11409	2013-03-06	"Wed"	"Evening"	"773"	7	7	3	17	"77"	"73"	14	10
"11408     Wed. Mar 06, 2013          0          8          8     "	11408	2013-03-06	"Wed"	"Midday"	"088"	0	8	8	16	"08"	"88"	8	16
"11407     Tue. Mar 05, 2013          8          0          1     "	11407	2013-03-05	"Tue"	"Evening"	"801"	8	0	1	9	"80"	"01"	8	1
"11406     Tue. Mar 05, 2013          6          0          0     "	11406	2013-03-05	"Tue"	"Midday"	"600"	6	0	0	6	"60"	"00"	6	0
"11405     Mon. Mar 04, 2013          4          1          5     "	11405	2013-03-04	"Mon"	"Evening"	"415"	4	1	5	10	"41"	"15"	5	6
"11404     Mon. Mar 04, 2013          9          7          6     "	11404	2013-03-04	"Mon"	"Midday"	"976"	9	7	6	22	"97"	"76"	16	13
"11403     Sun. Mar 03, 2013          3          5          5     "	11403	2013-03-03	"Sun"	"Evening"	"355"	3	5	5	13	"35"	"55"	8	10
"11402     Sun. Mar 03, 2013          1          8          9     "	11402	2013-03-03	"Sun"	"Midday"	"189"	1	8	9	18	"18"	"89"	9	17
"11401     Sat. Mar 02, 2013          3          0          0     "	11401	2013-03-02	"Sat"	"Evening"	"300"	3	0	0	3	"30"	"00"	3	0
"11400     Sat. Mar 02, 2013          3          9          7     "	11400	2013-03-02	"Sat"	"Midday"	"397"	3	9	7	19	"39"	"97"	12	16
"11399     Fri. Mar 01, 2013          1          3          7     "	11399	2013-03-01	"Fri"	"Evening"	"137"	1	3	7	11	"13"	"37"	4	10
"11398     Fri. Mar 01, 2013          6          3          7     "	11398	2013-03-01	"Fri"	"Midday"	"637"	6	3	7	16	"63"	"37"	9	10
"11397     Thu. Feb 28, 2013          5          5          0     "	11397	2013-02-28	"Thu"	"Evening"	"550"	5	5	0	10	"55"	"50"	10	5
"11396     Thu. Feb 28, 2013          5          8          6     "	11396	2013-02-28	"Thu"	"Midday"	"586"	5	8	6	19	"58"	"86"	13	14
"11395     Wed. Feb 27, 2013          9          2          5     "	11395	2013-02-27	"Wed"	"Evening"	"925"	9	2	5	16	"92"	"25"	11	7
"11394     Wed. Feb 27, 2013          0          5          8     "	11394	2013-02-27	"Wed"	"Midday"	"058"	0	5	8	13	"05"	"58"	5	13
"11393     Tue. Feb 26, 2013          5          3          2     "	11393	2013-02-26	"Tue"	"Evening"	"532"	5	3	2	10	"53"	"32"	8	5
"11392     Tue. Feb 26, 2013          2          2          5     "	11392	2013-02-26	"Tue"	"Midday"	"225"	2	2	5	9	"22"	"25"	4	7
"11391     Mon. Feb 25, 2013          5          2          1     "	11391	2013-02-25	"Mon"	"Evening"	"521"	5	2	1	8	"52"	"21"	7	3
"11390     Mon. Feb 25, 2013          4          0          0     "	11390	2013-02-25	"Mon"	"Midday"	"400"	4	0	0	4	"40"	"00"	4	0
"11389     Sun. Feb 24, 2013          6          2          7     "	11389	2013-02-24	"Sun"	"Evening"	"627"	6	2	7	15	"62"	"27"	8	9
"11388     Sun. Feb 24, 2013          3          9          4     "	11388	2013-02-24	"Sun"	"Midday"	"394"	3	9	4	16	"39"	"94"	12	13
"11387     Sat. Feb 23, 2013          4          8          4     "	11387	2013-02-23	"Sat"	"Evening"	"484"	4	8	4	16	"48"	"84"	12	12
"11386     Sat. Feb 23, 2013          2          1          8     "	11386	2013-02-23	"Sat"	"Midday"	"218"	2	1	8	11	"21"	"18"	3	9
"11385     Fri. Feb 22, 2013          0          7          6     "	11385	2013-02-22	"Fri"	"Evening"	"076"	0	7	6	13	"07"	"76"	7	13
"11384     Fri. Feb 22, 2013          4          1          1     "	11384	2013-02-22	"Fri"	"Midday"	"411"	4	1	1	6	"41"	"11"	5	2
"11383     Thu. Feb 21, 2013          3          8          3     "	11383	2013-02-21	"Thu"	"Evening"	"383"	3	8	3	14	"38"	"83"	11	11
"11382     Thu. Feb 21, 2013          6          5          0     "	11382	2013-02-21	"Thu"	"Midday"	"650"	6	5	0	11	"65"	"50"	11	5
"11381     Wed. Feb 20, 2013          0          3          5     "	11381	2013-02-20	"Wed"	"Evening"	"035"	0	3	5	8	"03"	"35"	3	8
"11380     Wed. Feb 20, 2013          2          2          8     "	11380	2013-02-20	"Wed"	"Midday"	"228"	2	2	8	12	"22"	"28"	4	10
"11379     Tue. Feb 19, 2013          0          1          8     "	11379	2013-02-19	"Tue"	"Evening"	"018"	0	1	8	9	"01"	"18"	1	9
"11378     Tue. Feb 19, 2013          7          3          1     "	11378	2013-02-19	"Tue"	"Midday"	"731"	7	3	1	11	"73"	"31"	10	4
"11377     Mon. Feb 18, 2013          1          7          9     "	11377	2013-02-18	"Mon"	"Evening"	"179"	1	7	9	17	"17"	"79"	8	16
"11376     Mon. Feb 18, 2013          1          8          6     "	11376	2013-02-18	"Mon"	"Midday"	"186"	1	8	6	15	"18"	"86"	9	14
"11375     Sun. Feb 17, 2013          3          7          4     "	11375	2013-02-17	"Sun"	"Evening"	"374"	3	7	4	14	"37"	"74"	10	11
"11374     Sun. Feb 17, 2013          9          5          8     "	11374	2013-02-17	"Sun"	"Midday"	"958"	9	5	8	22	"95"	"58"	14	13
"11373     Sat. Feb 16, 2013          6          4          5     "	11373	2013-02-16	"Sat"	"Evening"	"645"	6	4	5	15	"64"	"45"	10	9
"11372     Sat. Feb 16, 2013          5          4          6     "	11372	2013-02-16	"Sat"	"Midday"	"546"	5	4	6	15	"54"	"46"	9	10
"11371     Fri. Feb 15, 2013          0          8          6     "	11371	2013-02-15	"Fri"	"Evening"	"086"	0	8	6	14	"08"	"86"	8	14
"11370     Fri. Feb 15, 2013          3          3          5     "	11370	2013-02-15	"Fri"	"Midday"	"335"	3	3	5	11	"33"	"35"	6	8
"11369     Thu. Feb 14, 2013          5          6          1     "	11369	2013-02-14	"Thu"	"Evening"	"561"	5	6	1	12	"56"	"61"	11	7
"11368     Thu. Feb 14, 2013          8          6          4     "	11368	2013-02-14	"Thu"	"Midday"	"864"	8	6	4	18	"86"	"64"	14	10
"11367     Wed. Feb 13, 2013          4          9          3     "	11367	2013-02-13	"Wed"	"Evening"	"493"	4	9	3	16	"49"	"93"	13	12
"11366     Wed. Feb 13, 2013          0          6          9     "	11366	2013-02-13	"Wed"	"Midday"	"069"	0	6	9	15	"06"	"69"	6	15
"11365     Tue. Feb 12, 2013          0          5          4     "	11365	2013-02-12	"Tue"	"Evening"	"054"	0	5	4	9	"05"	"54"	5	9
"11364     Tue. Feb 12, 2013          4          9          2     "	11364	2013-02-12	"Tue"	"Midday"	"492"	4	9	2	15	"49"	"92"	13	11
"11363     Mon. Feb 11, 2013          0          1          5     "	11363	2013-02-11	"Mon"	"Evening"	"015"	0	1	5	6	"01"	"15"	1	6
"11362     Mon. Feb 11, 2013          0          9          9     "	11362	2013-02-11	"Mon"	"Midday"	"099"	0	9	9	18	"09"	"99"	9	18
"11361     Sun. Feb 10, 2013          4          9          2     "	11361	2013-02-10	"Sun"	"Evening"	"492"	4	9	2	15	"49"	"92"	13	11
"11360     Sun. Feb 10, 2013          4          5          5     "	11360	2013-02-10	"Sun"	"Midday"	"455"	4	5	5	14	"45"	"55"	9	10
"11359     Sat. Feb 09, 2013          7          0          2     "	11359	2013-02-09	"Sat"	"Evening"	"702"	7	0	2	9	"70"	"02"	7	2
"11358     Sat. Feb 09, 2013          3          5          3     "	11358	2013-02-09	"Sat"	"Midday"	"353"	3	5	3	11	"35"	"53"	8	8
"11357     Fri. Feb 08, 2013          2          6          7     "	11357	2013-02-08	"Fri"	"Evening"	"267"	2	6	7	15	"26"	"67"	8	13
"11356     Fri. Feb 08, 2013          6          1          4     "	11356	2013-02-08	"Fri"	"Midday"	"614"	6	1	4	11	"61"	"14"	7	5
"11355     Thu. Feb 07, 2013          0          9          2     "	11355	2013-02-07	"Thu"	"Evening"	"092"	0	9	2	11	"09"	"92"	9	11
"11354     Thu. Feb 07, 2013          8          4          5     "	11354	2013-02-07	"Thu"	"Midday"	"845"	8	4	5	17	"84"	"45"	12	9
"11353     Wed. Feb 06, 2013          0          7          7     "	11353	2013-02-06	"Wed"	"Evening"	"077"	0	7	7	14	"07"	"77"	7	14
"11352     Wed. Feb 06, 2013          2          8          9     "	11352	2013-02-06	"Wed"	"Midday"	"289"	2	8	9	19	"28"	"89"	10	17
"11351     Tue. Feb 05, 2013          4          0          9     "	11351	2013-02-05	"Tue"	"Evening"	"409"	4	0	9	13	"40"	"09"	4	9
"11350     Tue. Feb 05, 2013          8          8          7     "	11350	2013-02-05	"Tue"	"Midday"	"887"	8	8	7	23	"88"	"87"	16	15
"11349     Mon. Feb 04, 2013          9          2          9     "	11349	2013-02-04	"Mon"	"Evening"	"929"	9	2	9	20	"92"	"29"	11	11
"11348     Mon. Feb 04, 2013          6          3          9     "	11348	2013-02-04	"Mon"	"Midday"	"639"	6	3	9	18	"63"	"39"	9	12
"11347     Sun. Feb 03, 2013          7          5          4     "	11347	2013-02-03	"Sun"	"Evening"	"754"	7	5	4	16	"75"	"54"	12	9
"11346     Sun. Feb 03, 2013          2          8          3     "	11346	2013-02-03	"Sun"	"Midday"	"283"	2	8	3	13	"28"	"83"	10	11
"11345     Sat. Feb 02, 2013          7          1          4     "	11345	2013-02-02	"Sat"	"Evening"	"714"	7	1	4	12	"71"	"14"	8	5
"11344     Sat. Feb 02, 2013          9          9          4     "	11344	2013-02-02	"Sat"	"Midday"	"994"	9	9	4	22	"99"	"94"	18	13
"11343     Fri. Feb 01, 2013          2          8          9     "	11343	2013-02-01	"Fri"	"Evening"	"289"	2	8	9	19	"28"	"89"	10	17
"11342     Fri. Feb 01, 2013          7          4          7     "	11342	2013-02-01	"Fri"	"Midday"	"747"	7	4	7	18	"74"	"47"	11	11
"11341     Thu. Jan 31, 2013          0          3          6     "	11341	2013-01-31	"Thu"	"Evening"	"036"	0	3	6	9	"03"	"36"	3	9
"11340     Thu. Jan 31, 2013          3          4          2     "	11340	2013-01-31	"Thu"	"Midday"	"342"	3	4	2	9	"34"	"42"	7	6
"11339     Wed. Jan 30, 2013          0          1          9     "	11339	2013-01-30	"Wed"	"Evening"	"019"	0	1	9	10	"01"	"19"	1	10
"11338     Wed. Jan 30, 2013          3          4          6     "	11338	2013-01-30	"Wed"	"Midday"	"346"	3	4	6	13	"34"	"46"	7	10
"11337     Tue. Jan 29, 2013          9          5          8     "	11337	2013-01-29	"Tue"	"Evening"	"958"	9	5	8	22	"95"	"58"	14	13
"11336     Tue. Jan 29, 2013          6          2          3     "	11336	2013-01-29	"Tue"	"Midday"	"623"	6	2	3	11	"62"	"23"	8	5
"11335     Mon. Jan 28, 2013          7          7          5     "	11335	2013-01-28	"Mon"	"Evening"	"775"	7	7	5	19	"77"	"75"	14	12
"11334     Mon. Jan 28, 2013          1          9          6     "	11334	2013-01-28	"Mon"	"Midday"	"196"	1	9	6	16	"19"	"96"	10	15
"11333     Sun. Jan 27, 2013          7          8          4     "	11333	2013-01-27	"Sun"	"Evening"	"784"	7	8	4	19	"78"	"84"	15	12
"11332     Sun. Jan 27, 2013          0          5          5     "	11332	2013-01-27	"Sun"	"Midday"	"055"	0	5	5	10	"05"	"55"	5	10
"11331     Sat. Jan 26, 2013          8          9          4     "	11331	2013-01-26	"Sat"	"Evening"	"894"	8	9	4	21	"89"	"94"	17	13
"11330     Sat. Jan 26, 2013          1          8          3     "	11330	2013-01-26	"Sat"	"Midday"	"183"	1	8	3	12	"18"	"83"	9	11
"11329     Fri. Jan 25, 2013          8          9          0     "	11329	2013-01-25	"Fri"	"Evening"	"890"	8	9	0	17	"89"	"90"	17	9
"11328     Fri. Jan 25, 2013          9          3          7     "	11328	2013-01-25	"Fri"	"Midday"	"937"	9	3	7	19	"93"	"37"	12	10
"11327     Thu. Jan 24, 2013          2          7          8     "	11327	2013-01-24	"Thu"	"Evening"	"278"	2	7	8	17	"27"	"78"	9	15
"11326     Thu. Jan 24, 2013          4          3          1     "	11326	2013-01-24	"Thu"	"Midday"	"431"	4	3	1	8	"43"	"31"	7	4
"11325     Wed. Jan 23, 2013          2          6          9     "	11325	2013-01-23	"Wed"	"Evening"	"269"	2	6	9	17	"26"	"69"	8	15
"11324     Wed. Jan 23, 2013          5          5          0     "	11324	2013-01-23	"Wed"	"Midday"	"550"	5	5	0	10	"55"	"50"	10	5
"11323     Tue. Jan 22, 2013          8          1          0     "	11323	2013-01-22	"Tue"	"Evening"	"810"	8	1	0	9	"81"	"10"	9	1
"11322     Tue. Jan 22, 2013          1          2          1     "	11322	2013-01-22	"Tue"	"Midday"	"121"	1	2	1	4	"12"	"21"	3	3
"11321     Mon. Jan 21, 2013          7          7          2     "	11321	2013-01-21	"Mon"	"Evening"	"772"	7	7	2	16	"77"	"72"	14	9
"11320     Mon. Jan 21, 2013          6          0          4     "	11320	2013-01-21	"Mon"	"Midday"	"604"	6	0	4	10	"60"	"04"	6	4
"11319     Sun. Jan 20, 2013          9          4          1     "	11319	2013-01-20	"Sun"	"Evening"	"941"	9	4	1	14	"94"	"41"	13	5
"11318     Sun. Jan 20, 2013          8          8          0     "	11318	2013-01-20	"Sun"	"Midday"	"880"	8	8	0	16	"88"	"80"	16	8
"11317     Sat. Jan 19, 2013          5          7          4     "	11317	2013-01-19	"Sat"	"Evening"	"574"	5	7	4	16	"57"	"74"	12	11
"11316     Sat. Jan 19, 2013          5          8          6     "	11316	2013-01-19	"Sat"	"Midday"	"586"	5	8	6	19	"58"	"86"	13	14
"11315     Fri. Jan 18, 2013          7          9          7     "	11315	2013-01-18	"Fri"	"Evening"	"797"	7	9	7	23	"79"	"97"	16	16
"11314     Fri. Jan 18, 2013          3          3          8     "	11314	2013-01-18	"Fri"	"Midday"	"338"	3	3	8	14	"33"	"38"	6	11
"11313     Thu. Jan 17, 2013          6          3          1     "	11313	2013-01-17	"Thu"	"Evening"	"631"	6	3	1	10	"63"	"31"	9	4
"11312     Thu. Jan 17, 2013          6          8          0     "	11312	2013-01-17	"Thu"	"Midday"	"680"	6	8	0	14	"68"	"80"	14	8
"11311     Wed. Jan 16, 2013          3          8          6     "	11311	2013-01-16	"Wed"	"Evening"	"386"	3	8	6	17	"38"	"86"	11	14
"11310     Wed. Jan 16, 2013          0          4          3     "	11310	2013-01-16	"Wed"	"Midday"	"043"	0	4	3	7	"04"	"43"	4	7
"11309     Tue. Jan 15, 2013          9          3          2     "	11309	2013-01-15	"Tue"	"Evening"	"932"	9	3	2	14	"93"	"32"	12	5
"11308     Tue. Jan 15, 2013          8          6          6     "	11308	2013-01-15	"Tue"	"Midday"	"866"	8	6	6	20	"86"	"66"	14	12
"11307     Mon. Jan 14, 2013          4          2          2     "	11307	2013-01-14	"Mon"	"Evening"	"422"	4	2	2	8	"42"	"22"	6	4
"11306     Mon. Jan 14, 2013          0          2          7     "	11306	2013-01-14	"Mon"	"Midday"	"027"	0	2	7	9	"02"	"27"	2	9
"11305     Sun. Jan 13, 2013          9          5          6     "	11305	2013-01-13	"Sun"	"Evening"	"956"	9	5	6	20	"95"	"56"	14	11
"11304     Sun. Jan 13, 2013          3          6          1     "	11304	2013-01-13	"Sun"	"Midday"	"361"	3	6	1	10	"36"	"61"	9	7
"11303     Sat. Jan 12, 2013          2          8          5     "	11303	2013-01-12	"Sat"	"Evening"	"285"	2	8	5	15	"28"	"85"	10	13
"11302     Sat. Jan 12, 2013          2          1          0     "	11302	2013-01-12	"Sat"	"Midday"	"210"	2	1	0	3	"21"	"10"	3	1
"11301     Fri. Jan 11, 2013          3          9          1     "	11301	2013-01-11	"Fri"	"Evening"	"391"	3	9	1	13	"39"	"91"	12	10
"11300     Fri. Jan 11, 2013          1          7          0     "	11300	2013-01-11	"Fri"	"Midday"	"170"	1	7	0	8	"17"	"70"	8	7
"11299     Thu. Jan 10, 2013          1          5          6     "	11299	2013-01-10	"Thu"	"Evening"	"156"	1	5	6	12	"15"	"56"	6	11
"11298     Thu. Jan 10, 2013          4          3          6     "	11298	2013-01-10	"Thu"	"Midday"	"436"	4	3	6	13	"43"	"36"	7	9
"11297     Wed. Jan 09, 2013          5          9          7     "	11297	2013-01-09	"Wed"	"Evening"	"597"	5	9	7	21	"59"	"97"	14	16
"11296     Wed. Jan 09, 2013          1          5          6     "	11296	2013-01-09	"Wed"	"Midday"	"156"	1	5	6	12	"15"	"56"	6	11
"11295     Tue. Jan 08, 2013          6          6          9     "	11295	2013-01-08	"Tue"	"Evening"	"669"	6	6	9	21	"66"	"69"	12	15
"11294     Tue. Jan 08, 2013          5          7          7     "	11294	2013-01-08	"Tue"	"Midday"	"577"	5	7	7	19	"57"	"77"	12	14
"11293     Mon. Jan 07, 2013          7          5          3     "	11293	2013-01-07	"Mon"	"Evening"	"753"	7	5	3	15	"75"	"53"	12	8
"11292     Mon. Jan 07, 2013          2          3          5     "	11292	2013-01-07	"Mon"	"Midday"	"235"	2	3	5	10	"23"	"35"	5	8
"11291     Sun. Jan 06, 2013          5          3          1     "	11291	2013-01-06	"Sun"	"Evening"	"531"	5	3	1	9	"53"	"31"	8	4
"11290     Sun. Jan 06, 2013          9          6          4     "	11290	2013-01-06	"Sun"	"Midday"	"964"	9	6	4	19	"96"	"64"	15	10
"11289     Sat. Jan 05, 2013          8          4          9     "	11289	2013-01-05	"Sat"	"Evening"	"849"	8	4	9	21	"84"	"49"	12	13
"11288     Sat. Jan 05, 2013          9          8          4     "	11288	2013-01-05	"Sat"	"Midday"	"984"	9	8	4	21	"98"	"84"	17	12
"11287     Fri. Jan 04, 2013          3          4          7     "	11287	2013-01-04	"Fri"	"Evening"	"347"	3	4	7	14	"34"	"47"	7	11
"11286     Fri. Jan 04, 2013          3          9          3     "	11286	2013-01-04	"Fri"	"Midday"	"393"	3	9	3	15	"39"	"93"	12	12
"11285     Thu. Jan 03, 2013          4          4          9     "	11285	2013-01-03	"Thu"	"Evening"	"449"	4	4	9	17	"44"	"49"	8	13
"11284     Thu. Jan 03, 2013          8          5          0     "	11284	2013-01-03	"Thu"	"Midday"	"850"	8	5	0	13	"85"	"50"	13	5
"11283     Wed. Jan 02, 2013          4          5          3     "	11283	2013-01-02	"Wed"	"Evening"	"453"	4	5	3	12	"45"	"53"	9	8
"11282     Wed. Jan 02, 2013          1          9          0     "	11282	2013-01-02	"Wed"	"Midday"	"190"	1	9	0	10	"19"	"90"	10	9
"11281     Tue. Jan 01, 2013          7          6          2     "	11281	2013-01-01	"Tue"	"Evening"	"762"	7	6	2	15	"76"	"62"	13	8
"11280     Tue. Jan 01, 2013          7          1          1     "	11280	2013-01-01	"Tue"	"Midday"	"711"	7	1	1	9	"71"	"11"	8	2
"11279     Mon. Dec 31, 2012          5          3          5     "	11279	2012-12-31	"Mon"	"Evening"	"535"	5	3	5	13	"53"	"35"	8	8
"11278     Mon. Dec 31, 2012          8          5          5     "	11278	2012-12-31	"Mon"	"Midday"	"855"	8	5	5	18	"85"	"55"	13	10
"11277     Sun. Dec 30, 2012          5          4          7     "	11277	2012-12-30	"Sun"	"Evening"	"547"	5	4	7	16	"54"	"47"	9	11
"11276     Sun. Dec 30, 2012          0          6          3     "	11276	2012-12-30	"Sun"	"Midday"	"063"	0	6	3	9	"06"	"63"	6	9
"11275     Sat. Dec 29, 2012          7          8          1     "	11275	2012-12-29	"Sat"	"Evening"	"781"	7	8	1	16	"78"	"81"	15	9
"11274     Sat. Dec 29, 2012          7          7          9     "	11274	2012-12-29	"Sat"	"Midday"	"779"	7	7	9	23	"77"	"79"	14	16
"11273     Fri. Dec 28, 2012          9          1          3     "	11273	2012-12-28	"Fri"	"Evening"	"913"	9	1	3	13	"91"	"13"	10	4
"11272     Fri. Dec 28, 2012          2          3          7     "	11272	2012-12-28	"Fri"	"Midday"	"237"	2	3	7	12	"23"	"37"	5	10
"11271     Thu. Dec 27, 2012          1          4          4     "	11271	2012-12-27	"Thu"	"Evening"	"144"	1	4	4	9	"14"	"44"	5	8
"11270     Thu. Dec 27, 2012          7          9          0     "	11270	2012-12-27	"Thu"	"Midday"	"790"	7	9	0	16	"79"	"90"	16	9
"11269     Wed. Dec 26, 2012          8          9          9     "	11269	2012-12-26	"Wed"	"Evening"	"899"	8	9	9	26	"89"	"99"	17	18
"11268     Wed. Dec 26, 2012          9          5          9     "	11268	2012-12-26	"Wed"	"Midday"	"959"	9	5	9	23	"95"	"59"	14	14
"11267     Tue. Dec 25, 2012          7          0          4     "	11267	2012-12-25	"Tue"	"Evening"	"704"	7	0	4	11	"70"	"04"	7	4
"11266     Tue. Dec 25, 2012          7          5          8     "	11266	2012-12-25	"Tue"	"Midday"	"758"	7	5	8	20	"75"	"58"	12	13
"11265     Mon. Dec 24, 2012          4          5          2     "	11265	2012-12-24	"Mon"	"Evening"	"452"	4	5	2	11	"45"	"52"	9	7
"11264     Mon. Dec 24, 2012          9          9          3     "	11264	2012-12-24	"Mon"	"Midday"	"993"	9	9	3	21	"99"	"93"	18	12
"11263     Sun. Dec 23, 2012          8          4          2     "	11263	2012-12-23	"Sun"	"Evening"	"842"	8	4	2	14	"84"	"42"	12	6
"11262     Sun. Dec 23, 2012          9          4          1     "	11262	2012-12-23	"Sun"	"Midday"	"941"	9	4	1	14	"94"	"41"	13	5
"11261     Sat. Dec 22, 2012          4          3          3     "	11261	2012-12-22	"Sat"	"Evening"	"433"	4	3	3	10	"43"	"33"	7	6
"11260     Sat. Dec 22, 2012          7          3          7     "	11260	2012-12-22	"Sat"	"Midday"	"737"	7	3	7	17	"73"	"37"	10	10
"11259     Fri. Dec 21, 2012          9          9          6     "	11259	2012-12-21	"Fri"	"Evening"	"996"	9	9	6	24	"99"	"96"	18	15
"11258     Fri. Dec 21, 2012          7          5          1     "	11258	2012-12-21	"Fri"	"Midday"	"751"	7	5	1	13	"75"	"51"	12	6
"11257     Thu. Dec 20, 2012          4          6          0     "	11257	2012-12-20	"Thu"	"Evening"	"460"	4	6	0	10	"46"	"60"	10	6
"11256     Thu. Dec 20, 2012          0          2          5     "	11256	2012-12-20	"Thu"	"Midday"	"025"	0	2	5	7	"02"	"25"	2	7
"11255     Wed. Dec 19, 2012          9          1          9     "	11255	2012-12-19	"Wed"	"Evening"	"919"	9	1	9	19	"91"	"19"	10	10
"11254     Wed. Dec 19, 2012          8          9          5     "	11254	2012-12-19	"Wed"	"Midday"	"895"	8	9	5	22	"89"	"95"	17	14
"11253     Tue. Dec 18, 2012          2          5          9     "	11253	2012-12-18	"Tue"	"Evening"	"259"	2	5	9	16	"25"	"59"	7	14
"11252     Tue. Dec 18, 2012          3          7          7     "	11252	2012-12-18	"Tue"	"Midday"	"377"	3	7	7	17	"37"	"77"	10	14
"11251     Mon. Dec 17, 2012          2          3          9     "	11251	2012-12-17	"Mon"	"Evening"	"239"	2	3	9	14	"23"	"39"	5	12
"11250     Mon. Dec 17, 2012          3          7          5     "	11250	2012-12-17	"Mon"	"Midday"	"375"	3	7	5	15	"37"	"75"	10	12
"11249     Sun. Dec 16, 2012          9          4          7     "	11249	2012-12-16	"Sun"	"Evening"	"947"	9	4	7	20	"94"	"47"	13	11
"11248     Sun. Dec 16, 2012          0          9          6     "	11248	2012-12-16	"Sun"	"Midday"	"096"	0	9	6	15	"09"	"96"	9	15
"11247     Sat. Dec 15, 2012          1          3          8     "	11247	2012-12-15	"Sat"	"Evening"	"138"	1	3	8	12	"13"	"38"	4	11
"11246     Sat. Dec 15, 2012          0          3          7     "	11246	2012-12-15	"Sat"	"Midday"	"037"	0	3	7	10	"03"	"37"	3	10
"11245     Fri. Dec 14, 2012          3          7          0     "	11245	2012-12-14	"Fri"	"Evening"	"370"	3	7	0	10	"37"	"70"	10	7
"11244     Fri. Dec 14, 2012          4          7          2     "	11244	2012-12-14	"Fri"	"Midday"	"472"	4	7	2	13	"47"	"72"	11	9
"11243     Thu. Dec 13, 2012          1          7          0     "	11243	2012-12-13	"Thu"	"Evening"	"170"	1	7	0	8	"17"	"70"	8	7
"11242     Thu. Dec 13, 2012          1          8          9     "	11242	2012-12-13	"Thu"	"Midday"	"189"	1	8	9	18	"18"	"89"	9	17
"11241     Wed. Dec 12, 2012          0          7          7     "	11241	2012-12-12	"Wed"	"Evening"	"077"	0	7	7	14	"07"	"77"	7	14
"11240     Wed. Dec 12, 2012          0          4          4     "	11240	2012-12-12	"Wed"	"Midday"	"044"	0	4	4	8	"04"	"44"	4	8
"11239     Tue. Dec 11, 2012          1          1          0     "	11239	2012-12-11	"Tue"	"Evening"	"110"	1	1	0	2	"11"	"10"	2	1
"11238     Tue. Dec 11, 2012          2          4          7     "	11238	2012-12-11	"Tue"	"Midday"	"247"	2	4	7	13	"24"	"47"	6	11
"11237     Mon. Dec 10, 2012          1          4          8     "	11237	2012-12-10	"Mon"	"Evening"	"148"	1	4	8	13	"14"	"48"	5	12
"11236     Mon. Dec 10, 2012          9          7          7     "	11236	2012-12-10	"Mon"	"Midday"	"977"	9	7	7	23	"97"	"77"	16	14
"11235     Sun. Dec 09, 2012          8          7          9     "	11235	2012-12-09	"Sun"	"Evening"	"879"	8	7	9	24	"87"	"79"	15	16
"11234     Sun. Dec 09, 2012          5          3          6     "	11234	2012-12-09	"Sun"	"Midday"	"536"	5	3	6	14	"53"	"36"	8	9
"11233     Sat. Dec 08, 2012          4          2          4     "	11233	2012-12-08	"Sat"	"Evening"	"424"	4	2	4	10	"42"	"24"	6	6
"11232     Sat. Dec 08, 2012          0          5          9     "	11232	2012-12-08	"Sat"	"Midday"	"059"	0	5	9	14	"05"	"59"	5	14
"11231     Fri. Dec 07, 2012          6          7          1     "	11231	2012-12-07	"Fri"	"Evening"	"671"	6	7	1	14	"67"	"71"	13	8
"11230     Fri. Dec 07, 2012          7          5          5     "	11230	2012-12-07	"Fri"	"Midday"	"755"	7	5	5	17	"75"	"55"	12	10
"11229     Thu. Dec 06, 2012          6          8          4     "	11229	2012-12-06	"Thu"	"Evening"	"684"	6	8	4	18	"68"	"84"	14	12
"11228     Thu. Dec 06, 2012          9          9          8     "	11228	2012-12-06	"Thu"	"Midday"	"998"	9	9	8	26	"99"	"98"	18	17
"11227     Wed. Dec 05, 2012          4          2          4     "	11227	2012-12-05	"Wed"	"Evening"	"424"	4	2	4	10	"42"	"24"	6	6
"11226     Wed. Dec 05, 2012          8          9          1     "	11226	2012-12-05	"Wed"	"Midday"	"891"	8	9	1	18	"89"	"91"	17	10
"11225     Tue. Dec 04, 2012          0          8          7     "	11225	2012-12-04	"Tue"	"Evening"	"087"	0	8	7	15	"08"	"87"	8	15
"11224     Tue. Dec 04, 2012          6          3          0     "	11224	2012-12-04	"Tue"	"Midday"	"630"	6	3	0	9	"63"	"30"	9	3
"11223     Mon. Dec 03, 2012          4          7          3     "	11223	2012-12-03	"Mon"	"Evening"	"473"	4	7	3	14	"47"	"73"	11	10
"11222     Mon. Dec 03, 2012          3          8          4     "	11222	2012-12-03	"Mon"	"Midday"	"384"	3	8	4	15	"38"	"84"	11	12
"11221     Sun. Dec 02, 2012          8          2          3     "	11221	2012-12-02	"Sun"	"Evening"	"823"	8	2	3	13	"82"	"23"	10	5
"11220     Sun. Dec 02, 2012          7          7          3     "	11220	2012-12-02	"Sun"	"Midday"	"773"	7	7	3	17	"77"	"73"	14	10
"11219     Sat. Dec 01, 2012          0          7          9     "	11219	2012-12-01	"Sat"	"Evening"	"079"	0	7	9	16	"07"	"79"	7	16
"11218     Sat. Dec 01, 2012          3          8          2     "	11218	2012-12-01	"Sat"	"Midday"	"382"	3	8	2	13	"38"	"82"	11	10
"11217     Fri. Nov 30, 2012          3          4          2     "	11217	2012-11-30	"Fri"	"Evening"	"342"	3	4	2	9	"34"	"42"	7	6
"11216     Fri. Nov 30, 2012          4          5          4     "	11216	2012-11-30	"Fri"	"Midday"	"454"	4	5	4	13	"45"	"54"	9	9
"11215     Thu. Nov 29, 2012          0          0          7     "	11215	2012-11-29	"Thu"	"Evening"	"007"	0	0	7	7	"00"	"07"	0	7
"11214     Thu. Nov 29, 2012          6          7          1     "	11214	2012-11-29	"Thu"	"Midday"	"671"	6	7	1	14	"67"	"71"	13	8
"11213     Wed. Nov 28, 2012          4          2          8     "	11213	2012-11-28	"Wed"	"Evening"	"428"	4	2	8	14	"42"	"28"	6	10
"11212     Wed. Nov 28, 2012          6          1          1     "	11212	2012-11-28	"Wed"	"Midday"	"611"	6	1	1	8	"61"	"11"	7	2
"11211     Tue. Nov 27, 2012          3          2          0     "	11211	2012-11-27	"Tue"	"Evening"	"320"	3	2	0	5	"32"	"20"	5	2
"11210     Tue. Nov 27, 2012          3          0          4     "	11210	2012-11-27	"Tue"	"Midday"	"304"	3	0	4	7	"30"	"04"	3	4
"11209     Mon. Nov 26, 2012          0          5          6     "	11209	2012-11-26	"Mon"	"Evening"	"056"	0	5	6	11	"05"	"56"	5	11
"11208     Mon. Nov 26, 2012          9          6          3     "	11208	2012-11-26	"Mon"	"Midday"	"963"	9	6	3	18	"96"	"63"	15	9
"11207     Sun. Nov 25, 2012          3          2          7     "	11207	2012-11-25	"Sun"	"Evening"	"327"	3	2	7	12	"32"	"27"	5	9
"11206     Sun. Nov 25, 2012          7          6          6     "	11206	2012-11-25	"Sun"	"Midday"	"766"	7	6	6	19	"76"	"66"	13	12
"11205     Sat. Nov 24, 2012          5          8          7     "	11205	2012-11-24	"Sat"	"Evening"	"587"	5	8	7	20	"58"	"87"	13	15
"11204     Sat. Nov 24, 2012          3          7          7     "	11204	2012-11-24	"Sat"	"Midday"	"377"	3	7	7	17	"37"	"77"	10	14
"11203     Fri. Nov 23, 2012          8          2          2     "	11203	2012-11-23	"Fri"	"Evening"	"822"	8	2	2	12	"82"	"22"	10	4
"11202     Fri. Nov 23, 2012          2          1          7     "	11202	2012-11-23	"Fri"	"Midday"	"217"	2	1	7	10	"21"	"17"	3	8
"11201     Thu. Nov 22, 2012          9          2          4     "	11201	2012-11-22	"Thu"	"Evening"	"924"	9	2	4	15	"92"	"24"	11	6
"11200     Thu. Nov 22, 2012          8          3          9     "	11200	2012-11-22	"Thu"	"Midday"	"839"	8	3	9	20	"83"	"39"	11	12
"11199     Wed. Nov 21, 2012          0          8          0     "	11199	2012-11-21	"Wed"	"Evening"	"080"	0	8	0	8	"08"	"80"	8	8
"11198     Wed. Nov 21, 2012          5          4          0     "	11198	2012-11-21	"Wed"	"Midday"	"540"	5	4	0	9	"54"	"40"	9	4
"11197     Tue. Nov 20, 2012          7          5          8     "	11197	2012-11-20	"Tue"	"Evening"	"758"	7	5	8	20	"75"	"58"	12	13
"11196     Tue. Nov 20, 2012          9          3          7     "	11196	2012-11-20	"Tue"	"Midday"	"937"	9	3	7	19	"93"	"37"	12	10
"11195     Mon. Nov 19, 2012          7          3          2     "	11195	2012-11-19	"Mon"	"Evening"	"732"	7	3	2	12	"73"	"32"	10	5
"11194     Mon. Nov 19, 2012          0          0          8     "	11194	2012-11-19	"Mon"	"Midday"	"008"	0	0	8	8	"00"	"08"	0	8
"11193     Sun. Nov 18, 2012          4          8          7     "	11193	2012-11-18	"Sun"	"Evening"	"487"	4	8	7	19	"48"	"87"	12	15
"11192     Sun. Nov 18, 2012          0          5          2     "	11192	2012-11-18	"Sun"	"Midday"	"052"	0	5	2	7	"05"	"52"	5	7
"11191     Sat. Nov 17, 2012          9          3          7     "	11191	2012-11-17	"Sat"	"Evening"	"937"	9	3	7	19	"93"	"37"	12	10
"11190     Sat. Nov 17, 2012          1          1          9     "	11190	2012-11-17	"Sat"	"Midday"	"119"	1	1	9	11	"11"	"19"	2	10
"11189     Fri. Nov 16, 2012          0          8          8     "	11189	2012-11-16	"Fri"	"Evening"	"088"	0	8	8	16	"08"	"88"	8	16
"11188     Fri. Nov 16, 2012          1          4          5     "	11188	2012-11-16	"Fri"	"Midday"	"145"	1	4	5	10	"14"	"45"	5	9
"11187     Thu. Nov 15, 2012          6          2          8     "	11187	2012-11-15	"Thu"	"Evening"	"628"	6	2	8	16	"62"	"28"	8	10
"11186     Thu. Nov 15, 2012          3          9          9     "	11186	2012-11-15	"Thu"	"Midday"	"399"	3	9	9	21	"39"	"99"	12	18
"11185     Wed. Nov 14, 2012          3          7          3     "	11185	2012-11-14	"Wed"	"Evening"	"373"	3	7	3	13	"37"	"73"	10	10
"11184     Wed. Nov 14, 2012          4          6          8     "	11184	2012-11-14	"Wed"	"Midday"	"468"	4	6	8	18	"46"	"68"	10	14
"11183     Tue. Nov 13, 2012          8          3          5     "	11183	2012-11-13	"Tue"	"Evening"	"835"	8	3	5	16	"83"	"35"	11	8
"11182     Tue. Nov 13, 2012          2          5          8     "	11182	2012-11-13	"Tue"	"Midday"	"258"	2	5	8	15	"25"	"58"	7	13
"11181     Mon. Nov 12, 2012          7          5          0     "	11181	2012-11-12	"Mon"	"Evening"	"750"	7	5	0	12	"75"	"50"	12	5
"11180     Mon. Nov 12, 2012          0          1          5     "	11180	2012-11-12	"Mon"	"Midday"	"015"	0	1	5	6	"01"	"15"	1	6
"11179     Sun. Nov 11, 2012          5          8          0     "	11179	2012-11-11	"Sun"	"Evening"	"580"	5	8	0	13	"58"	"80"	13	8
"11178     Sun. Nov 11, 2012          8          2          4     "	11178	2012-11-11	"Sun"	"Midday"	"824"	8	2	4	14	"82"	"24"	10	6
"11177     Sat. Nov 10, 2012          3          3          9     "	11177	2012-11-10	"Sat"	"Evening"	"339"	3	3	9	15	"33"	"39"	6	12
"11176     Sat. Nov 10, 2012          9          9          0     "	11176	2012-11-10	"Sat"	"Midday"	"990"	9	9	0	18	"99"	"90"	18	9
"11175     Fri. Nov 09, 2012          3          0          0     "	11175	2012-11-09	"Fri"	"Evening"	"300"	3	0	0	3	"30"	"00"	3	0
"11174     Fri. Nov 09, 2012          5          6          2     "	11174	2012-11-09	"Fri"	"Midday"	"562"	5	6	2	13	"56"	"62"	11	8
"11173     Thu. Nov 08, 2012          8          5          9     "	11173	2012-11-08	"Thu"	"Evening"	"859"	8	5	9	22	"85"	"59"	13	14
"11172     Thu. Nov 08, 2012          2          7          5     "	11172	2012-11-08	"Thu"	"Midday"	"275"	2	7	5	14	"27"	"75"	9	12
"11171     Wed. Nov 07, 2012          0          7          0     "	11171	2012-11-07	"Wed"	"Evening"	"070"	0	7	0	7	"07"	"70"	7	7
"11170     Wed. Nov 07, 2012          2          9          6     "	11170	2012-11-07	"Wed"	"Midday"	"296"	2	9	6	17	"29"	"96"	11	15
"11169     Tue. Nov 06, 2012          1          1          7     "	11169	2012-11-06	"Tue"	"Evening"	"117"	1	1	7	9	"11"	"17"	2	8
"11168     Tue. Nov 06, 2012          7          5          2     "	11168	2012-11-06	"Tue"	"Midday"	"752"	7	5	2	14	"75"	"52"	12	7
"11167     Mon. Nov 05, 2012          0          9          6     "	11167	2012-11-05	"Mon"	"Evening"	"096"	0	9	6	15	"09"	"96"	9	15
"11166     Mon. Nov 05, 2012          3          7          5     "	11166	2012-11-05	"Mon"	"Midday"	"375"	3	7	5	15	"37"	"75"	10	12
"11165     Sun. Nov 04, 2012          5          5          6     "	11165	2012-11-04	"Sun"	"Evening"	"556"	5	5	6	16	"55"	"56"	10	11
"11164     Sun. Nov 04, 2012          9          9          5     "	11164	2012-11-04	"Sun"	"Midday"	"995"	9	9	5	23	"99"	"95"	18	14
"11163     Sat. Nov 03, 2012          3          4          7     "	11163	2012-11-03	"Sat"	"Evening"	"347"	3	4	7	14	"34"	"47"	7	11
"11162     Sat. Nov 03, 2012          6          1          7     "	11162	2012-11-03	"Sat"	"Midday"	"617"	6	1	7	14	"61"	"17"	7	8
"11161     Fri. Nov 02, 2012          1          0          5     "	11161	2012-11-02	"Fri"	"Evening"	"105"	1	0	5	6	"10"	"05"	1	5
"11160     Fri. Nov 02, 2012          5          5          1     "	11160	2012-11-02	"Fri"	"Midday"	"551"	5	5	1	11	"55"	"51"	10	6
"11159     Thu. Nov 01, 2012          6          6          2     "	11159	2012-11-01	"Thu"	"Evening"	"662"	6	6	2	14	"66"	"62"	12	8
"11158     Thu. Nov 01, 2012          0          2          4     "	11158	2012-11-01	"Thu"	"Midday"	"024"	0	2	4	6	"02"	"24"	2	6
"11157     Wed. Oct 31, 2012          4          6          6     "	11157	2012-10-31	"Wed"	"Evening"	"466"	4	6	6	16	"46"	"66"	10	12
"11156     Wed. Oct 31, 2012          2          4          1     "	11156	2012-10-31	"Wed"	"Midday"	"241"	2	4	1	7	"24"	"41"	6	5
"11155     Tue. Oct 30, 2012          0          9          8     "	11155	2012-10-30	"Tue"	"Evening"	"098"	0	9	8	17	"09"	"98"	9	17
"11154     Tue. Oct 30, 2012          0          2          5     "	11154	2012-10-30	"Tue"	"Midday"	"025"	0	2	5	7	"02"	"25"	2	7
"11153     Mon. Oct 29, 2012          9          5          6     "	11153	2012-10-29	"Mon"	"Evening"	"956"	9	5	6	20	"95"	"56"	14	11
"11152     Mon. Oct 29, 2012          8          5          7     "	11152	2012-10-29	"Mon"	"Midday"	"857"	8	5	7	20	"85"	"57"	13	12
"11151     Sun. Oct 28, 2012          0          1          2     "	11151	2012-10-28	"Sun"	"Evening"	"012"	0	1	2	3	"01"	"12"	1	3
"11150     Sun. Oct 28, 2012          2          1          6     "	11150	2012-10-28	"Sun"	"Midday"	"216"	2	1	6	9	"21"	"16"	3	7
"11149     Sat. Oct 27, 2012          2          9          3     "	11149	2012-10-27	"Sat"	"Evening"	"293"	2	9	3	14	"29"	"93"	11	12
"11148     Sat. Oct 27, 2012          6          4          1     "	11148	2012-10-27	"Sat"	"Midday"	"641"	6	4	1	11	"64"	"41"	10	5
"11147     Fri. Oct 26, 2012          9          4          0     "	11147	2012-10-26	"Fri"	"Evening"	"940"	9	4	0	13	"94"	"40"	13	4
"11146     Fri. Oct 26, 2012          9          8          9     "	11146	2012-10-26	"Fri"	"Midday"	"989"	9	8	9	26	"98"	"89"	17	17
"11145     Thu. Oct 25, 2012          7          2          8     "	11145	2012-10-25	"Thu"	"Evening"	"728"	7	2	8	17	"72"	"28"	9	10
"11144     Thu. Oct 25, 2012          2          0          7     "	11144	2012-10-25	"Thu"	"Midday"	"207"	2	0	7	9	"20"	"07"	2	7
"11143     Wed. Oct 24, 2012          1          3          5     "	11143	2012-10-24	"Wed"	"Evening"	"135"	1	3	5	9	"13"	"35"	4	8
"11142     Wed. Oct 24, 2012          8          3          8     "	11142	2012-10-24	"Wed"	"Midday"	"838"	8	3	8	19	"83"	"38"	11	11
"11141     Tue. Oct 23, 2012          3          7          8     "	11141	2012-10-23	"Tue"	"Evening"	"378"	3	7	8	18	"37"	"78"	10	15
"11140     Tue. Oct 23, 2012          8          7          1     "	11140	2012-10-23	"Tue"	"Midday"	"871"	8	7	1	16	"87"	"71"	15	8
"11139     Mon. Oct 22, 2012          8          3          2     "	11139	2012-10-22	"Mon"	"Evening"	"832"	8	3	2	13	"83"	"32"	11	5
"11138     Mon. Oct 22, 2012          7          4          8     "	11138	2012-10-22	"Mon"	"Midday"	"748"	7	4	8	19	"74"	"48"	11	12
"11137     Sun. Oct 21, 2012          3          9          3     "	11137	2012-10-21	"Sun"	"Evening"	"393"	3	9	3	15	"39"	"93"	12	12
"11136     Sun. Oct 21, 2012          3          9          7     "	11136	2012-10-21	"Sun"	"Midday"	"397"	3	9	7	19	"39"	"97"	12	16
"11135     Sat. Oct 20, 2012          0          3          8     "	11135	2012-10-20	"Sat"	"Evening"	"038"	0	3	8	11	"03"	"38"	3	11
"11134     Sat. Oct 20, 2012          7          0          4     "	11134	2012-10-20	"Sat"	"Midday"	"704"	7	0	4	11	"70"	"04"	7	4
"11133     Fri. Oct 19, 2012          1          0          0     "	11133	2012-10-19	"Fri"	"Evening"	"100"	1	0	0	1	"10"	"00"	1	0
"11132     Fri. Oct 19, 2012          9          6          4     "	11132	2012-10-19	"Fri"	"Midday"	"964"	9	6	4	19	"96"	"64"	15	10
"11131     Thu. Oct 18, 2012          1          9          7     "	11131	2012-10-18	"Thu"	"Evening"	"197"	1	9	7	17	"19"	"97"	10	16
"11130     Thu. Oct 18, 2012          3          8          8     "	11130	2012-10-18	"Thu"	"Midday"	"388"	3	8	8	19	"38"	"88"	11	16
"11129     Wed. Oct 17, 2012          3          4          4     "	11129	2012-10-17	"Wed"	"Evening"	"344"	3	4	4	11	"34"	"44"	7	8
"11128     Wed. Oct 17, 2012          1          8          2     "	11128	2012-10-17	"Wed"	"Midday"	"182"	1	8	2	11	"18"	"82"	9	10
"11127     Tue. Oct 16, 2012          9          1          5     "	11127	2012-10-16	"Tue"	"Evening"	"915"	9	1	5	15	"91"	"15"	10	6
"11126     Tue. Oct 16, 2012          6          4          7     "	11126	2012-10-16	"Tue"	"Midday"	"647"	6	4	7	17	"64"	"47"	10	11
"11125     Mon. Oct 15, 2012          3          0          7     "	11125	2012-10-15	"Mon"	"Evening"	"307"	3	0	7	10	"30"	"07"	3	7
"11124     Mon. Oct 15, 2012          1          6          5     "	11124	2012-10-15	"Mon"	"Midday"	"165"	1	6	5	12	"16"	"65"	7	11
"11123     Sun. Oct 14, 2012          0          7          5     "	11123	2012-10-14	"Sun"	"Evening"	"075"	0	7	5	12	"07"	"75"	7	12
"11122     Sun. Oct 14, 2012          2          3          6     "	11122	2012-10-14	"Sun"	"Midday"	"236"	2	3	6	11	"23"	"36"	5	9
"11121     Sat. Oct 13, 2012          9          8          1     "	11121	2012-10-13	"Sat"	"Evening"	"981"	9	8	1	18	"98"	"81"	17	9
"11120     Sat. Oct 13, 2012          5          2          1     "	11120	2012-10-13	"Sat"	"Midday"	"521"	5	2	1	8	"52"	"21"	7	3
"11119     Fri. Oct 12, 2012          0          9          4     "	11119	2012-10-12	"Fri"	"Evening"	"094"	0	9	4	13	"09"	"94"	9	13
"11118     Fri. Oct 12, 2012          7          6          2     "	11118	2012-10-12	"Fri"	"Midday"	"762"	7	6	2	15	"76"	"62"	13	8
"11117     Thu. Oct 11, 2012          2          9          2     "	11117	2012-10-11	"Thu"	"Evening"	"292"	2	9	2	13	"29"	"92"	11	11
"11116     Thu. Oct 11, 2012          3          9          5     "	11116	2012-10-11	"Thu"	"Midday"	"395"	3	9	5	17	"39"	"95"	12	14
"11115     Wed. Oct 10, 2012          1          1          1     "	11115	2012-10-10	"Wed"	"Evening"	"111"	1	1	1	3	"11"	"11"	2	2
"11114     Wed. Oct 10, 2012          2          5          1     "	11114	2012-10-10	"Wed"	"Midday"	"251"	2	5	1	8	"25"	"51"	7	6
"11113     Tue. Oct 09, 2012          3          5          7     "	11113	2012-10-09	"Tue"	"Evening"	"357"	3	5	7	15	"35"	"57"	8	12
"11112     Tue. Oct 09, 2012          9          8          8     "	11112	2012-10-09	"Tue"	"Midday"	"988"	9	8	8	25	"98"	"88"	17	16
"11111     Mon. Oct 08, 2012          3          8          8     "	11111	2012-10-08	"Mon"	"Evening"	"388"	3	8	8	19	"38"	"88"	11	16
"11110     Mon. Oct 08, 2012          5          6          1     "	11110	2012-10-08	"Mon"	"Midday"	"561"	5	6	1	12	"56"	"61"	11	7
"11109     Sun. Oct 07, 2012          9          5          3     "	11109	2012-10-07	"Sun"	"Evening"	"953"	9	5	3	17	"95"	"53"	14	8
"11108     Sun. Oct 07, 2012          6          4          7     "	11108	2012-10-07	"Sun"	"Midday"	"647"	6	4	7	17	"64"	"47"	10	11
"11107     Sat. Oct 06, 2012          0          1          6     "	11107	2012-10-06	"Sat"	"Evening"	"016"	0	1	6	7	"01"	"16"	1	7
"11106     Sat. Oct 06, 2012          1          5          4     "	11106	2012-10-06	"Sat"	"Midday"	"154"	1	5	4	10	"15"	"54"	6	9
"11105     Fri. Oct 05, 2012          0          6          4     "	11105	2012-10-05	"Fri"	"Evening"	"064"	0	6	4	10	"06"	"64"	6	10
"11104     Fri. Oct 05, 2012          9          3          4     "	11104	2012-10-05	"Fri"	"Midday"	"934"	9	3	4	16	"93"	"34"	12	7
"11103     Thu. Oct 04, 2012          8          7          8     "	11103	2012-10-04	"Thu"	"Evening"	"878"	8	7	8	23	"87"	"78"	15	15
"11102     Thu. Oct 04, 2012          9          6          1     "	11102	2012-10-04	"Thu"	"Midday"	"961"	9	6	1	16	"96"	"61"	15	7
"11101     Wed. Oct 03, 2012          2          0          9     "	11101	2012-10-03	"Wed"	"Evening"	"209"	2	0	9	11	"20"	"09"	2	9
"11100     Wed. Oct 03, 2012          8          3          2     "	11100	2012-10-03	"Wed"	"Midday"	"832"	8	3	2	13	"83"	"32"	11	5
"11099     Tue. Oct 02, 2012          2          4          3     "	11099	2012-10-02	"Tue"	"Evening"	"243"	2	4	3	9	"24"	"43"	6	7
"11098     Tue. Oct 02, 2012          1          4          3     "	11098	2012-10-02	"Tue"	"Midday"	"143"	1	4	3	8	"14"	"43"	5	7
"11097     Mon. Oct 01, 2012          4          4          4     "	11097	2012-10-01	"Mon"	"Evening"	"444"	4	4	4	12	"44"	"44"	8	8
"11096     Mon. Oct 01, 2012          8          5          9     "	11096	2012-10-01	"Mon"	"Midday"	"859"	8	5	9	22	"85"	"59"	13	14
"11095     Sun. Sep 30, 2012          3          0          0     "	11095	2012-09-30	"Sun"	"Evening"	"300"	3	0	0	3	"30"	"00"	3	0
"11094     Sun. Sep 30, 2012          3          7          8     "	11094	2012-09-30	"Sun"	"Midday"	"378"	3	7	8	18	"37"	"78"	10	15
"11093     Sat. Sep 29, 2012          0          1          7     "	11093	2012-09-29	"Sat"	"Evening"	"017"	0	1	7	8	"01"	"17"	1	8
"11092     Sat. Sep 29, 2012          7          3          1     "	11092	2012-09-29	"Sat"	"Midday"	"731"	7	3	1	11	"73"	"31"	10	4
"11091     Fri. Sep 28, 2012          4          0          6     "	11091	2012-09-28	"Fri"	"Evening"	"406"	4	0	6	10	"40"	"06"	4	6
"11090     Fri. Sep 28, 2012          6          2          0     "	11090	2012-09-28	"Fri"	"Midday"	"620"	6	2	0	8	"62"	"20"	8	2
"11089     Thu. Sep 27, 2012          5          8          4     "	11089	2012-09-27	"Thu"	"Evening"	"584"	5	8	4	17	"58"	"84"	13	12
"11088     Thu. Sep 27, 2012          8          5          5     "	11088	2012-09-27	"Thu"	"Midday"	"855"	8	5	5	18	"85"	"55"	13	10
"11087     Wed. Sep 26, 2012          1          7          0     "	11087	2012-09-26	"Wed"	"Evening"	"170"	1	7	0	8	"17"	"70"	8	7
"11086     Wed. Sep 26, 2012          1          4          6     "	11086	2012-09-26	"Wed"	"Midday"	"146"	1	4	6	11	"14"	"46"	5	10
"11085     Tue. Sep 25, 2012          1          0          3     "	11085	2012-09-25	"Tue"	"Evening"	"103"	1	0	3	4	"10"	"03"	1	3
"11084     Tue. Sep 25, 2012          6          0          1     "	11084	2012-09-25	"Tue"	"Midday"	"601"	6	0	1	7	"60"	"01"	6	1
"11083     Mon. Sep 24, 2012          3          1          3     "	11083	2012-09-24	"Mon"	"Evening"	"313"	3	1	3	7	"31"	"13"	4	4
"11082     Mon. Sep 24, 2012          0          8          5     "	11082	2012-09-24	"Mon"	"Midday"	"085"	0	8	5	13	"08"	"85"	8	13
"11081     Sun. Sep 23, 2012          7          2          7     "	11081	2012-09-23	"Sun"	"Evening"	"727"	7	2	7	16	"72"	"27"	9	9
"11080     Sun. Sep 23, 2012          0          7          3     "	11080	2012-09-23	"Sun"	"Midday"	"073"	0	7	3	10	"07"	"73"	7	10
"11079     Sat. Sep 22, 2012          0          8          3     "	11079	2012-09-22	"Sat"	"Evening"	"083"	0	8	3	11	"08"	"83"	8	11
"11078     Sat. Sep 22, 2012          4          9          7     "	11078	2012-09-22	"Sat"	"Midday"	"497"	4	9	7	20	"49"	"97"	13	16
"11077     Fri. Sep 21, 2012          2          4          0     "	11077	2012-09-21	"Fri"	"Evening"	"240"	2	4	0	6	"24"	"40"	6	4
"11076     Fri. Sep 21, 2012          2          2          0     "	11076	2012-09-21	"Fri"	"Midday"	"220"	2	2	0	4	"22"	"20"	4	2
"11075     Thu. Sep 20, 2012          7          3          6     "	11075	2012-09-20	"Thu"	"Evening"	"736"	7	3	6	16	"73"	"36"	10	9
"11074     Thu. Sep 20, 2012          9          8          0     "	11074	2012-09-20	"Thu"	"Midday"	"980"	9	8	0	17	"98"	"80"	17	8
"11073     Wed. Sep 19, 2012          5          8          5     "	11073	2012-09-19	"Wed"	"Evening"	"585"	5	8	5	18	"58"	"85"	13	13
"11072     Wed. Sep 19, 2012          9          2          8     "	11072	2012-09-19	"Wed"	"Midday"	"928"	9	2	8	19	"92"	"28"	11	10
"11071     Tue. Sep 18, 2012          2          9          7     "	11071	2012-09-18	"Tue"	"Evening"	"297"	2	9	7	18	"29"	"97"	11	16
"11070     Tue. Sep 18, 2012          2          2          8     "	11070	2012-09-18	"Tue"	"Midday"	"228"	2	2	8	12	"22"	"28"	4	10
"11069     Mon. Sep 17, 2012          1          4          9     "	11069	2012-09-17	"Mon"	"Evening"	"149"	1	4	9	14	"14"	"49"	5	13
"11068     Mon. Sep 17, 2012          0          9          2     "	11068	2012-09-17	"Mon"	"Midday"	"092"	0	9	2	11	"09"	"92"	9	11
"11067     Sun. Sep 16, 2012          5          1          1     "	11067	2012-09-16	"Sun"	"Evening"	"511"	5	1	1	7	"51"	"11"	6	2
"11066     Sun. Sep 16, 2012          4          6          1     "	11066	2012-09-16	"Sun"	"Midday"	"461"	4	6	1	11	"46"	"61"	10	7
"11065     Sat. Sep 15, 2012          2          2          4     "	11065	2012-09-15	"Sat"	"Evening"	"224"	2	2	4	8	"22"	"24"	4	6
"11064     Sat. Sep 15, 2012          4          2          9     "	11064	2012-09-15	"Sat"	"Midday"	"429"	4	2	9	15	"42"	"29"	6	11
"11063     Fri. Sep 14, 2012          7          3          8     "	11063	2012-09-14	"Fri"	"Evening"	"738"	7	3	8	18	"73"	"38"	10	11
"11062     Fri. Sep 14, 2012          3          7          5     "	11062	2012-09-14	"Fri"	"Midday"	"375"	3	7	5	15	"37"	"75"	10	12
"11061     Thu. Sep 13, 2012          5          3          2     "	11061	2012-09-13	"Thu"	"Evening"	"532"	5	3	2	10	"53"	"32"	8	5
"11060     Thu. Sep 13, 2012          1          2          3     "	11060	2012-09-13	"Thu"	"Midday"	"123"	1	2	3	6	"12"	"23"	3	5
"11059     Wed. Sep 12, 2012          8          2          2     "	11059	2012-09-12	"Wed"	"Evening"	"822"	8	2	2	12	"82"	"22"	10	4
"11058     Wed. Sep 12, 2012          3          5          7     "	11058	2012-09-12	"Wed"	"Midday"	"357"	3	5	7	15	"35"	"57"	8	12
"11057     Tue. Sep 11, 2012          5          4          5     "	11057	2012-09-11	"Tue"	"Evening"	"545"	5	4	5	14	"54"	"45"	9	9
"11056     Tue. Sep 11, 2012          9          0          8     "	11056	2012-09-11	"Tue"	"Midday"	"908"	9	0	8	17	"90"	"08"	9	8
"11055     Mon. Sep 10, 2012          6          9          2     "	11055	2012-09-10	"Mon"	"Evening"	"692"	6	9	2	17	"69"	"92"	15	11
"11054     Mon. Sep 10, 2012          7          8          0     "	11054	2012-09-10	"Mon"	"Midday"	"780"	7	8	0	15	"78"	"80"	15	8
"11053     Sun. Sep 09, 2012          1          9          2     "	11053	2012-09-09	"Sun"	"Evening"	"192"	1	9	2	12	"19"	"92"	10	11
"11052     Sun. Sep 09, 2012          1          3          1     "	11052	2012-09-09	"Sun"	"Midday"	"131"	1	3	1	5	"13"	"31"	4	4
"11051     Sat. Sep 08, 2012          7          5          8     "	11051	2012-09-08	"Sat"	"Evening"	"758"	7	5	8	20	"75"	"58"	12	13
"11050     Sat. Sep 08, 2012          6          8          3     "	11050	2012-09-08	"Sat"	"Midday"	"683"	6	8	3	17	"68"	"83"	14	11
"11049     Fri. Sep 07, 2012          4          0          3     "	11049	2012-09-07	"Fri"	"Evening"	"403"	4	0	3	7	"40"	"03"	4	3
"11048     Fri. Sep 07, 2012          3          8          4     "	11048	2012-09-07	"Fri"	"Midday"	"384"	3	8	4	15	"38"	"84"	11	12
"11047     Thu. Sep 06, 2012          7          2          0     "	11047	2012-09-06	"Thu"	"Evening"	"720"	7	2	0	9	"72"	"20"	9	2
"11046     Thu. Sep 06, 2012          4          6          3     "	11046	2012-09-06	"Thu"	"Midday"	"463"	4	6	3	13	"46"	"63"	10	9
"11045     Wed. Sep 05, 2012          3          8          8     "	11045	2012-09-05	"Wed"	"Evening"	"388"	3	8	8	19	"38"	"88"	11	16
"11044     Wed. Sep 05, 2012          1          1          2     "	11044	2012-09-05	"Wed"	"Midday"	"112"	1	1	2	4	"11"	"12"	2	3
"11043     Tue. Sep 04, 2012          5          3          0     "	11043	2012-09-04	"Tue"	"Evening"	"530"	5	3	0	8	"53"	"30"	8	3
"11042     Tue. Sep 04, 2012          3          4          7     "	11042	2012-09-04	"Tue"	"Midday"	"347"	3	4	7	14	"34"	"47"	7	11
"11041     Mon. Sep 03, 2012          7          5          4     "	11041	2012-09-03	"Mon"	"Evening"	"754"	7	5	4	16	"75"	"54"	12	9
"11040     Mon. Sep 03, 2012          0          2          4     "	11040	2012-09-03	"Mon"	"Midday"	"024"	0	2	4	6	"02"	"24"	2	6
"11039     Sun. Sep 02, 2012          9          8          1     "	11039	2012-09-02	"Sun"	"Evening"	"981"	9	8	1	18	"98"	"81"	17	9
"11038     Sun. Sep 02, 2012          2          7          9     "	11038	2012-09-02	"Sun"	"Midday"	"279"	2	7	9	18	"27"	"79"	9	16
"11037     Sat. Sep 01, 2012          8          0          6     "	11037	2012-09-01	"Sat"	"Evening"	"806"	8	0	6	14	"80"	"06"	8	6
"11036     Sat. Sep 01, 2012          9          0          6     "	11036	2012-09-01	"Sat"	"Midday"	"906"	9	0	6	15	"90"	"06"	9	6
"11035     Fri. Aug 31, 2012          7          4          0     "	11035	2012-08-31	"Fri"	"Evening"	"740"	7	4	0	11	"74"	"40"	11	4
"11034     Fri. Aug 31, 2012          3          8          2     "	11034	2012-08-31	"Fri"	"Midday"	"382"	3	8	2	13	"38"	"82"	11	10
"11033     Thu. Aug 30, 2012          0          0          5     "	11033	2012-08-30	"Thu"	"Evening"	"005"	0	0	5	5	"00"	"05"	0	5
"11032     Thu. Aug 30, 2012          3          5          9     "	11032	2012-08-30	"Thu"	"Midday"	"359"	3	5	9	17	"35"	"59"	8	14
"11031     Wed. Aug 29, 2012          3          8          6     "	11031	2012-08-29	"Wed"	"Evening"	"386"	3	8	6	17	"38"	"86"	11	14
"11030     Wed. Aug 29, 2012          6          6          4     "	11030	2012-08-29	"Wed"	"Midday"	"664"	6	6	4	16	"66"	"64"	12	10
"11029     Tue. Aug 28, 2012          5          5          4     "	11029	2012-08-28	"Tue"	"Evening"	"554"	5	5	4	14	"55"	"54"	10	9
"11028     Tue. Aug 28, 2012          9          4          9     "	11028	2012-08-28	"Tue"	"Midday"	"949"	9	4	9	22	"94"	"49"	13	13
"11027     Mon. Aug 27, 2012          0          1          2     "	11027	2012-08-27	"Mon"	"Evening"	"012"	0	1	2	3	"01"	"12"	1	3
"11026     Mon. Aug 27, 2012          6          4          0     "	11026	2012-08-27	"Mon"	"Midday"	"640"	6	4	0	10	"64"	"40"	10	4
"11025     Sun. Aug 26, 2012          7          5          9     "	11025	2012-08-26	"Sun"	"Evening"	"759"	7	5	9	21	"75"	"59"	12	14
"11024     Sun. Aug 26, 2012          4          5          3     "	11024	2012-08-26	"Sun"	"Midday"	"453"	4	5	3	12	"45"	"53"	9	8
"11023     Sat. Aug 25, 2012          4          8          0     "	11023	2012-08-25	"Sat"	"Evening"	"480"	4	8	0	12	"48"	"80"	12	8
"11022     Sat. Aug 25, 2012          4          7          1     "	11022	2012-08-25	"Sat"	"Midday"	"471"	4	7	1	12	"47"	"71"	11	8
"11021     Fri. Aug 24, 2012          2          0          4     "	11021	2012-08-24	"Fri"	"Evening"	"204"	2	0	4	6	"20"	"04"	2	4
"11020     Fri. Aug 24, 2012          8          5          8     "	11020	2012-08-24	"Fri"	"Midday"	"858"	8	5	8	21	"85"	"58"	13	13
"11019     Thu. Aug 23, 2012          5          7          9     "	11019	2012-08-23	"Thu"	"Evening"	"579"	5	7	9	21	"57"	"79"	12	16
"11018     Thu. Aug 23, 2012          5          7          9     "	11018	2012-08-23	"Thu"	"Midday"	"579"	5	7	9	21	"57"	"79"	12	16
"11017     Wed. Aug 22, 2012          1          4          1     "	11017	2012-08-22	"Wed"	"Evening"	"141"	1	4	1	6	"14"	"41"	5	5
"11016     Wed. Aug 22, 2012          7          4          0     "	11016	2012-08-22	"Wed"	"Midday"	"740"	7	4	0	11	"74"	"40"	11	4
"11015     Tue. Aug 21, 2012          2          4          4     "	11015	2012-08-21	"Tue"	"Evening"	"244"	2	4	4	10	"24"	"44"	6	8
"11014     Tue. Aug 21, 2012          8          4          9     "	11014	2012-08-21	"Tue"	"Midday"	"849"	8	4	9	21	"84"	"49"	12	13
"11013     Mon. Aug 20, 2012          9          1          5     "	11013	2012-08-20	"Mon"	"Evening"	"915"	9	1	5	15	"91"	"15"	10	6
"11012     Mon. Aug 20, 2012          1          6          3     "	11012	2012-08-20	"Mon"	"Midday"	"163"	1	6	3	10	"16"	"63"	7	9
"11011     Sun. Aug 19, 2012          9          4          9     "	11011	2012-08-19	"Sun"	"Evening"	"949"	9	4	9	22	"94"	"49"	13	13
"11010     Sun. Aug 19, 2012          9          0          6     "	11010	2012-08-19	"Sun"	"Midday"	"906"	9	0	6	15	"90"	"06"	9	6
"11009     Sat. Aug 18, 2012          4          8          9     "	11009	2012-08-18	"Sat"	"Evening"	"489"	4	8	9	21	"48"	"89"	12	17
"11008     Sat. Aug 18, 2012          9          4          1     "	11008	2012-08-18	"Sat"	"Midday"	"941"	9	4	1	14	"94"	"41"	13	5
"11007     Fri. Aug 17, 2012          7          9          4     "	11007	2012-08-17	"Fri"	"Evening"	"794"	7	9	4	20	"79"	"94"	16	13
"11006     Fri. Aug 17, 2012          3          8          4     "	11006	2012-08-17	"Fri"	"Midday"	"384"	3	8	4	15	"38"	"84"	11	12
"11005     Thu. Aug 16, 2012          7          6          8     "	11005	2012-08-16	"Thu"	"Evening"	"768"	7	6	8	21	"76"	"68"	13	14
"11004     Thu. Aug 16, 2012          6          2          5     "	11004	2012-08-16	"Thu"	"Midday"	"625"	6	2	5	13	"62"	"25"	8	7
"11003     Wed. Aug 15, 2012          2          4          8     "	11003	2012-08-15	"Wed"	"Evening"	"248"	2	4	8	14	"24"	"48"	6	12
"11002     Wed. Aug 15, 2012          8          3          1     "	11002	2012-08-15	"Wed"	"Midday"	"831"	8	3	1	12	"83"	"31"	11	4
"11001     Tue. Aug 14, 2012          9          5          5     "	11001	2012-08-14	"Tue"	"Evening"	"955"	9	5	5	19	"95"	"55"	14	10
"11000     Tue. Aug 14, 2012          4          0          9     "	11000	2012-08-14	"Tue"	"Midday"	"409"	4	0	9	13	"40"	"09"	4	9
"10999     Mon. Aug 13, 2012          6          6          9     "	10999	2012-08-13	"Mon"	"Evening"	"669"	6	6	9	21	"66"	"69"	12	15
"10998     Mon. Aug 13, 2012          2          4          2     "	10998	2012-08-13	"Mon"	"Midday"	"242"	2	4	2	8	"24"	"42"	6	6
"10997     Sun. Aug 12, 2012          4          8          6     "	10997	2012-08-12	"Sun"	"Evening"	"486"	4	8	6	18	"48"	"86"	12	14
"10996     Sun. Aug 12, 2012          8          4          8     "	10996	2012-08-12	"Sun"	"Midday"	"848"	8	4	8	20	"84"	"48"	12	12
"10995     Sat. Aug 11, 2012          9          1          4     "	10995	2012-08-11	"Sat"	"Evening"	"914"	9	1	4	14	"91"	"14"	10	5
"10994     Sat. Aug 11, 2012          8          6          4     "	10994	2012-08-11	"Sat"	"Midday"	"864"	8	6	4	18	"86"	"64"	14	10
"10993     Fri. Aug 10, 2012          2          8          6     "	10993	2012-08-10	"Fri"	"Evening"	"286"	2	8	6	16	"28"	"86"	10	14
"10992     Fri. Aug 10, 2012          4          7          0     "	10992	2012-08-10	"Fri"	"Midday"	"470"	4	7	0	11	"47"	"70"	11	7
"10991     Thu. Aug 09, 2012          6          9          4     "	10991	2012-08-09	"Thu"	"Evening"	"694"	6	9	4	19	"69"	"94"	15	13
"10990     Thu. Aug 09, 2012          6          6          5     "	10990	2012-08-09	"Thu"	"Midday"	"665"	6	6	5	17	"66"	"65"	12	11
"10989     Wed. Aug 08, 2012          1          7          5     "	10989	2012-08-08	"Wed"	"Evening"	"175"	1	7	5	13	"17"	"75"	8	12
"10988     Wed. Aug 08, 2012          0          2          9     "	10988	2012-08-08	"Wed"	"Midday"	"029"	0	2	9	11	"02"	"29"	2	11
"10987     Tue. Aug 07, 2012          9          9          3     "	10987	2012-08-07	"Tue"	"Evening"	"993"	9	9	3	21	"99"	"93"	18	12
"10986     Tue. Aug 07, 2012          0          8          5     "	10986	2012-08-07	"Tue"	"Midday"	"085"	0	8	5	13	"08"	"85"	8	13
"10985     Mon. Aug 06, 2012          9          1          1     "	10985	2012-08-06	"Mon"	"Evening"	"911"	9	1	1	11	"91"	"11"	10	2
"10984     Mon. Aug 06, 2012          4          6          3     "	10984	2012-08-06	"Mon"	"Midday"	"463"	4	6	3	13	"46"	"63"	10	9
"10983     Sun. Aug 05, 2012          0          2          8     "	10983	2012-08-05	"Sun"	"Evening"	"028"	0	2	8	10	"02"	"28"	2	10
"10982     Sun. Aug 05, 2012          6          4          9     "	10982	2012-08-05	"Sun"	"Midday"	"649"	6	4	9	19	"64"	"49"	10	13
"10981     Sat. Aug 04, 2012          6          8          1     "	10981	2012-08-04	"Sat"	"Evening"	"681"	6	8	1	15	"68"	"81"	14	9
"10980     Sat. Aug 04, 2012          8          0          2     "	10980	2012-08-04	"Sat"	"Midday"	"802"	8	0	2	10	"80"	"02"	8	2
"10979     Fri. Aug 03, 2012          8          0          8     "	10979	2012-08-03	"Fri"	"Evening"	"808"	8	0	8	16	"80"	"08"	8	8
"10978     Fri. Aug 03, 2012          3          8          3     "	10978	2012-08-03	"Fri"	"Midday"	"383"	3	8	3	14	"38"	"83"	11	11
"10977     Thu. Aug 02, 2012          2          7          7     "	10977	2012-08-02	"Thu"	"Evening"	"277"	2	7	7	16	"27"	"77"	9	14
"10976     Thu. Aug 02, 2012          8          4          8     "	10976	2012-08-02	"Thu"	"Midday"	"848"	8	4	8	20	"84"	"48"	12	12
"10975     Wed. Aug 01, 2012          4          1          6     "	10975	2012-08-01	"Wed"	"Evening"	"416"	4	1	6	11	"41"	"16"	5	7
"10974     Wed. Aug 01, 2012          8          8          7     "	10974	2012-08-01	"Wed"	"Midday"	"887"	8	8	7	23	"88"	"87"	16	15
"10973     Tue. Jul 31, 2012          2          2          1     "	10973	2012-07-31	"Tue"	"Evening"	"221"	2	2	1	5	"22"	"21"	4	3
"10972     Tue. Jul 31, 2012          0          9          6     "	10972	2012-07-31	"Tue"	"Midday"	"096"	0	9	6	15	"09"	"96"	9	15
"10971     Mon. Jul 30, 2012          7          7          2     "	10971	2012-07-30	"Mon"	"Evening"	"772"	7	7	2	16	"77"	"72"	14	9
"10970     Mon. Jul 30, 2012          5          1          9     "	10970	2012-07-30	"Mon"	"Midday"	"519"	5	1	9	15	"51"	"19"	6	10
"10969     Sun. Jul 29, 2012          8          7          2     "	10969	2012-07-29	"Sun"	"Evening"	"872"	8	7	2	17	"87"	"72"	15	9
"10968     Sun. Jul 29, 2012          4          4          4     "	10968	2012-07-29	"Sun"	"Midday"	"444"	4	4	4	12	"44"	"44"	8	8
"10967     Sat. Jul 28, 2012          7          2          9     "	10967	2012-07-28	"Sat"	"Evening"	"729"	7	2	9	18	"72"	"29"	9	11
"10966     Sat. Jul 28, 2012          3          3          4     "	10966	2012-07-28	"Sat"	"Midday"	"334"	3	3	4	10	"33"	"34"	6	7
"10965     Fri. Jul 27, 2012          7          7          3     "	10965	2012-07-27	"Fri"	"Evening"	"773"	7	7	3	17	"77"	"73"	14	10
"10964     Fri. Jul 27, 2012          3          4          9     "	10964	2012-07-27	"Fri"	"Midday"	"349"	3	4	9	16	"34"	"49"	7	13
"10963     Thu. Jul 26, 2012          1          5          4     "	10963	2012-07-26	"Thu"	"Evening"	"154"	1	5	4	10	"15"	"54"	6	9
"10962     Thu. Jul 26, 2012          0          7          3     "	10962	2012-07-26	"Thu"	"Midday"	"073"	0	7	3	10	"07"	"73"	7	10
"10961     Wed. Jul 25, 2012          4          7          4     "	10961	2012-07-25	"Wed"	"Evening"	"474"	4	7	4	15	"47"	"74"	11	11
"10960     Wed. Jul 25, 2012          0          3          2     "	10960	2012-07-25	"Wed"	"Midday"	"032"	0	3	2	5	"03"	"32"	3	5
"10959     Tue. Jul 24, 2012          3          7          4     "	10959	2012-07-24	"Tue"	"Evening"	"374"	3	7	4	14	"37"	"74"	10	11
"10958     Tue. Jul 24, 2012          9          8          2     "	10958	2012-07-24	"Tue"	"Midday"	"982"	9	8	2	19	"98"	"82"	17	10
"10957     Mon. Jul 23, 2012          8          2          1     "	10957	2012-07-23	"Mon"	"Evening"	"821"	8	2	1	11	"82"	"21"	10	3
"10956     Mon. Jul 23, 2012          0          2          3     "	10956	2012-07-23	"Mon"	"Midday"	"023"	0	2	3	5	"02"	"23"	2	5
"10955     Sun. Jul 22, 2012          0          9          7     "	10955	2012-07-22	"Sun"	"Evening"	"097"	0	9	7	16	"09"	"97"	9	16
"10954     Sun. Jul 22, 2012          7          1          2     "	10954	2012-07-22	"Sun"	"Midday"	"712"	7	1	2	10	"71"	"12"	8	3
"10953     Sat. Jul 21, 2012          4          6          1     "	10953	2012-07-21	"Sat"	"Evening"	"461"	4	6	1	11	"46"	"61"	10	7
"10952     Sat. Jul 21, 2012          8          1          5     "	10952	2012-07-21	"Sat"	"Midday"	"815"	8	1	5	14	"81"	"15"	9	6
"10951     Fri. Jul 20, 2012          8          7          7     "	10951	2012-07-20	"Fri"	"Evening"	"877"	8	7	7	22	"87"	"77"	15	14
"10950     Fri. Jul 20, 2012          8          6          6     "	10950	2012-07-20	"Fri"	"Midday"	"866"	8	6	6	20	"86"	"66"	14	12
"10949     Thu. Jul 19, 2012          2          7          6     "	10949	2012-07-19	"Thu"	"Evening"	"276"	2	7	6	15	"27"	"76"	9	13
"10948     Thu. Jul 19, 2012          6          0          7     "	10948	2012-07-19	"Thu"	"Midday"	"607"	6	0	7	13	"60"	"07"	6	7
"10947     Wed. Jul 18, 2012          2          3          6     "	10947	2012-07-18	"Wed"	"Evening"	"236"	2	3	6	11	"23"	"36"	5	9
"10946     Wed. Jul 18, 2012          8          3          9     "	10946	2012-07-18	"Wed"	"Midday"	"839"	8	3	9	20	"83"	"39"	11	12
"10945     Tue. Jul 17, 2012          7          4          4     "	10945	2012-07-17	"Tue"	"Evening"	"744"	7	4	4	15	"74"	"44"	11	8
"10944     Tue. Jul 17, 2012          6          3          1     "	10944	2012-07-17	"Tue"	"Midday"	"631"	6	3	1	10	"63"	"31"	9	4
"10943     Mon. Jul 16, 2012          4          4          4     "	10943	2012-07-16	"Mon"	"Evening"	"444"	4	4	4	12	"44"	"44"	8	8
"10942     Mon. Jul 16, 2012          3          9          6     "	10942	2012-07-16	"Mon"	"Midday"	"396"	3	9	6	18	"39"	"96"	12	15
"10941     Sun. Jul 15, 2012          6          7          1     "	10941	2012-07-15	"Sun"	"Evening"	"671"	6	7	1	14	"67"	"71"	13	8
"10940     Sun. Jul 15, 2012          6          6          1     "	10940	2012-07-15	"Sun"	"Midday"	"661"	6	6	1	13	"66"	"61"	12	7
"10939     Sat. Jul 14, 2012          5          1          0     "	10939	2012-07-14	"Sat"	"Evening"	"510"	5	1	0	6	"51"	"10"	6	1
"10938     Sat. Jul 14, 2012          8          3          0     "	10938	2012-07-14	"Sat"	"Midday"	"830"	8	3	0	11	"83"	"30"	11	3
"10937     Fri. Jul 13, 2012          1          3          4     "	10937	2012-07-13	"Fri"	"Evening"	"134"	1	3	4	8	"13"	"34"	4	7
"10936     Fri. Jul 13, 2012          5          1          0     "	10936	2012-07-13	"Fri"	"Midday"	"510"	5	1	0	6	"51"	"10"	6	1
"10935     Thu. Jul 12, 2012          9          1          7     "	10935	2012-07-12	"Thu"	"Evening"	"917"	9	1	7	17	"91"	"17"	10	8
"10934     Thu. Jul 12, 2012          0          5          3     "	10934	2012-07-12	"Thu"	"Midday"	"053"	0	5	3	8	"05"	"53"	5	8
"10933     Wed. Jul 11, 2012          4          6          0     "	10933	2012-07-11	"Wed"	"Evening"	"460"	4	6	0	10	"46"	"60"	10	6
"10932     Wed. Jul 11, 2012          1          4          8     "	10932	2012-07-11	"Wed"	"Midday"	"148"	1	4	8	13	"14"	"48"	5	12
"10931     Tue. Jul 10, 2012          5          2          7     "	10931	2012-07-10	"Tue"	"Evening"	"527"	5	2	7	14	"52"	"27"	7	9
"10930     Tue. Jul 10, 2012          1          7          1     "	10930	2012-07-10	"Tue"	"Midday"	"171"	1	7	1	9	"17"	"71"	8	8
"10929     Mon. Jul 09, 2012          1          5          1     "	10929	2012-07-09	"Mon"	"Evening"	"151"	1	5	1	7	"15"	"51"	6	6
"10928     Mon. Jul 09, 2012          0          5          2     "	10928	2012-07-09	"Mon"	"Midday"	"052"	0	5	2	7	"05"	"52"	5	7
"10927     Sun. Jul 08, 2012          9          3          2     "	10927	2012-07-08	"Sun"	"Evening"	"932"	9	3	2	14	"93"	"32"	12	5
"10926     Sun. Jul 08, 2012          9          9          6     "	10926	2012-07-08	"Sun"	"Midday"	"996"	9	9	6	24	"99"	"96"	18	15
"10925     Sat. Jul 07, 2012          1          0          7     "	10925	2012-07-07	"Sat"	"Evening"	"107"	1	0	7	8	"10"	"07"	1	7
"10924     Sat. Jul 07, 2012          3          4          3     "	10924	2012-07-07	"Sat"	"Midday"	"343"	3	4	3	10	"34"	"43"	7	7
"10923     Fri. Jul 06, 2012          3          0          9     "	10923	2012-07-06	"Fri"	"Evening"	"309"	3	0	9	12	"30"	"09"	3	9
"10922     Fri. Jul 06, 2012          9          3          6     "	10922	2012-07-06	"Fri"	"Midday"	"936"	9	3	6	18	"93"	"36"	12	9
"10921     Thu. Jul 05, 2012          8          4          0     "	10921	2012-07-05	"Thu"	"Evening"	"840"	8	4	0	12	"84"	"40"	12	4
"10920     Thu. Jul 05, 2012          0          0          6     "	10920	2012-07-05	"Thu"	"Midday"	"006"	0	0	6	6	"00"	"06"	0	6
"10919     Wed. Jul 04, 2012          6          2          7     "	10919	2012-07-04	"Wed"	"Evening"	"627"	6	2	7	15	"62"	"27"	8	9
"10918     Wed. Jul 04, 2012          0          1          4     "	10918	2012-07-04	"Wed"	"Midday"	"014"	0	1	4	5	"01"	"14"	1	5
"10917     Tue. Jul 03, 2012          7          1          5     "	10917	2012-07-03	"Tue"	"Evening"	"715"	7	1	5	13	"71"	"15"	8	6
"10916     Tue. Jul 03, 2012          4          7          6     "	10916	2012-07-03	"Tue"	"Midday"	"476"	4	7	6	17	"47"	"76"	11	13
"10915     Mon. Jul 02, 2012          8          4          5     "	10915	2012-07-02	"Mon"	"Evening"	"845"	8	4	5	17	"84"	"45"	12	9
"10914     Mon. Jul 02, 2012          4          7          4     "	10914	2012-07-02	"Mon"	"Midday"	"474"	4	7	4	15	"47"	"74"	11	11
"10913     Sun. Jul 01, 2012          0          7          5     "	10913	2012-07-01	"Sun"	"Evening"	"075"	0	7	5	12	"07"	"75"	7	12
"10912     Sun. Jul 01, 2012          7          1          3     "	10912	2012-07-01	"Sun"	"Midday"	"713"	7	1	3	11	"71"	"13"	8	4
"10911     Sat. Jun 30, 2012          1          3          0     "	10911	2012-06-30	"Sat"	"Evening"	"130"	1	3	0	4	"13"	"30"	4	3
"10910     Sat. Jun 30, 2012          0          3          6     "	10910	2012-06-30	"Sat"	"Midday"	"036"	0	3	6	9	"03"	"36"	3	9
"10909     Fri. Jun 29, 2012          8          4          9     "	10909	2012-06-29	"Fri"	"Evening"	"849"	8	4	9	21	"84"	"49"	12	13
"10908     Fri. Jun 29, 2012          4          7          7     "	10908	2012-06-29	"Fri"	"Midday"	"477"	4	7	7	18	"47"	"77"	11	14
"10907     Thu. Jun 28, 2012          6          4          4     "	10907	2012-06-28	"Thu"	"Evening"	"644"	6	4	4	14	"64"	"44"	10	8
"10906     Thu. Jun 28, 2012          5          7          5     "	10906	2012-06-28	"Thu"	"Midday"	"575"	5	7	5	17	"57"	"75"	12	12
"10905     Wed. Jun 27, 2012          0          0          1     "	10905	2012-06-27	"Wed"	"Evening"	"001"	0	0	1	1	"00"	"01"	0	1
"10904     Wed. Jun 27, 2012          2          1          0     "	10904	2012-06-27	"Wed"	"Midday"	"210"	2	1	0	3	"21"	"10"	3	1
"10903     Tue. Jun 26, 2012          6          6          2     "	10903	2012-06-26	"Tue"	"Evening"	"662"	6	6	2	14	"66"	"62"	12	8
"10902     Tue. Jun 26, 2012          8          3          3     "	10902	2012-06-26	"Tue"	"Midday"	"833"	8	3	3	14	"83"	"33"	11	6
"10901     Mon. Jun 25, 2012          9          1          2     "	10901	2012-06-25	"Mon"	"Evening"	"912"	9	1	2	12	"91"	"12"	10	3
"10900     Mon. Jun 25, 2012          2          9          4     "	10900	2012-06-25	"Mon"	"Midday"	"294"	2	9	4	15	"29"	"94"	11	13
"10899     Sun. Jun 24, 2012          4          9          8     "	10899	2012-06-24	"Sun"	"Evening"	"498"	4	9	8	21	"49"	"98"	13	17
"10898     Sun. Jun 24, 2012          4          1          0     "	10898	2012-06-24	"Sun"	"Midday"	"410"	4	1	0	5	"41"	"10"	5	1
"10897     Sat. Jun 23, 2012          5          5          6     "	10897	2012-06-23	"Sat"	"Evening"	"556"	5	5	6	16	"55"	"56"	10	11
"10896     Sat. Jun 23, 2012          5          1          8     "	10896	2012-06-23	"Sat"	"Midday"	"518"	5	1	8	14	"51"	"18"	6	9
"10895     Fri. Jun 22, 2012          1          9          7     "	10895	2012-06-22	"Fri"	"Evening"	"197"	1	9	7	17	"19"	"97"	10	16
"10894     Fri. Jun 22, 2012          6          5          7     "	10894	2012-06-22	"Fri"	"Midday"	"657"	6	5	7	18	"65"	"57"	11	12
"10893     Thu. Jun 21, 2012          0          5          2     "	10893	2012-06-21	"Thu"	"Evening"	"052"	0	5	2	7	"05"	"52"	5	7
"10892     Thu. Jun 21, 2012          4          0          2     "	10892	2012-06-21	"Thu"	"Midday"	"402"	4	0	2	6	"40"	"02"	4	2
"10891     Wed. Jun 20, 2012          2          1          2     "	10891	2012-06-20	"Wed"	"Evening"	"212"	2	1	2	5	"21"	"12"	3	3
"10890     Wed. Jun 20, 2012          6          1          8     "	10890	2012-06-20	"Wed"	"Midday"	"618"	6	1	8	15	"61"	"18"	7	9
"10889     Tue. Jun 19, 2012          9          6          9     "	10889	2012-06-19	"Tue"	"Evening"	"969"	9	6	9	24	"96"	"69"	15	15
"10888     Tue. Jun 19, 2012          6          9          1     "	10888	2012-06-19	"Tue"	"Midday"	"691"	6	9	1	16	"69"	"91"	15	10
"10887     Mon. Jun 18, 2012          1          1          5     "	10887	2012-06-18	"Mon"	"Evening"	"115"	1	1	5	7	"11"	"15"	2	6
"10886     Mon. Jun 18, 2012          9          0          2     "	10886	2012-06-18	"Mon"	"Midday"	"902"	9	0	2	11	"90"	"02"	9	2
"10885     Sun. Jun 17, 2012          8          6          0     "	10885	2012-06-17	"Sun"	"Evening"	"860"	8	6	0	14	"86"	"60"	14	6
"10884     Sun. Jun 17, 2012          0          3          2     "	10884	2012-06-17	"Sun"	"Midday"	"032"	0	3	2	5	"03"	"32"	3	5
"10883     Sat. Jun 16, 2012          3          8          9     "	10883	2012-06-16	"Sat"	"Evening"	"389"	3	8	9	20	"38"	"89"	11	17
"10882     Sat. Jun 16, 2012          8          4          0     "	10882	2012-06-16	"Sat"	"Midday"	"840"	8	4	0	12	"84"	"40"	12	4
"10881     Fri. Jun 15, 2012          2          5          9     "	10881	2012-06-15	"Fri"	"Evening"	"259"	2	5	9	16	"25"	"59"	7	14
"10880     Fri. Jun 15, 2012          3          9          5     "	10880	2012-06-15	"Fri"	"Midday"	"395"	3	9	5	17	"39"	"95"	12	14
"10879     Thu. Jun 14, 2012          2          6          6     "	10879	2012-06-14	"Thu"	"Evening"	"266"	2	6	6	14	"26"	"66"	8	12
"10878     Thu. Jun 14, 2012          7          8          0     "	10878	2012-06-14	"Thu"	"Midday"	"780"	7	8	0	15	"78"	"80"	15	8
"10877     Wed. Jun 13, 2012          8          6          7     "	10877	2012-06-13	"Wed"	"Evening"	"867"	8	6	7	21	"86"	"67"	14	13
"10876     Wed. Jun 13, 2012          1          8          4     "	10876	2012-06-13	"Wed"	"Midday"	"184"	1	8	4	13	"18"	"84"	9	12
"10875     Tue. Jun 12, 2012          8          0          9     "	10875	2012-06-12	"Tue"	"Evening"	"809"	8	0	9	17	"80"	"09"	8	9
"10874     Tue. Jun 12, 2012          4          0          6     "	10874	2012-06-12	"Tue"	"Midday"	"406"	4	0	6	10	"40"	"06"	4	6
"10873     Mon. Jun 11, 2012          4          5          5     "	10873	2012-06-11	"Mon"	"Evening"	"455"	4	5	5	14	"45"	"55"	9	10
"10872     Mon. Jun 11, 2012          5          4          2     "	10872	2012-06-11	"Mon"	"Midday"	"542"	5	4	2	11	"54"	"42"	9	6
"10871     Sun. Jun 10, 2012          0          2          6     "	10871	2012-06-10	"Sun"	"Evening"	"026"	0	2	6	8	"02"	"26"	2	8
"10870     Sun. Jun 10, 2012          6          6          6     "	10870	2012-06-10	"Sun"	"Midday"	"666"	6	6	6	18	"66"	"66"	12	12
"10869     Sat. Jun 09, 2012          2          6          3     "	10869	2012-06-09	"Sat"	"Evening"	"263"	2	6	3	11	"26"	"63"	8	9
"10868     Sat. Jun 09, 2012          6          3          7     "	10868	2012-06-09	"Sat"	"Midday"	"637"	6	3	7	16	"63"	"37"	9	10
"10867     Fri. Jun 08, 2012          9          3          0     "	10867	2012-06-08	"Fri"	"Evening"	"930"	9	3	0	12	"93"	"30"	12	3
"10866     Fri. Jun 08, 2012          6          9          9     "	10866	2012-06-08	"Fri"	"Midday"	"699"	6	9	9	24	"69"	"99"	15	18
"10865     Thu. Jun 07, 2012          5          8          3     "	10865	2012-06-07	"Thu"	"Evening"	"583"	5	8	3	16	"58"	"83"	13	11
"10864     Thu. Jun 07, 2012          2          4          9     "	10864	2012-06-07	"Thu"	"Midday"	"249"	2	4	9	15	"24"	"49"	6	13
"10863     Wed. Jun 06, 2012          8          7          3     "	10863	2012-06-06	"Wed"	"Evening"	"873"	8	7	3	18	"87"	"73"	15	10
"10862     Wed. Jun 06, 2012          4          2          6     "	10862	2012-06-06	"Wed"	"Midday"	"426"	4	2	6	12	"42"	"26"	6	8
"10861     Tue. Jun 05, 2012          9          9          4     "	10861	2012-06-05	"Tue"	"Evening"	"994"	9	9	4	22	"99"	"94"	18	13
"10860     Tue. Jun 05, 2012          3          5          8     "	10860	2012-06-05	"Tue"	"Midday"	"358"	3	5	8	16	"35"	"58"	8	13
"10859     Mon. Jun 04, 2012          9          4          2     "	10859	2012-06-04	"Mon"	"Evening"	"942"	9	4	2	15	"94"	"42"	13	6
"10858     Mon. Jun 04, 2012          5          5          5     "	10858	2012-06-04	"Mon"	"Midday"	"555"	5	5	5	15	"55"	"55"	10	10
"10857     Sun. Jun 03, 2012          8          5          4     "	10857	2012-06-03	"Sun"	"Evening"	"854"	8	5	4	17	"85"	"54"	13	9
"10856     Sun. Jun 03, 2012          9          3          7     "	10856	2012-06-03	"Sun"	"Midday"	"937"	9	3	7	19	"93"	"37"	12	10
"10855     Sat. Jun 02, 2012          7          1          5     "	10855	2012-06-02	"Sat"	"Evening"	"715"	7	1	5	13	"71"	"15"	8	6
"10854     Sat. Jun 02, 2012          8          8          1     "	10854	2012-06-02	"Sat"	"Midday"	"881"	8	8	1	17	"88"	"81"	16	9
"10853     Fri. Jun 01, 2012          9          4          3     "	10853	2012-06-01	"Fri"	"Evening"	"943"	9	4	3	16	"94"	"43"	13	7
"10852     Fri. Jun 01, 2012          3          9          2     "	10852	2012-06-01	"Fri"	"Midday"	"392"	3	9	2	14	"39"	"92"	12	11
"10851     Thu. May 31, 2012          1          2          3     "	10851	2012-05-31	"Thu"	"Evening"	"123"	1	2	3	6	"12"	"23"	3	5
"10850     Thu. May 31, 2012          5          7          3     "	10850	2012-05-31	"Thu"	"Midday"	"573"	5	7	3	15	"57"	"73"	12	10
"10849     Wed. May 30, 2012          0          0          6     "	10849	2012-05-30	"Wed"	"Evening"	"006"	0	0	6	6	"00"	"06"	0	6
"10848     Wed. May 30, 2012          0          6          7     "	10848	2012-05-30	"Wed"	"Midday"	"067"	0	6	7	13	"06"	"67"	6	13
"10847     Tue. May 29, 2012          3          6          8     "	10847	2012-05-29	"Tue"	"Evening"	"368"	3	6	8	17	"36"	"68"	9	14
"10846     Tue. May 29, 2012          0          8          9     "	10846	2012-05-29	"Tue"	"Midday"	"089"	0	8	9	17	"08"	"89"	8	17
"10845     Mon. May 28, 2012          3          0          4     "	10845	2012-05-28	"Mon"	"Evening"	"304"	3	0	4	7	"30"	"04"	3	4
"10844     Mon. May 28, 2012          7          8          9     "	10844	2012-05-28	"Mon"	"Midday"	"789"	7	8	9	24	"78"	"89"	15	17
"10843     Sun. May 27, 2012          3          6          9     "	10843	2012-05-27	"Sun"	"Evening"	"369"	3	6	9	18	"36"	"69"	9	15
"10842     Sun. May 27, 2012          8          3          5     "	10842	2012-05-27	"Sun"	"Midday"	"835"	8	3	5	16	"83"	"35"	11	8
"10841     Sat. May 26, 2012          5          9          3     "	10841	2012-05-26	"Sat"	"Evening"	"593"	5	9	3	17	"59"	"93"	14	12
"10840     Sat. May 26, 2012          3          3          2     "	10840	2012-05-26	"Sat"	"Midday"	"332"	3	3	2	8	"33"	"32"	6	5
"10839     Fri. May 25, 2012          1          0          7     "	10839	2012-05-25	"Fri"	"Evening"	"107"	1	0	7	8	"10"	"07"	1	7
"10838     Fri. May 25, 2012          4          6          9     "	10838	2012-05-25	"Fri"	"Midday"	"469"	4	6	9	19	"46"	"69"	10	15
"10837     Thu. May 24, 2012          4          9          0     "	10837	2012-05-24	"Thu"	"Evening"	"490"	4	9	0	13	"49"	"90"	13	9
"10836     Thu. May 24, 2012          1          8          6     "	10836	2012-05-24	"Thu"	"Midday"	"186"	1	8	6	15	"18"	"86"	9	14
"10835     Wed. May 23, 2012          4          4          8     "	10835	2012-05-23	"Wed"	"Evening"	"448"	4	4	8	16	"44"	"48"	8	12
"10834     Wed. May 23, 2012          1          1          8     "	10834	2012-05-23	"Wed"	"Midday"	"118"	1	1	8	10	"11"	"18"	2	9
"10833     Tue. May 22, 2012          4          7          8     "	10833	2012-05-22	"Tue"	"Evening"	"478"	4	7	8	19	"47"	"78"	11	15
"10832     Tue. May 22, 2012          5          0          2     "	10832	2012-05-22	"Tue"	"Midday"	"502"	5	0	2	7	"50"	"02"	5	2
"10831     Mon. May 21, 2012          0          3          8     "	10831	2012-05-21	"Mon"	"Evening"	"038"	0	3	8	11	"03"	"38"	3	11
"10830     Mon. May 21, 2012          3          6          7     "	10830	2012-05-21	"Mon"	"Midday"	"367"	3	6	7	16	"36"	"67"	9	13
"10829     Sun. May 20, 2012          1          0          1     "	10829	2012-05-20	"Sun"	"Evening"	"101"	1	0	1	2	"10"	"01"	1	1
"10828     Sun. May 20, 2012          8          5          4     "	10828	2012-05-20	"Sun"	"Midday"	"854"	8	5	4	17	"85"	"54"	13	9
"10827     Sat. May 19, 2012          4          7          8     "	10827	2012-05-19	"Sat"	"Evening"	"478"	4	7	8	19	"47"	"78"	11	15
"10826     Sat. May 19, 2012          2          5          1     "	10826	2012-05-19	"Sat"	"Midday"	"251"	2	5	1	8	"25"	"51"	7	6
"10825     Fri. May 18, 2012          0          6          0     "	10825	2012-05-18	"Fri"	"Evening"	"060"	0	6	0	6	"06"	"60"	6	6
"10824     Fri. May 18, 2012          9          5          5     "	10824	2012-05-18	"Fri"	"Midday"	"955"	9	5	5	19	"95"	"55"	14	10
"10823     Thu. May 17, 2012          1          2          5     "	10823	2012-05-17	"Thu"	"Evening"	"125"	1	2	5	8	"12"	"25"	3	7
"10822     Thu. May 17, 2012          7          2          5     "	10822	2012-05-17	"Thu"	"Midday"	"725"	7	2	5	14	"72"	"25"	9	7
"10821     Wed. May 16, 2012          6          1          7     "	10821	2012-05-16	"Wed"	"Evening"	"617"	6	1	7	14	"61"	"17"	7	8
"10820     Wed. May 16, 2012          3          8          4     "	10820	2012-05-16	"Wed"	"Midday"	"384"	3	8	4	15	"38"	"84"	11	12
"10819     Tue. May 15, 2012          7          9          8     "	10819	2012-05-15	"Tue"	"Evening"	"798"	7	9	8	24	"79"	"98"	16	17
"10818     Tue. May 15, 2012          3          1          4     "	10818	2012-05-15	"Tue"	"Midday"	"314"	3	1	4	8	"31"	"14"	4	5
"10817     Mon. May 14, 2012          5          7          1     "	10817	2012-05-14	"Mon"	"Evening"	"571"	5	7	1	13	"57"	"71"	12	8
"10816     Mon. May 14, 2012          4          8          0     "	10816	2012-05-14	"Mon"	"Midday"	"480"	4	8	0	12	"48"	"80"	12	8
"10815     Sun. May 13, 2012          0          8          7     "	10815	2012-05-13	"Sun"	"Evening"	"087"	0	8	7	15	"08"	"87"	8	15
"10814     Sun. May 13, 2012          3          0          9     "	10814	2012-05-13	"Sun"	"Midday"	"309"	3	0	9	12	"30"	"09"	3	9
"10813     Sat. May 12, 2012          4          3          5     "	10813	2012-05-12	"Sat"	"Evening"	"435"	4	3	5	12	"43"	"35"	7	8
"10812     Sat. May 12, 2012          6          4          8     "	10812	2012-05-12	"Sat"	"Midday"	"648"	6	4	8	18	"64"	"48"	10	12
"10811     Fri. May 11, 2012          0          7          7     "	10811	2012-05-11	"Fri"	"Evening"	"077"	0	7	7	14	"07"	"77"	7	14
"10810     Fri. May 11, 2012          5          2          0     "	10810	2012-05-11	"Fri"	"Midday"	"520"	5	2	0	7	"52"	"20"	7	2
"10809     Thu. May 10, 2012          5          1          4     "	10809	2012-05-10	"Thu"	"Evening"	"514"	5	1	4	10	"51"	"14"	6	5
"10808     Thu. May 10, 2012          1          0          5     "	10808	2012-05-10	"Thu"	"Midday"	"105"	1	0	5	6	"10"	"05"	1	5
"10807     Wed. May 09, 2012          3          1          7     "	10807	2012-05-09	"Wed"	"Evening"	"317"	3	1	7	11	"31"	"17"	4	8
"10806     Wed. May 09, 2012          2          0          1     "	10806	2012-05-09	"Wed"	"Midday"	"201"	2	0	1	3	"20"	"01"	2	1
"10805     Tue. May 08, 2012          0          0          2     "	10805	2012-05-08	"Tue"	"Evening"	"002"	0	0	2	2	"00"	"02"	0	2
"10804     Tue. May 08, 2012          7          3          0     "	10804	2012-05-08	"Tue"	"Midday"	"730"	7	3	0	10	"73"	"30"	10	3
"10803     Mon. May 07, 2012          7          4          5     "	10803	2012-05-07	"Mon"	"Evening"	"745"	7	4	5	16	"74"	"45"	11	9
"10802     Mon. May 07, 2012          7          9          1     "	10802	2012-05-07	"Mon"	"Midday"	"791"	7	9	1	17	"79"	"91"	16	10
"10801     Sun. May 06, 2012          4          8          4     "	10801	2012-05-06	"Sun"	"Evening"	"484"	4	8	4	16	"48"	"84"	12	12
"10800     Sun. May 06, 2012          2          1          5     "	10800	2012-05-06	"Sun"	"Midday"	"215"	2	1	5	8	"21"	"15"	3	6
"10799     Sat. May 05, 2012          9          7          6     "	10799	2012-05-05	"Sat"	"Evening"	"976"	9	7	6	22	"97"	"76"	16	13
"10798     Sat. May 05, 2012          7          3          1     "	10798	2012-05-05	"Sat"	"Midday"	"731"	7	3	1	11	"73"	"31"	10	4
"10797     Fri. May 04, 2012          9          5          8     "	10797	2012-05-04	"Fri"	"Evening"	"958"	9	5	8	22	"95"	"58"	14	13
"10796     Fri. May 04, 2012          4          5          9     "	10796	2012-05-04	"Fri"	"Midday"	"459"	4	5	9	18	"45"	"59"	9	14
"10795     Thu. May 03, 2012          4          7          4     "	10795	2012-05-03	"Thu"	"Evening"	"474"	4	7	4	15	"47"	"74"	11	11
"10794     Thu. May 03, 2012          9          7          7     "	10794	2012-05-03	"Thu"	"Midday"	"977"	9	7	7	23	"97"	"77"	16	14
"10793     Wed. May 02, 2012          4          1          6     "	10793	2012-05-02	"Wed"	"Evening"	"416"	4	1	6	11	"41"	"16"	5	7
"10792     Wed. May 02, 2012          5          1          0     "	10792	2012-05-02	"Wed"	"Midday"	"510"	5	1	0	6	"51"	"10"	6	1
"10791     Tue. May 01, 2012          0          8          2     "	10791	2012-05-01	"Tue"	"Evening"	"082"	0	8	2	10	"08"	"82"	8	10
"10790     Tue. May 01, 2012          9          3          1     "	10790	2012-05-01	"Tue"	"Midday"	"931"	9	3	1	13	"93"	"31"	12	4
"10789     Mon. Apr 30, 2012          7          2          9     "	10789	2012-04-30	"Mon"	"Evening"	"729"	7	2	9	18	"72"	"29"	9	11
"10788     Mon. Apr 30, 2012          4          9          6     "	10788	2012-04-30	"Mon"	"Midday"	"496"	4	9	6	19	"49"	"96"	13	15
"10787     Sun. Apr 29, 2012          2          5          0     "	10787	2012-04-29	"Sun"	"Evening"	"250"	2	5	0	7	"25"	"50"	7	5
"10786     Sun. Apr 29, 2012          2          2          7     "	10786	2012-04-29	"Sun"	"Midday"	"227"	2	2	7	11	"22"	"27"	4	9
"10785     Sat. Apr 28, 2012          0          0          9     "	10785	2012-04-28	"Sat"	"Evening"	"009"	0	0	9	9	"00"	"09"	0	9
"10784     Sat. Apr 28, 2012          1          0          2     "	10784	2012-04-28	"Sat"	"Midday"	"102"	1	0	2	3	"10"	"02"	1	2
"10783     Fri. Apr 27, 2012          6          6          6     "	10783	2012-04-27	"Fri"	"Evening"	"666"	6	6	6	18	"66"	"66"	12	12
"10782     Fri. Apr 27, 2012          7          2          1     "	10782	2012-04-27	"Fri"	"Midday"	"721"	7	2	1	10	"72"	"21"	9	3
"10781     Thu. Apr 26, 2012          4          8          6     "	10781	2012-04-26	"Thu"	"Evening"	"486"	4	8	6	18	"48"	"86"	12	14
"10780     Thu. Apr 26, 2012          7          8          4     "	10780	2012-04-26	"Thu"	"Midday"	"784"	7	8	4	19	"78"	"84"	15	12
"10779     Wed. Apr 25, 2012          8          3          5     "	10779	2012-04-25	"Wed"	"Evening"	"835"	8	3	5	16	"83"	"35"	11	8
"10778     Wed. Apr 25, 2012          3          0          3     "	10778	2012-04-25	"Wed"	"Midday"	"303"	3	0	3	6	"30"	"03"	3	3
"10777     Tue. Apr 24, 2012          3          7          3     "	10777	2012-04-24	"Tue"	"Evening"	"373"	3	7	3	13	"37"	"73"	10	10
"10776     Tue. Apr 24, 2012          0          7          2     "	10776	2012-04-24	"Tue"	"Midday"	"072"	0	7	2	9	"07"	"72"	7	9
"10775     Mon. Apr 23, 2012          9          7          9     "	10775	2012-04-23	"Mon"	"Evening"	"979"	9	7	9	25	"97"	"79"	16	16
"10774     Mon. Apr 23, 2012          3          2          9     "	10774	2012-04-23	"Mon"	"Midday"	"329"	3	2	9	14	"32"	"29"	5	11
"10773     Sun. Apr 22, 2012          7          6          2     "	10773	2012-04-22	"Sun"	"Evening"	"762"	7	6	2	15	"76"	"62"	13	8
"10772     Sun. Apr 22, 2012          5          4          0     "	10772	2012-04-22	"Sun"	"Midday"	"540"	5	4	0	9	"54"	"40"	9	4
"10771     Sat. Apr 21, 2012          6          9          8     "	10771	2012-04-21	"Sat"	"Evening"	"698"	6	9	8	23	"69"	"98"	15	17
"10770     Sat. Apr 21, 2012          2          9          2     "	10770	2012-04-21	"Sat"	"Midday"	"292"	2	9	2	13	"29"	"92"	11	11
"10769     Fri. Apr 20, 2012          0          5          7     "	10769	2012-04-20	"Fri"	"Evening"	"057"	0	5	7	12	"05"	"57"	5	12
"10768     Fri. Apr 20, 2012          4          8          5     "	10768	2012-04-20	"Fri"	"Midday"	"485"	4	8	5	17	"48"	"85"	12	13
"10767     Thu. Apr 19, 2012          8          1          9     "	10767	2012-04-19	"Thu"	"Evening"	"819"	8	1	9	18	"81"	"19"	9	10
"10766     Thu. Apr 19, 2012          7          2          8     "	10766	2012-04-19	"Thu"	"Midday"	"728"	7	2	8	17	"72"	"28"	9	10
"10765     Wed. Apr 18, 2012          8          9          6     "	10765	2012-04-18	"Wed"	"Evening"	"896"	8	9	6	23	"89"	"96"	17	15
"10764     Wed. Apr 18, 2012          2          1          7     "	10764	2012-04-18	"Wed"	"Midday"	"217"	2	1	7	10	"21"	"17"	3	8
"10763     Tue. Apr 17, 2012          1          8          8     "	10763	2012-04-17	"Tue"	"Evening"	"188"	1	8	8	17	"18"	"88"	9	16
"10762     Tue. Apr 17, 2012          8          1          8     "	10762	2012-04-17	"Tue"	"Midday"	"818"	8	1	8	17	"81"	"18"	9	9
"10761     Mon. Apr 16, 2012          2          3          7     "	10761	2012-04-16	"Mon"	"Evening"	"237"	2	3	7	12	"23"	"37"	5	10
"10760     Mon. Apr 16, 2012          5          2          7     "	10760	2012-04-16	"Mon"	"Midday"	"527"	5	2	7	14	"52"	"27"	7	9
"10759     Sun. Apr 15, 2012          1          9          7     "	10759	2012-04-15	"Sun"	"Evening"	"197"	1	9	7	17	"19"	"97"	10	16
"10758     Sun. Apr 15, 2012          0          0          2     "	10758	2012-04-15	"Sun"	"Midday"	"002"	0	0	2	2	"00"	"02"	0	2
"10757     Sat. Apr 14, 2012          4          5          2     "	10757	2012-04-14	"Sat"	"Evening"	"452"	4	5	2	11	"45"	"52"	9	7
"10756     Sat. Apr 14, 2012          9          0          6     "	10756	2012-04-14	"Sat"	"Midday"	"906"	9	0	6	15	"90"	"06"	9	6
"10755     Fri. Apr 13, 2012          3          0          3     "	10755	2012-04-13	"Fri"	"Evening"	"303"	3	0	3	6	"30"	"03"	3	3
"10754     Fri. Apr 13, 2012          2          5          4     "	10754	2012-04-13	"Fri"	"Midday"	"254"	2	5	4	11	"25"	"54"	7	9
"10753     Thu. Apr 12, 2012          8          0          8     "	10753	2012-04-12	"Thu"	"Evening"	"808"	8	0	8	16	"80"	"08"	8	8
"10752     Thu. Apr 12, 2012          0          4          3     "	10752	2012-04-12	"Thu"	"Midday"	"043"	0	4	3	7	"04"	"43"	4	7
"10751     Wed. Apr 11, 2012          5          4          1     "	10751	2012-04-11	"Wed"	"Evening"	"541"	5	4	1	10	"54"	"41"	9	5
"10750     Wed. Apr 11, 2012          0          8          7     "	10750	2012-04-11	"Wed"	"Midday"	"087"	0	8	7	15	"08"	"87"	8	15
"10749     Tue. Apr 10, 2012          8          3          8     "	10749	2012-04-10	"Tue"	"Evening"	"838"	8	3	8	19	"83"	"38"	11	11
"10748     Tue. Apr 10, 2012          7          7          2     "	10748	2012-04-10	"Tue"	"Midday"	"772"	7	7	2	16	"77"	"72"	14	9
"10747     Mon. Apr 09, 2012          5          5          5     "	10747	2012-04-09	"Mon"	"Evening"	"555"	5	5	5	15	"55"	"55"	10	10
"10746     Mon. Apr 09, 2012          8          9          6     "	10746	2012-04-09	"Mon"	"Midday"	"896"	8	9	6	23	"89"	"96"	17	15
"10745     Sun. Apr 08, 2012          4          6          4     "	10745	2012-04-08	"Sun"	"Evening"	"464"	4	6	4	14	"46"	"64"	10	10
"10744     Sun. Apr 08, 2012          1          9          4     "	10744	2012-04-08	"Sun"	"Midday"	"194"	1	9	4	14	"19"	"94"	10	13
"10743     Sat. Apr 07, 2012          1          1          0     "	10743	2012-04-07	"Sat"	"Evening"	"110"	1	1	0	2	"11"	"10"	2	1
"10742     Sat. Apr 07, 2012          0          2          2     "	10742	2012-04-07	"Sat"	"Midday"	"022"	0	2	2	4	"02"	"22"	2	4
"10741     Fri. Apr 06, 2012          5          0          9     "	10741	2012-04-06	"Fri"	"Evening"	"509"	5	0	9	14	"50"	"09"	5	9
"10740     Fri. Apr 06, 2012          3          9          5     "	10740	2012-04-06	"Fri"	"Midday"	"395"	3	9	5	17	"39"	"95"	12	14
"10739     Thu. Apr 05, 2012          5          3          4     "	10739	2012-04-05	"Thu"	"Evening"	"534"	5	3	4	12	"53"	"34"	8	7
"10738     Thu. Apr 05, 2012          4          4          2     "	10738	2012-04-05	"Thu"	"Midday"	"442"	4	4	2	10	"44"	"42"	8	6
"10737     Wed. Apr 04, 2012          7          7          5     "	10737	2012-04-04	"Wed"	"Evening"	"775"	7	7	5	19	"77"	"75"	14	12
"10736     Wed. Apr 04, 2012          7          5          0     "	10736	2012-04-04	"Wed"	"Midday"	"750"	7	5	0	12	"75"	"50"	12	5
"10735     Tue. Apr 03, 2012          2          4          5     "	10735	2012-04-03	"Tue"	"Evening"	"245"	2	4	5	11	"24"	"45"	6	9
"10734     Tue. Apr 03, 2012          6          7          7     "	10734	2012-04-03	"Tue"	"Midday"	"677"	6	7	7	20	"67"	"77"	13	14
"10733     Mon. Apr 02, 2012          8          3          5     "	10733	2012-04-02	"Mon"	"Evening"	"835"	8	3	5	16	"83"	"35"	11	8
"10732     Mon. Apr 02, 2012          7          2          8     "	10732	2012-04-02	"Mon"	"Midday"	"728"	7	2	8	17	"72"	"28"	9	10
"10731     Sun. Apr 01, 2012          6          2          3     "	10731	2012-04-01	"Sun"	"Evening"	"623"	6	2	3	11	"62"	"23"	8	5
"10730     Sun. Apr 01, 2012          0          1          8     "	10730	2012-04-01	"Sun"	"Midday"	"018"	0	1	8	9	"01"	"18"	1	9
"10729     Sat. Mar 31, 2012          4          1          4     "	10729	2012-03-31	"Sat"	"Evening"	"414"	4	1	4	9	"41"	"14"	5	5
"10728     Sat. Mar 31, 2012          4          7          3     "	10728	2012-03-31	"Sat"	"Midday"	"473"	4	7	3	14	"47"	"73"	11	10
"10727     Fri. Mar 30, 2012          9          6          4     "	10727	2012-03-30	"Fri"	"Evening"	"964"	9	6	4	19	"96"	"64"	15	10
"10726     Fri. Mar 30, 2012          5          5          5     "	10726	2012-03-30	"Fri"	"Midday"	"555"	5	5	5	15	"55"	"55"	10	10
"10725     Thu. Mar 29, 2012          0          1          7     "	10725	2012-03-29	"Thu"	"Evening"	"017"	0	1	7	8	"01"	"17"	1	8
"10724     Thu. Mar 29, 2012          3          0          8     "	10724	2012-03-29	"Thu"	"Midday"	"308"	3	0	8	11	"30"	"08"	3	8
"10723     Wed. Mar 28, 2012          9          7          1     "	10723	2012-03-28	"Wed"	"Evening"	"971"	9	7	1	17	"97"	"71"	16	8
"10722     Wed. Mar 28, 2012          6          4          5     "	10722	2012-03-28	"Wed"	"Midday"	"645"	6	4	5	15	"64"	"45"	10	9
"10721     Tue. Mar 27, 2012          7          5          1     "	10721	2012-03-27	"Tue"	"Evening"	"751"	7	5	1	13	"75"	"51"	12	6
"10720     Tue. Mar 27, 2012          7          5          8     "	10720	2012-03-27	"Tue"	"Midday"	"758"	7	5	8	20	"75"	"58"	12	13
"10719     Mon. Mar 26, 2012          4          5          0     "	10719	2012-03-26	"Mon"	"Evening"	"450"	4	5	0	9	"45"	"50"	9	5
"10718     Mon. Mar 26, 2012          3          7          5     "	10718	2012-03-26	"Mon"	"Midday"	"375"	3	7	5	15	"37"	"75"	10	12
"10717     Sun. Mar 25, 2012          0          1          8     "	10717	2012-03-25	"Sun"	"Evening"	"018"	0	1	8	9	"01"	"18"	1	9
"10716     Sun. Mar 25, 2012          2          8          1     "	10716	2012-03-25	"Sun"	"Midday"	"281"	2	8	1	11	"28"	"81"	10	9
"10715     Sat. Mar 24, 2012          7          8          1     "	10715	2012-03-24	"Sat"	"Evening"	"781"	7	8	1	16	"78"	"81"	15	9
"10714     Sat. Mar 24, 2012          9          3          8     "	10714	2012-03-24	"Sat"	"Midday"	"938"	9	3	8	20	"93"	"38"	12	11
"10713     Fri. Mar 23, 2012          5          2          1     "	10713	2012-03-23	"Fri"	"Evening"	"521"	5	2	1	8	"52"	"21"	7	3
"10712     Fri. Mar 23, 2012          5          2          7     "	10712	2012-03-23	"Fri"	"Midday"	"527"	5	2	7	14	"52"	"27"	7	9
"10711     Thu. Mar 22, 2012          0          2          9     "	10711	2012-03-22	"Thu"	"Evening"	"029"	0	2	9	11	"02"	"29"	2	11
"10710     Thu. Mar 22, 2012          6          3          8     "	10710	2012-03-22	"Thu"	"Midday"	"638"	6	3	8	17	"63"	"38"	9	11
"10709     Wed. Mar 21, 2012          1          9          9     "	10709	2012-03-21	"Wed"	"Evening"	"199"	1	9	9	19	"19"	"99"	10	18
"10708     Wed. Mar 21, 2012          1          8          9     "	10708	2012-03-21	"Wed"	"Midday"	"189"	1	8	9	18	"18"	"89"	9	17
"10707     Tue. Mar 20, 2012          7          0          7     "	10707	2012-03-20	"Tue"	"Evening"	"707"	7	0	7	14	"70"	"07"	7	7
"10706     Tue. Mar 20, 2012          2          0          9     "	10706	2012-03-20	"Tue"	"Midday"	"209"	2	0	9	11	"20"	"09"	2	9
"10705     Mon. Mar 19, 2012          1          8          0     "	10705	2012-03-19	"Mon"	"Evening"	"180"	1	8	0	9	"18"	"80"	9	8
"10704     Mon. Mar 19, 2012          5          3          9     "	10704	2012-03-19	"Mon"	"Midday"	"539"	5	3	9	17	"53"	"39"	8	12
"10703     Sun. Mar 18, 2012          4          5          4     "	10703	2012-03-18	"Sun"	"Evening"	"454"	4	5	4	13	"45"	"54"	9	9
"10702     Sun. Mar 18, 2012          4          8          3     "	10702	2012-03-18	"Sun"	"Midday"	"483"	4	8	3	15	"48"	"83"	12	11
"10701     Sat. Mar 17, 2012          4          5          4     "	10701	2012-03-17	"Sat"	"Evening"	"454"	4	5	4	13	"45"	"54"	9	9
"10700     Sat. Mar 17, 2012          0          7          4     "	10700	2012-03-17	"Sat"	"Midday"	"074"	0	7	4	11	"07"	"74"	7	11
"10699     Fri. Mar 16, 2012          6          1          5     "	10699	2012-03-16	"Fri"	"Evening"	"615"	6	1	5	12	"61"	"15"	7	6
"10698     Fri. Mar 16, 2012          6          0          6     "	10698	2012-03-16	"Fri"	"Midday"	"606"	6	0	6	12	"60"	"06"	6	6
"10697     Thu. Mar 15, 2012          8          1          3     "	10697	2012-03-15	"Thu"	"Evening"	"813"	8	1	3	12	"81"	"13"	9	4
"10696     Thu. Mar 15, 2012          4          9          8     "	10696	2012-03-15	"Thu"	"Midday"	"498"	4	9	8	21	"49"	"98"	13	17
"10695     Wed. Mar 14, 2012          6          4          3     "	10695	2012-03-14	"Wed"	"Evening"	"643"	6	4	3	13	"64"	"43"	10	7
"10694     Wed. Mar 14, 2012          9          2          8     "	10694	2012-03-14	"Wed"	"Midday"	"928"	9	2	8	19	"92"	"28"	11	10
"10693     Tue. Mar 13, 2012          5          0          7     "	10693	2012-03-13	"Tue"	"Evening"	"507"	5	0	7	12	"50"	"07"	5	7
"10692     Tue. Mar 13, 2012          8          5          7     "	10692	2012-03-13	"Tue"	"Midday"	"857"	8	5	7	20	"85"	"57"	13	12
"10691     Mon. Mar 12, 2012          9          9          6     "	10691	2012-03-12	"Mon"	"Evening"	"996"	9	9	6	24	"99"	"96"	18	15
"10690     Mon. Mar 12, 2012          1          2          4     "	10690	2012-03-12	"Mon"	"Midday"	"124"	1	2	4	7	"12"	"24"	3	6
"10689     Sun. Mar 11, 2012          3          8          9     "	10689	2012-03-11	"Sun"	"Evening"	"389"	3	8	9	20	"38"	"89"	11	17
"10688     Sun. Mar 11, 2012          0          3          4     "	10688	2012-03-11	"Sun"	"Midday"	"034"	0	3	4	7	"03"	"34"	3	7
"10687     Sat. Mar 10, 2012          2          6          5     "	10687	2012-03-10	"Sat"	"Evening"	"265"	2	6	5	13	"26"	"65"	8	11
"10686     Sat. Mar 10, 2012          3          1          9     "	10686	2012-03-10	"Sat"	"Midday"	"319"	3	1	9	13	"31"	"19"	4	10
"10685     Fri. Mar 09, 2012          7          0          4     "	10685	2012-03-09	"Fri"	"Evening"	"704"	7	0	4	11	"70"	"04"	7	4
"10684     Fri. Mar 09, 2012          2          2          8     "	10684	2012-03-09	"Fri"	"Midday"	"228"	2	2	8	12	"22"	"28"	4	10
"10683     Thu. Mar 08, 2012          8          0          6     "	10683	2012-03-08	"Thu"	"Evening"	"806"	8	0	6	14	"80"	"06"	8	6
"10682     Thu. Mar 08, 2012          5          7          6     "	10682	2012-03-08	"Thu"	"Midday"	"576"	5	7	6	18	"57"	"76"	12	13
"10681     Wed. Mar 07, 2012          7          9          6     "	10681	2012-03-07	"Wed"	"Evening"	"796"	7	9	6	22	"79"	"96"	16	15
"10680     Wed. Mar 07, 2012          5          7          3     "	10680	2012-03-07	"Wed"	"Midday"	"573"	5	7	3	15	"57"	"73"	12	10
"10679     Tue. Mar 06, 2012          6          2          1     "	10679	2012-03-06	"Tue"	"Evening"	"621"	6	2	1	9	"62"	"21"	8	3
"10678     Tue. Mar 06, 2012          9          3          3     "	10678	2012-03-06	"Tue"	"Midday"	"933"	9	3	3	15	"93"	"33"	12	6
"10677     Mon. Mar 05, 2012          6          2          8     "	10677	2012-03-05	"Mon"	"Evening"	"628"	6	2	8	16	"62"	"28"	8	10
"10676     Mon. Mar 05, 2012          9          6          0     "	10676	2012-03-05	"Mon"	"Midday"	"960"	9	6	0	15	"96"	"60"	15	6
"10675     Sun. Mar 04, 2012          3          8          5     "	10675	2012-03-04	"Sun"	"Evening"	"385"	3	8	5	16	"38"	"85"	11	13
"10674     Sun. Mar 04, 2012          0          4          3     "	10674	2012-03-04	"Sun"	"Midday"	"043"	0	4	3	7	"04"	"43"	4	7
"10673     Sat. Mar 03, 2012          5          3          1     "	10673	2012-03-03	"Sat"	"Evening"	"531"	5	3	1	9	"53"	"31"	8	4
"10672     Sat. Mar 03, 2012          3          2          8     "	10672	2012-03-03	"Sat"	"Midday"	"328"	3	2	8	13	"32"	"28"	5	10
"10671     Fri. Mar 02, 2012          2          5          9     "	10671	2012-03-02	"Fri"	"Evening"	"259"	2	5	9	16	"25"	"59"	7	14
"10670     Fri. Mar 02, 2012          3          0          5     "	10670	2012-03-02	"Fri"	"Midday"	"305"	3	0	5	8	"30"	"05"	3	5
"10669     Thu. Mar 01, 2012          0          4          1     "	10669	2012-03-01	"Thu"	"Evening"	"041"	0	4	1	5	"04"	"41"	4	5
"10668     Thu. Mar 01, 2012          8          2          2     "	10668	2012-03-01	"Thu"	"Midday"	"822"	8	2	2	12	"82"	"22"	10	4
"10667     Wed. Feb 29, 2012          0          7          0     "	10667	2012-02-29	"Wed"	"Evening"	"070"	0	7	0	7	"07"	"70"	7	7
"10666     Wed. Feb 29, 2012          5          6          0     "	10666	2012-02-29	"Wed"	"Midday"	"560"	5	6	0	11	"56"	"60"	11	6
"10665     Tue. Feb 28, 2012          4          8          2     "	10665	2012-02-28	"Tue"	"Evening"	"482"	4	8	2	14	"48"	"82"	12	10
"10664     Tue. Feb 28, 2012          4          2          1     "	10664	2012-02-28	"Tue"	"Midday"	"421"	4	2	1	7	"42"	"21"	6	3
"10663     Mon. Feb 27, 2012          4          1          6     "	10663	2012-02-27	"Mon"	"Evening"	"416"	4	1	6	11	"41"	"16"	5	7
"10662     Mon. Feb 27, 2012          8          0          4     "	10662	2012-02-27	"Mon"	"Midday"	"804"	8	0	4	12	"80"	"04"	8	4
"10661     Sun. Feb 26, 2012          0          0          0     "	10661	2012-02-26	"Sun"	"Evening"	"000"	0	0	0	0	"00"	"00"	0	0
"10660     Sun. Feb 26, 2012          3          7          6     "	10660	2012-02-26	"Sun"	"Midday"	"376"	3	7	6	16	"37"	"76"	10	13
"10659     Sat. Feb 25, 2012          1          4          1     "	10659	2012-02-25	"Sat"	"Evening"	"141"	1	4	1	6	"14"	"41"	5	5
"10658     Sat. Feb 25, 2012          3          2          3     "	10658	2012-02-25	"Sat"	"Midday"	"323"	3	2	3	8	"32"	"23"	5	5
"10657     Fri. Feb 24, 2012          9          5          3     "	10657	2012-02-24	"Fri"	"Evening"	"953"	9	5	3	17	"95"	"53"	14	8
"10656     Fri. Feb 24, 2012          1          0          7     "	10656	2012-02-24	"Fri"	"Midday"	"107"	1	0	7	8	"10"	"07"	1	7
"10655     Thu. Feb 23, 2012          6          3          0     "	10655	2012-02-23	"Thu"	"Evening"	"630"	6	3	0	9	"63"	"30"	9	3
"10654     Thu. Feb 23, 2012          5          7          3     "	10654	2012-02-23	"Thu"	"Midday"	"573"	5	7	3	15	"57"	"73"	12	10
"10653     Wed. Feb 22, 2012          3          1          7     "	10653	2012-02-22	"Wed"	"Evening"	"317"	3	1	7	11	"31"	"17"	4	8
"10652     Wed. Feb 22, 2012          0          2          3     "	10652	2012-02-22	"Wed"	"Midday"	"023"	0	2	3	5	"02"	"23"	2	5
"10651     Tue. Feb 21, 2012          4          8          0     "	10651	2012-02-21	"Tue"	"Evening"	"480"	4	8	0	12	"48"	"80"	12	8
"10650     Tue. Feb 21, 2012          8          4          3     "	10650	2012-02-21	"Tue"	"Midday"	"843"	8	4	3	15	"84"	"43"	12	7
"10649     Mon. Feb 20, 2012          6          9          7     "	10649	2012-02-20	"Mon"	"Evening"	"697"	6	9	7	22	"69"	"97"	15	16
"10648     Mon. Feb 20, 2012          1          0          3     "	10648	2012-02-20	"Mon"	"Midday"	"103"	1	0	3	4	"10"	"03"	1	3
"10647     Sun. Feb 19, 2012          6          2          2     "	10647	2012-02-19	"Sun"	"Evening"	"622"	6	2	2	10	"62"	"22"	8	4
"10646     Sun. Feb 19, 2012          2          0          3     "	10646	2012-02-19	"Sun"	"Midday"	"203"	2	0	3	5	"20"	"03"	2	3
"10645     Sat. Feb 18, 2012          5          3          5     "	10645	2012-02-18	"Sat"	"Evening"	"535"	5	3	5	13	"53"	"35"	8	8
"10644     Sat. Feb 18, 2012          1          4          5     "	10644	2012-02-18	"Sat"	"Midday"	"145"	1	4	5	10	"14"	"45"	5	9
"10643     Fri. Feb 17, 2012          9          8          3     "	10643	2012-02-17	"Fri"	"Evening"	"983"	9	8	3	20	"98"	"83"	17	11
"10642     Fri. Feb 17, 2012          6          3          3     "	10642	2012-02-17	"Fri"	"Midday"	"633"	6	3	3	12	"63"	"33"	9	6
"10641     Thu. Feb 16, 2012          5          6          5     "	10641	2012-02-16	"Thu"	"Evening"	"565"	5	6	5	16	"56"	"65"	11	11
"10640     Thu. Feb 16, 2012          0          7          7     "	10640	2012-02-16	"Thu"	"Midday"	"077"	0	7	7	14	"07"	"77"	7	14
"10639     Wed. Feb 15, 2012          6          5          9     "	10639	2012-02-15	"Wed"	"Evening"	"659"	6	5	9	20	"65"	"59"	11	14
"10638     Wed. Feb 15, 2012          4          3          7     "	10638	2012-02-15	"Wed"	"Midday"	"437"	4	3	7	14	"43"	"37"	7	10
"10637     Tue. Feb 14, 2012          4          3          5     "	10637	2012-02-14	"Tue"	"Evening"	"435"	4	3	5	12	"43"	"35"	7	8
"10636     Tue. Feb 14, 2012          4          6          5     "	10636	2012-02-14	"Tue"	"Midday"	"465"	4	6	5	15	"46"	"65"	10	11
"10635     Mon. Feb 13, 2012          4          6          9     "	10635	2012-02-13	"Mon"	"Evening"	"469"	4	6	9	19	"46"	"69"	10	15
"10634     Mon. Feb 13, 2012          6          5          1     "	10634	2012-02-13	"Mon"	"Midday"	"651"	6	5	1	12	"65"	"51"	11	6
"10633     Sun. Feb 12, 2012          1          9          9     "	10633	2012-02-12	"Sun"	"Evening"	"199"	1	9	9	19	"19"	"99"	10	18
"10632     Sun. Feb 12, 2012          2          3          4     "	10632	2012-02-12	"Sun"	"Midday"	"234"	2	3	4	9	"23"	"34"	5	7
"10631     Sat. Feb 11, 2012          2          0          2     "	10631	2012-02-11	"Sat"	"Evening"	"202"	2	0	2	4	"20"	"02"	2	2
"10630     Sat. Feb 11, 2012          0          6          6     "	10630	2012-02-11	"Sat"	"Midday"	"066"	0	6	6	12	"06"	"66"	6	12
"10629     Fri. Feb 10, 2012          1          7          3     "	10629	2012-02-10	"Fri"	"Evening"	"173"	1	7	3	11	"17"	"73"	8	10
"10628     Fri. Feb 10, 2012          4          4          0     "	10628	2012-02-10	"Fri"	"Midday"	"440"	4	4	0	8	"44"	"40"	8	4
"10627     Thu. Feb 09, 2012          1          4          7     "	10627	2012-02-09	"Thu"	"Evening"	"147"	1	4	7	12	"14"	"47"	5	11
"10626     Thu. Feb 09, 2012          4          1          2     "	10626	2012-02-09	"Thu"	"Midday"	"412"	4	1	2	7	"41"	"12"	5	3
"10625     Wed. Feb 08, 2012          7          0          9     "	10625	2012-02-08	"Wed"	"Evening"	"709"	7	0	9	16	"70"	"09"	7	9
"10624     Wed. Feb 08, 2012          8          7          3     "	10624	2012-02-08	"Wed"	"Midday"	"873"	8	7	3	18	"87"	"73"	15	10
"10623     Tue. Feb 07, 2012          8          4          5     "	10623	2012-02-07	"Tue"	"Evening"	"845"	8	4	5	17	"84"	"45"	12	9
"10622     Tue. Feb 07, 2012          2          8          4     "	10622	2012-02-07	"Tue"	"Midday"	"284"	2	8	4	14	"28"	"84"	10	12
"10621     Mon. Feb 06, 2012          1          2          2     "	10621	2012-02-06	"Mon"	"Evening"	"122"	1	2	2	5	"12"	"22"	3	4
"10620     Mon. Feb 06, 2012          7          1          4     "	10620	2012-02-06	"Mon"	"Midday"	"714"	7	1	4	12	"71"	"14"	8	5
"10619     Sun. Feb 05, 2012          2          2          0     "	10619	2012-02-05	"Sun"	"Evening"	"220"	2	2	0	4	"22"	"20"	4	2
"10618     Sun. Feb 05, 2012          3          6          6     "	10618	2012-02-05	"Sun"	"Midday"	"366"	3	6	6	15	"36"	"66"	9	12
"10617     Sat. Feb 04, 2012          4          5          1     "	10617	2012-02-04	"Sat"	"Evening"	"451"	4	5	1	10	"45"	"51"	9	6
"10616     Sat. Feb 04, 2012          8          1          8     "	10616	2012-02-04	"Sat"	"Midday"	"818"	8	1	8	17	"81"	"18"	9	9
"10615     Fri. Feb 03, 2012          1          3          0     "	10615	2012-02-03	"Fri"	"Evening"	"130"	1	3	0	4	"13"	"30"	4	3
"10614     Fri. Feb 03, 2012          4          5          4     "	10614	2012-02-03	"Fri"	"Midday"	"454"	4	5	4	13	"45"	"54"	9	9
"10613     Thu. Feb 02, 2012          1          3          8     "	10613	2012-02-02	"Thu"	"Evening"	"138"	1	3	8	12	"13"	"38"	4	11
"10612     Thu. Feb 02, 2012          4          4          7     "	10612	2012-02-02	"Thu"	"Midday"	"447"	4	4	7	15	"44"	"47"	8	11
"10611     Wed. Feb 01, 2012          6          2          3     "	10611	2012-02-01	"Wed"	"Evening"	"623"	6	2	3	11	"62"	"23"	8	5
"10610     Wed. Feb 01, 2012          7          1          1     "	10610	2012-02-01	"Wed"	"Midday"	"711"	7	1	1	9	"71"	"11"	8	2
"10609     Tue. Jan 31, 2012          9          3          4     "	10609	2012-01-31	"Tue"	"Evening"	"934"	9	3	4	16	"93"	"34"	12	7
"10608     Tue. Jan 31, 2012          7          2          8     "	10608	2012-01-31	"Tue"	"Midday"	"728"	7	2	8	17	"72"	"28"	9	10
"10607     Mon. Jan 30, 2012          9          4          0     "	10607	2012-01-30	"Mon"	"Evening"	"940"	9	4	0	13	"94"	"40"	13	4
"10606     Mon. Jan 30, 2012          1          6          8     "	10606	2012-01-30	"Mon"	"Midday"	"168"	1	6	8	15	"16"	"68"	7	14
"10605     Sun. Jan 29, 2012          5          9          8     "	10605	2012-01-29	"Sun"	"Evening"	"598"	5	9	8	22	"59"	"98"	14	17
"10604     Sun. Jan 29, 2012          9          1          7     "	10604	2012-01-29	"Sun"	"Midday"	"917"	9	1	7	17	"91"	"17"	10	8
"10603     Sat. Jan 28, 2012          2          7          0     "	10603	2012-01-28	"Sat"	"Evening"	"270"	2	7	0	9	"27"	"70"	9	7
"10602     Sat. Jan 28, 2012          1          6          1     "	10602	2012-01-28	"Sat"	"Midday"	"161"	1	6	1	8	"16"	"61"	7	7
"10601     Fri. Jan 27, 2012          4          0          4     "	10601	2012-01-27	"Fri"	"Evening"	"404"	4	0	4	8	"40"	"04"	4	4
"10600     Fri. Jan 27, 2012          7          5          1     "	10600	2012-01-27	"Fri"	"Midday"	"751"	7	5	1	13	"75"	"51"	12	6
"10599     Thu. Jan 26, 2012          6          0          0     "	10599	2012-01-26	"Thu"	"Evening"	"600"	6	0	0	6	"60"	"00"	6	0
"10598     Thu. Jan 26, 2012          7          7          0     "	10598	2012-01-26	"Thu"	"Midday"	"770"	7	7	0	14	"77"	"70"	14	7
"10597     Wed. Jan 25, 2012          8          9          1     "	10597	2012-01-25	"Wed"	"Evening"	"891"	8	9	1	18	"89"	"91"	17	10
"10596     Wed. Jan 25, 2012          6          4          6     "	10596	2012-01-25	"Wed"	"Midday"	"646"	6	4	6	16	"64"	"46"	10	10
"10595     Tue. Jan 24, 2012          8          5          0     "	10595	2012-01-24	"Tue"	"Evening"	"850"	8	5	0	13	"85"	"50"	13	5
"10594     Tue. Jan 24, 2012          2          2          2     "	10594	2012-01-24	"Tue"	"Midday"	"222"	2	2	2	6	"22"	"22"	4	4
"10593     Mon. Jan 23, 2012          2          2          9     "	10593	2012-01-23	"Mon"	"Evening"	"229"	2	2	9	13	"22"	"29"	4	11
"10592     Mon. Jan 23, 2012          1          0          2     "	10592	2012-01-23	"Mon"	"Midday"	"102"	1	0	2	3	"10"	"02"	1	2
"10591     Sun. Jan 22, 2012          0          7          0     "	10591	2012-01-22	"Sun"	"Evening"	"070"	0	7	0	7	"07"	"70"	7	7
"10590     Sun. Jan 22, 2012          1          5          5     "	10590	2012-01-22	"Sun"	"Midday"	"155"	1	5	5	11	"15"	"55"	6	10
"10589     Sat. Jan 21, 2012          3          0          3     "	10589	2012-01-21	"Sat"	"Evening"	"303"	3	0	3	6	"30"	"03"	3	3
"10588     Sat. Jan 21, 2012          4          0          0     "	10588	2012-01-21	"Sat"	"Midday"	"400"	4	0	0	4	"40"	"00"	4	0
"10587     Fri. Jan 20, 2012          1          0          7     "	10587	2012-01-20	"Fri"	"Evening"	"107"	1	0	7	8	"10"	"07"	1	7
"10586     Fri. Jan 20, 2012          3          7          6     "	10586	2012-01-20	"Fri"	"Midday"	"376"	3	7	6	16	"37"	"76"	10	13
"10585     Thu. Jan 19, 2012          7          2          0     "	10585	2012-01-19	"Thu"	"Evening"	"720"	7	2	0	9	"72"	"20"	9	2
"10584     Thu. Jan 19, 2012          2          5          8     "	10584	2012-01-19	"Thu"	"Midday"	"258"	2	5	8	15	"25"	"58"	7	13
"10583     Wed. Jan 18, 2012          0          4          1     "	10583	2012-01-18	"Wed"	"Evening"	"041"	0	4	1	5	"04"	"41"	4	5
"10582     Wed. Jan 18, 2012          0          5          8     "	10582	2012-01-18	"Wed"	"Midday"	"058"	0	5	8	13	"05"	"58"	5	13
"10581     Tue. Jan 17, 2012          4          3          4     "	10581	2012-01-17	"Tue"	"Evening"	"434"	4	3	4	11	"43"	"34"	7	7
"10580     Tue. Jan 17, 2012          6          1          0     "	10580	2012-01-17	"Tue"	"Midday"	"610"	6	1	0	7	"61"	"10"	7	1
"10579     Mon. Jan 16, 2012          0          6          3     "	10579	2012-01-16	"Mon"	"Evening"	"063"	0	6	3	9	"06"	"63"	6	9
"10578     Mon. Jan 16, 2012          5          4          7     "	10578	2012-01-16	"Mon"	"Midday"	"547"	5	4	7	16	"54"	"47"	9	11
"10577     Sun. Jan 15, 2012          4          3          2     "	10577	2012-01-15	"Sun"	"Evening"	"432"	4	3	2	9	"43"	"32"	7	5
"10576     Sun. Jan 15, 2012          7          2          2     "	10576	2012-01-15	"Sun"	"Midday"	"722"	7	2	2	11	"72"	"22"	9	4
"10575     Sat. Jan 14, 2012          2          1          4     "	10575	2012-01-14	"Sat"	"Evening"	"214"	2	1	4	7	"21"	"14"	3	5
"10574     Sat. Jan 14, 2012          7          4          7     "	10574	2012-01-14	"Sat"	"Midday"	"747"	7	4	7	18	"74"	"47"	11	11
"10573     Fri. Jan 13, 2012          3          6          2     "	10573	2012-01-13	"Fri"	"Evening"	"362"	3	6	2	11	"36"	"62"	9	8
"10572     Fri. Jan 13, 2012          5          2          6     "	10572	2012-01-13	"Fri"	"Midday"	"526"	5	2	6	13	"52"	"26"	7	8
"10571     Thu. Jan 12, 2012          0          7          8     "	10571	2012-01-12	"Thu"	"Evening"	"078"	0	7	8	15	"07"	"78"	7	15
"10570     Thu. Jan 12, 2012          4          0          8     "	10570	2012-01-12	"Thu"	"Midday"	"408"	4	0	8	12	"40"	"08"	4	8
"10569     Wed. Jan 11, 2012          1          8          7     "	10569	2012-01-11	"Wed"	"Evening"	"187"	1	8	7	16	"18"	"87"	9	15
"10568     Wed. Jan 11, 2012          1          5          9     "	10568	2012-01-11	"Wed"	"Midday"	"159"	1	5	9	15	"15"	"59"	6	14
"10567     Tue. Jan 10, 2012          8          0          2     "	10567	2012-01-10	"Tue"	"Evening"	"802"	8	0	2	10	"80"	"02"	8	2
"10566     Tue. Jan 10, 2012          7          3          3     "	10566	2012-01-10	"Tue"	"Midday"	"733"	7	3	3	13	"73"	"33"	10	6
"10565     Mon. Jan 09, 2012          5          3          1     "	10565	2012-01-09	"Mon"	"Evening"	"531"	5	3	1	9	"53"	"31"	8	4
"10564     Mon. Jan 09, 2012          5          7          7     "	10564	2012-01-09	"Mon"	"Midday"	"577"	5	7	7	19	"57"	"77"	12	14
"10563     Sun. Jan 08, 2012          5          6          9     "	10563	2012-01-08	"Sun"	"Evening"	"569"	5	6	9	20	"56"	"69"	11	15
"10562     Sun. Jan 08, 2012          3          2          3     "	10562	2012-01-08	"Sun"	"Midday"	"323"	3	2	3	8	"32"	"23"	5	5
"10561     Sat. Jan 07, 2012          9          5          8     "	10561	2012-01-07	"Sat"	"Evening"	"958"	9	5	8	22	"95"	"58"	14	13
"10560     Sat. Jan 07, 2012          0          0          9     "	10560	2012-01-07	"Sat"	"Midday"	"009"	0	0	9	9	"00"	"09"	0	9
"10559     Fri. Jan 06, 2012          0          8          2     "	10559	2012-01-06	"Fri"	"Evening"	"082"	0	8	2	10	"08"	"82"	8	10
"10558     Fri. Jan 06, 2012          7          6          2     "	10558	2012-01-06	"Fri"	"Midday"	"762"	7	6	2	15	"76"	"62"	13	8
"10557     Thu. Jan 05, 2012          3          4          6     "	10557	2012-01-05	"Thu"	"Evening"	"346"	3	4	6	13	"34"	"46"	7	10
"10556     Thu. Jan 05, 2012          8          9          1     "	10556	2012-01-05	"Thu"	"Midday"	"891"	8	9	1	18	"89"	"91"	17	10
"10555     Wed. Jan 04, 2012          5          2          3     "	10555	2012-01-04	"Wed"	"Evening"	"523"	5	2	3	10	"52"	"23"	7	5
"10554     Wed. Jan 04, 2012          4          6          7     "	10554	2012-01-04	"Wed"	"Midday"	"467"	4	6	7	17	"46"	"67"	10	13
"10553     Tue. Jan 03, 2012          6          5          3     "	10553	2012-01-03	"Tue"	"Evening"	"653"	6	5	3	14	"65"	"53"	11	8
"10552     Tue. Jan 03, 2012          0          0          8     "	10552	2012-01-03	"Tue"	"Midday"	"008"	0	0	8	8	"00"	"08"	0	8
"10551     Mon. Jan 02, 2012          1          0          6     "	10551	2012-01-02	"Mon"	"Evening"	"106"	1	0	6	7	"10"	"06"	1	6
"10550     Mon. Jan 02, 2012          9          3          0     "	10550	2012-01-02	"Mon"	"Midday"	"930"	9	3	0	12	"93"	"30"	12	3
"10549     Sun. Jan 01, 2012          8          7          7     "	10549	2012-01-01	"Sun"	"Evening"	"877"	8	7	7	22	"87"	"77"	15	14
"10548     Sun. Jan 01, 2012          1          0          2     "	10548	2012-01-01	"Sun"	"Midday"	"102"	1	0	2	3	"10"	"02"	1	2
"10547     Sat. Dec 31, 2011          4          5          8     "	10547	2011-12-31	"Sat"	"Evening"	"458"	4	5	8	17	"45"	"58"	9	13
"10546     Sat. Dec 31, 2011          0          4          0     "	10546	2011-12-31	"Sat"	"Midday"	"040"	0	4	0	4	"04"	"40"	4	4
"10545     Fri. Dec 30, 2011          8          7          3     "	10545	2011-12-30	"Fri"	"Evening"	"873"	8	7	3	18	"87"	"73"	15	10
"10544     Fri. Dec 30, 2011          6          5          5     "	10544	2011-12-30	"Fri"	"Midday"	"655"	6	5	5	16	"65"	"55"	11	10
"10543     Thu. Dec 29, 2011          5          7          2     "	10543	2011-12-29	"Thu"	"Evening"	"572"	5	7	2	14	"57"	"72"	12	9
"10542     Thu. Dec 29, 2011          4          8          0     "	10542	2011-12-29	"Thu"	"Midday"	"480"	4	8	0	12	"48"	"80"	12	8
"10541     Wed. Dec 28, 2011          2          7          9     "	10541	2011-12-28	"Wed"	"Evening"	"279"	2	7	9	18	"27"	"79"	9	16
"10540     Wed. Dec 28, 2011          2          3          6     "	10540	2011-12-28	"Wed"	"Midday"	"236"	2	3	6	11	"23"	"36"	5	9
"10539     Tue. Dec 27, 2011          9          0          8     "	10539	2011-12-27	"Tue"	"Evening"	"908"	9	0	8	17	"90"	"08"	9	8
"10538     Tue. Dec 27, 2011          1          2          3     "	10538	2011-12-27	"Tue"	"Midday"	"123"	1	2	3	6	"12"	"23"	3	5
"10537     Mon. Dec 26, 2011          1          6          5     "	10537	2011-12-26	"Mon"	"Evening"	"165"	1	6	5	12	"16"	"65"	7	11
"10536     Mon. Dec 26, 2011          6          6          9     "	10536	2011-12-26	"Mon"	"Midday"	"669"	6	6	9	21	"66"	"69"	12	15
"10535     Sun. Dec 25, 2011          1          3          1     "	10535	2011-12-25	"Sun"	"Evening"	"131"	1	3	1	5	"13"	"31"	4	4
"10534     Sun. Dec 25, 2011          7          9          5     "	10534	2011-12-25	"Sun"	"Midday"	"795"	7	9	5	21	"79"	"95"	16	14
"10533     Sat. Dec 24, 2011          6          3          1     "	10533	2011-12-24	"Sat"	"Evening"	"631"	6	3	1	10	"63"	"31"	9	4
"10532     Sat. Dec 24, 2011          6          7          5     "	10532	2011-12-24	"Sat"	"Midday"	"675"	6	7	5	18	"67"	"75"	13	12
"10531     Fri. Dec 23, 2011          7          4          3     "	10531	2011-12-23	"Fri"	"Evening"	"743"	7	4	3	14	"74"	"43"	11	7
"10530     Fri. Dec 23, 2011          9          1          8     "	10530	2011-12-23	"Fri"	"Midday"	"918"	9	1	8	18	"91"	"18"	10	9
"10529     Thu. Dec 22, 2011          3          1          6     "	10529	2011-12-22	"Thu"	"Evening"	"316"	3	1	6	10	"31"	"16"	4	7
"10528     Thu. Dec 22, 2011          6          7          1     "	10528	2011-12-22	"Thu"	"Midday"	"671"	6	7	1	14	"67"	"71"	13	8
"10527     Wed. Dec 21, 2011          2          4          4     "	10527	2011-12-21	"Wed"	"Evening"	"244"	2	4	4	10	"24"	"44"	6	8
"10526     Wed. Dec 21, 2011          8          6          4     "	10526	2011-12-21	"Wed"	"Midday"	"864"	8	6	4	18	"86"	"64"	14	10
"10525     Tue. Dec 20, 2011          2          6          5     "	10525	2011-12-20	"Tue"	"Evening"	"265"	2	6	5	13	"26"	"65"	8	11
"10524     Tue. Dec 20, 2011          6          5          5     "	10524	2011-12-20	"Tue"	"Midday"	"655"	6	5	5	16	"65"	"55"	11	10
"10523     Mon. Dec 19, 2011          3          8          7     "	10523	2011-12-19	"Mon"	"Evening"	"387"	3	8	7	18	"38"	"87"	11	15
"10522     Mon. Dec 19, 2011          1          4          7     "	10522	2011-12-19	"Mon"	"Midday"	"147"	1	4	7	12	"14"	"47"	5	11
"10521     Sun. Dec 18, 2011          0          0          9     "	10521	2011-12-18	"Sun"	"Evening"	"009"	0	0	9	9	"00"	"09"	0	9
"10520     Sun. Dec 18, 2011          4          3          5     "	10520	2011-12-18	"Sun"	"Midday"	"435"	4	3	5	12	"43"	"35"	7	8
"10519     Sat. Dec 17, 2011          0          1          2     "	10519	2011-12-17	"Sat"	"Evening"	"012"	0	1	2	3	"01"	"12"	1	3
"10518     Sat. Dec 17, 2011          2          1          3     "	10518	2011-12-17	"Sat"	"Midday"	"213"	2	1	3	6	"21"	"13"	3	4
"10517     Fri. Dec 16, 2011          4          5          5     "	10517	2011-12-16	"Fri"	"Evening"	"455"	4	5	5	14	"45"	"55"	9	10
"10516     Fri. Dec 16, 2011          1          8          2     "	10516	2011-12-16	"Fri"	"Midday"	"182"	1	8	2	11	"18"	"82"	9	10
"10515     Thu. Dec 15, 2011          3          5          3     "	10515	2011-12-15	"Thu"	"Evening"	"353"	3	5	3	11	"35"	"53"	8	8
"10514     Thu. Dec 15, 2011          0          6          0     "	10514	2011-12-15	"Thu"	"Midday"	"060"	0	6	0	6	"06"	"60"	6	6
"10513     Wed. Dec 14, 2011          7          6          6     "	10513	2011-12-14	"Wed"	"Evening"	"766"	7	6	6	19	"76"	"66"	13	12
"10512     Wed. Dec 14, 2011          9          3          5     "	10512	2011-12-14	"Wed"	"Midday"	"935"	9	3	5	17	"93"	"35"	12	8
"10511     Tue. Dec 13, 2011          6          1          0     "	10511	2011-12-13	"Tue"	"Evening"	"610"	6	1	0	7	"61"	"10"	7	1
"10510     Tue. Dec 13, 2011          5          7          5     "	10510	2011-12-13	"Tue"	"Midday"	"575"	5	7	5	17	"57"	"75"	12	12
"10509     Mon. Dec 12, 2011          1          7          1     "	10509	2011-12-12	"Mon"	"Evening"	"171"	1	7	1	9	"17"	"71"	8	8
"10508     Mon. Dec 12, 2011          7          5          4     "	10508	2011-12-12	"Mon"	"Midday"	"754"	7	5	4	16	"75"	"54"	12	9
"10507     Sun. Dec 11, 2011          3          8          7     "	10507	2011-12-11	"Sun"	"Evening"	"387"	3	8	7	18	"38"	"87"	11	15
"10506     Sun. Dec 11, 2011          6          2          2     "	10506	2011-12-11	"Sun"	"Midday"	"622"	6	2	2	10	"62"	"22"	8	4
"10505     Sat. Dec 10, 2011          2          3          1     "	10505	2011-12-10	"Sat"	"Evening"	"231"	2	3	1	6	"23"	"31"	5	4
"10504     Sat. Dec 10, 2011          9          6          1     "	10504	2011-12-10	"Sat"	"Midday"	"961"	9	6	1	16	"96"	"61"	15	7
"10503     Fri. Dec 09, 2011          3          1          1     "	10503	2011-12-09	"Fri"	"Evening"	"311"	3	1	1	5	"31"	"11"	4	2
"10502     Fri. Dec 09, 2011          4          4          4     "	10502	2011-12-09	"Fri"	"Midday"	"444"	4	4	4	12	"44"	"44"	8	8
"10501     Thu. Dec 08, 2011          7          5          2     "	10501	2011-12-08	"Thu"	"Evening"	"752"	7	5	2	14	"75"	"52"	12	7
"10500     Thu. Dec 08, 2011          4          3          1     "	10500	2011-12-08	"Thu"	"Midday"	"431"	4	3	1	8	"43"	"31"	7	4
"10499     Wed. Dec 07, 2011          9          9          4     "	10499	2011-12-07	"Wed"	"Evening"	"994"	9	9	4	22	"99"	"94"	18	13
"10498     Wed. Dec 07, 2011          2          3          9     "	10498	2011-12-07	"Wed"	"Midday"	"239"	2	3	9	14	"23"	"39"	5	12
"10497     Tue. Dec 06, 2011          6          3          2     "	10497	2011-12-06	"Tue"	"Evening"	"632"	6	3	2	11	"63"	"32"	9	5
"10496     Tue. Dec 06, 2011          5          5          8     "	10496	2011-12-06	"Tue"	"Midday"	"558"	5	5	8	18	"55"	"58"	10	13
"10495     Mon. Dec 05, 2011          9          1          5     "	10495	2011-12-05	"Mon"	"Evening"	"915"	9	1	5	15	"91"	"15"	10	6
"10494     Mon. Dec 05, 2011          5          1          1     "	10494	2011-12-05	"Mon"	"Midday"	"511"	5	1	1	7	"51"	"11"	6	2
"10493     Sun. Dec 04, 2011          8          0          6     "	10493	2011-12-04	"Sun"	"Evening"	"806"	8	0	6	14	"80"	"06"	8	6
"10492     Sun. Dec 04, 2011          1          5          8     "	10492	2011-12-04	"Sun"	"Midday"	"158"	1	5	8	14	"15"	"58"	6	13
"10491     Sat. Dec 03, 2011          1          0          6     "	10491	2011-12-03	"Sat"	"Evening"	"106"	1	0	6	7	"10"	"06"	1	6
"10490     Sat. Dec 03, 2011          0          5          6     "	10490	2011-12-03	"Sat"	"Midday"	"056"	0	5	6	11	"05"	"56"	5	11
"10489     Fri. Dec 02, 2011          9          6          3     "	10489	2011-12-02	"Fri"	"Evening"	"963"	9	6	3	18	"96"	"63"	15	9
"10488     Fri. Dec 02, 2011          3          5          2     "	10488	2011-12-02	"Fri"	"Midday"	"352"	3	5	2	10	"35"	"52"	8	7
"10487     Thu. Dec 01, 2011          2          2          8     "	10487	2011-12-01	"Thu"	"Evening"	"228"	2	2	8	12	"22"	"28"	4	10
"10486     Thu. Dec 01, 2011          6          0          1     "	10486	2011-12-01	"Thu"	"Midday"	"601"	6	0	1	7	"60"	"01"	6	1
"10485     Wed. Nov 30, 2011          6          6          8     "	10485	2011-11-30	"Wed"	"Evening"	"668"	6	6	8	20	"66"	"68"	12	14
"10484     Wed. Nov 30, 2011          5          0          3     "	10484	2011-11-30	"Wed"	"Midday"	"503"	5	0	3	8	"50"	"03"	5	3
"10483     Tue. Nov 29, 2011          7          4          6     "	10483	2011-11-29	"Tue"	"Evening"	"746"	7	4	6	17	"74"	"46"	11	10
"10482     Tue. Nov 29, 2011          3          5          9     "	10482	2011-11-29	"Tue"	"Midday"	"359"	3	5	9	17	"35"	"59"	8	14
"10481     Mon. Nov 28, 2011          5          8          0     "	10481	2011-11-28	"Mon"	"Evening"	"580"	5	8	0	13	"58"	"80"	13	8
"10480     Mon. Nov 28, 2011          4          4          5     "	10480	2011-11-28	"Mon"	"Midday"	"445"	4	4	5	13	"44"	"45"	8	9
"10479     Sun. Nov 27, 2011          9          7          6     "	10479	2011-11-27	"Sun"	"Evening"	"976"	9	7	6	22	"97"	"76"	16	13
"10478     Sun. Nov 27, 2011          5          9          5     "	10478	2011-11-27	"Sun"	"Midday"	"595"	5	9	5	19	"59"	"95"	14	14
"10477     Sat. Nov 26, 2011          4          2          1     "	10477	2011-11-26	"Sat"	"Evening"	"421"	4	2	1	7	"42"	"21"	6	3
"10476     Sat. Nov 26, 2011          9          6          4     "	10476	2011-11-26	"Sat"	"Midday"	"964"	9	6	4	19	"96"	"64"	15	10
"10475     Fri. Nov 25, 2011          6          7          7     "	10475	2011-11-25	"Fri"	"Evening"	"677"	6	7	7	20	"67"	"77"	13	14
"10474     Fri. Nov 25, 2011          4          6          4     "	10474	2011-11-25	"Fri"	"Midday"	"464"	4	6	4	14	"46"	"64"	10	10
"10473     Thu. Nov 24, 2011          1          3          9     "	10473	2011-11-24	"Thu"	"Evening"	"139"	1	3	9	13	"13"	"39"	4	12
"10472     Thu. Nov 24, 2011          4          8          3     "	10472	2011-11-24	"Thu"	"Midday"	"483"	4	8	3	15	"48"	"83"	12	11
"10471     Wed. Nov 23, 2011          3          9          1     "	10471	2011-11-23	"Wed"	"Evening"	"391"	3	9	1	13	"39"	"91"	12	10
"10470     Wed. Nov 23, 2011          2          6          9     "	10470	2011-11-23	"Wed"	"Midday"	"269"	2	6	9	17	"26"	"69"	8	15
"10469     Tue. Nov 22, 2011          3          7          9     "	10469	2011-11-22	"Tue"	"Evening"	"379"	3	7	9	19	"37"	"79"	10	16
"10468     Tue. Nov 22, 2011          5          9          4     "	10468	2011-11-22	"Tue"	"Midday"	"594"	5	9	4	18	"59"	"94"	14	13
"10467     Mon. Nov 21, 2011          6          4          6     "	10467	2011-11-21	"Mon"	"Evening"	"646"	6	4	6	16	"64"	"46"	10	10
"10466     Mon. Nov 21, 2011          7          0          5     "	10466	2011-11-21	"Mon"	"Midday"	"705"	7	0	5	12	"70"	"05"	7	5
"10465     Sun. Nov 20, 2011          0          9          1     "	10465	2011-11-20	"Sun"	"Evening"	"091"	0	9	1	10	"09"	"91"	9	10
"10464     Sun. Nov 20, 2011          8          3          5     "	10464	2011-11-20	"Sun"	"Midday"	"835"	8	3	5	16	"83"	"35"	11	8
"10463     Sat. Nov 19, 2011          9          4          3     "	10463	2011-11-19	"Sat"	"Evening"	"943"	9	4	3	16	"94"	"43"	13	7
"10462     Sat. Nov 19, 2011          4          3          0     "	10462	2011-11-19	"Sat"	"Midday"	"430"	4	3	0	7	"43"	"30"	7	3
"10461     Fri. Nov 18, 2011          1          0          6     "	10461	2011-11-18	"Fri"	"Evening"	"106"	1	0	6	7	"10"	"06"	1	6
"10460     Fri. Nov 18, 2011          9          4          4     "	10460	2011-11-18	"Fri"	"Midday"	"944"	9	4	4	17	"94"	"44"	13	8
"10459     Thu. Nov 17, 2011          9          3          0     "	10459	2011-11-17	"Thu"	"Evening"	"930"	9	3	0	12	"93"	"30"	12	3
"10458     Thu. Nov 17, 2011          8          2          3     "	10458	2011-11-17	"Thu"	"Midday"	"823"	8	2	3	13	"82"	"23"	10	5
"10457     Wed. Nov 16, 2011          9          6          6     "	10457	2011-11-16	"Wed"	"Evening"	"966"	9	6	6	21	"96"	"66"	15	12
"10456     Wed. Nov 16, 2011          8          3          1     "	10456	2011-11-16	"Wed"	"Midday"	"831"	8	3	1	12	"83"	"31"	11	4
"10455     Tue. Nov 15, 2011          9          5          3     "	10455	2011-11-15	"Tue"	"Evening"	"953"	9	5	3	17	"95"	"53"	14	8
"10454     Tue. Nov 15, 2011          7          8          9     "	10454	2011-11-15	"Tue"	"Midday"	"789"	7	8	9	24	"78"	"89"	15	17
"10453     Mon. Nov 14, 2011          5          7          1     "	10453	2011-11-14	"Mon"	"Evening"	"571"	5	7	1	13	"57"	"71"	12	8
"10452     Mon. Nov 14, 2011          3          6          5     "	10452	2011-11-14	"Mon"	"Midday"	"365"	3	6	5	14	"36"	"65"	9	11
"10451     Sun. Nov 13, 2011          2          1          5     "	10451	2011-11-13	"Sun"	"Evening"	"215"	2	1	5	8	"21"	"15"	3	6
"10450     Sun. Nov 13, 2011          0          4          9     "	10450	2011-11-13	"Sun"	"Midday"	"049"	0	4	9	13	"04"	"49"	4	13
"10449     Sat. Nov 12, 2011          9          6          0     "	10449	2011-11-12	"Sat"	"Evening"	"960"	9	6	0	15	"96"	"60"	15	6
"10448     Sat. Nov 12, 2011          6          5          5     "	10448	2011-11-12	"Sat"	"Midday"	"655"	6	5	5	16	"65"	"55"	11	10
"10447     Fri. Nov 11, 2011          7          1          5     "	10447	2011-11-11	"Fri"	"Evening"	"715"	7	1	5	13	"71"	"15"	8	6
"10446     Fri. Nov 11, 2011          6          6          0     "	10446	2011-11-11	"Fri"	"Midday"	"660"	6	6	0	12	"66"	"60"	12	6
"10445     Thu. Nov 10, 2011          2          8          2     "	10445	2011-11-10	"Thu"	"Evening"	"282"	2	8	2	12	"28"	"82"	10	10
"10444     Thu. Nov 10, 2011          5          6          5     "	10444	2011-11-10	"Thu"	"Midday"	"565"	5	6	5	16	"56"	"65"	11	11
"10443     Wed. Nov 09, 2011          6          3          5     "	10443	2011-11-09	"Wed"	"Evening"	"635"	6	3	5	14	"63"	"35"	9	8
"10442     Wed. Nov 09, 2011          1          1          0     "	10442	2011-11-09	"Wed"	"Midday"	"110"	1	1	0	2	"11"	"10"	2	1
"10441     Tue. Nov 08, 2011          9          6          6     "	10441	2011-11-08	"Tue"	"Evening"	"966"	9	6	6	21	"96"	"66"	15	12
"10440     Tue. Nov 08, 2011          8          2          5     "	10440	2011-11-08	"Tue"	"Midday"	"825"	8	2	5	15	"82"	"25"	10	7
"10439     Mon. Nov 07, 2011          2          5          2     "	10439	2011-11-07	"Mon"	"Evening"	"252"	2	5	2	9	"25"	"52"	7	7
"10438     Mon. Nov 07, 2011          6          7          1     "	10438	2011-11-07	"Mon"	"Midday"	"671"	6	7	1	14	"67"	"71"	13	8
"10438     Mon. Nov 07, 2011          6          7          1     "	10438	2011-11-07	"Mon"	"Midday"	"671"	6	7	1	14	"67"	"71"	13	8
"10437     Sun. Nov 06, 2011          9          3          8     "	10437	2011-11-06	"Sun"	"Evening"	"938"	9	3	8	20	"93"	"38"	12	11
"10436     Sun. Nov 06, 2011          8          3          4     "	10436	2011-11-06	"Sun"	"Midday"	"834"	8	3	4	15	"83"	"34"	11	7
"10435     Sat. Nov 05, 2011          0          1          0     "	10435	2011-11-05	"Sat"	"Evening"	"010"	0	1	0	1	"01"	"10"	1	1
"10434     Sat. Nov 05, 2011          7          3          0     "	10434	2011-11-05	"Sat"	"Midday"	"730"	7	3	0	10	"73"	"30"	10	3
"10433     Fri. Nov 04, 2011          3          7          8     "	10433	2011-11-04	"Fri"	"Evening"	"378"	3	7	8	18	"37"	"78"	10	15
"10432     Fri. Nov 04, 2011          4          0          7     "	10432	2011-11-04	"Fri"	"Midday"	"407"	4	0	7	11	"40"	"07"	4	7
"10431     Thu. Nov 03, 2011          2          0          1     "	10431	2011-11-03	"Thu"	"Evening"	"201"	2	0	1	3	"20"	"01"	2	1
"10430     Thu. Nov 03, 2011          4          7          9     "	10430	2011-11-03	"Thu"	"Midday"	"479"	4	7	9	20	"47"	"79"	11	16
"10429     Wed. Nov 02, 2011          9          8          2     "	10429	2011-11-02	"Wed"	"Evening"	"982"	9	8	2	19	"98"	"82"	17	10
"10428     Wed. Nov 02, 2011          0          4          5     "	10428	2011-11-02	"Wed"	"Midday"	"045"	0	4	5	9	"04"	"45"	4	9
"10427     Tue. Nov 01, 2011          6          7          7     "	10427	2011-11-01	"Tue"	"Evening"	"677"	6	7	7	20	"67"	"77"	13	14
"10426     Tue. Nov 01, 2011          2          3          7     "	10426	2011-11-01	"Tue"	"Midday"	"237"	2	3	7	12	"23"	"37"	5	10
"10425     Mon. Oct 31, 2011          9          6          6     "	10425	2011-10-31	"Mon"	"Evening"	"966"	9	6	6	21	"96"	"66"	15	12
"10424     Mon. Oct 31, 2011          1          6          4     "	10424	2011-10-31	"Mon"	"Midday"	"164"	1	6	4	11	"16"	"64"	7	10
"10423     Sun. Oct 30, 2011          4          1          8     "	10423	2011-10-30	"Sun"	"Evening"	"418"	4	1	8	13	"41"	"18"	5	9
"10422     Sun. Oct 30, 2011          7          3          8     "	10422	2011-10-30	"Sun"	"Midday"	"738"	7	3	8	18	"73"	"38"	10	11
"10421     Sat. Oct 29, 2011          1          0          4     "	10421	2011-10-29	"Sat"	"Evening"	"104"	1	0	4	5	"10"	"04"	1	4
"10420     Sat. Oct 29, 2011          9          2          1     "	10420	2011-10-29	"Sat"	"Midday"	"921"	9	2	1	12	"92"	"21"	11	3
"10419     Fri. Oct 28, 2011          7          7          0     "	10419	2011-10-28	"Fri"	"Evening"	"770"	7	7	0	14	"77"	"70"	14	7
"10418     Fri. Oct 28, 2011          0          6          8     "	10418	2011-10-28	"Fri"	"Midday"	"068"	0	6	8	14	"06"	"68"	6	14
"10417     Thu. Oct 27, 2011          3          2          6     "	10417	2011-10-27	"Thu"	"Evening"	"326"	3	2	6	11	"32"	"26"	5	8
"10416     Thu. Oct 27, 2011          2          1          6     "	10416	2011-10-27	"Thu"	"Midday"	"216"	2	1	6	9	"21"	"16"	3	7
"10415     Wed. Oct 26, 2011          4          9          0     "	10415	2011-10-26	"Wed"	"Evening"	"490"	4	9	0	13	"49"	"90"	13	9
"10414     Wed. Oct 26, 2011          6          1          1     "	10414	2011-10-26	"Wed"	"Midday"	"611"	6	1	1	8	"61"	"11"	7	2
"10413     Tue. Oct 25, 2011          8          3          7     "	10413	2011-10-25	"Tue"	"Evening"	"837"	8	3	7	18	"83"	"37"	11	10
"10412     Tue. Oct 25, 2011          6          3          5     "	10412	2011-10-25	"Tue"	"Midday"	"635"	6	3	5	14	"63"	"35"	9	8
"10411     Mon. Oct 24, 2011          4          2          9     "	10411	2011-10-24	"Mon"	"Evening"	"429"	4	2	9	15	"42"	"29"	6	11
"10410     Mon. Oct 24, 2011          5          2          9     "	10410	2011-10-24	"Mon"	"Midday"	"529"	5	2	9	16	"52"	"29"	7	11
"10409     Sun. Oct 23, 2011          6          2          3     "	10409	2011-10-23	"Sun"	"Evening"	"623"	6	2	3	11	"62"	"23"	8	5
"10408     Sun. Oct 23, 2011          7          4          2     "	10408	2011-10-23	"Sun"	"Midday"	"742"	7	4	2	13	"74"	"42"	11	6
"10407     Sat. Oct 22, 2011          1          9          9     "	10407	2011-10-22	"Sat"	"Evening"	"199"	1	9	9	19	"19"	"99"	10	18
"10406     Sat. Oct 22, 2011          7          1          6     "	10406	2011-10-22	"Sat"	"Midday"	"716"	7	1	6	14	"71"	"16"	8	7
"10405     Fri. Oct 21, 2011          3          3          6     "	10405	2011-10-21	"Fri"	"Evening"	"336"	3	3	6	12	"33"	"36"	6	9
"10404     Fri. Oct 21, 2011          6          2          4     "	10404	2011-10-21	"Fri"	"Midday"	"624"	6	2	4	12	"62"	"24"	8	6
"10403     Thu. Oct 20, 2011          9          5          0     "	10403	2011-10-20	"Thu"	"Evening"	"950"	9	5	0	14	"95"	"50"	14	5
"10402     Thu. Oct 20, 2011          0          6          5     "	10402	2011-10-20	"Thu"	"Midday"	"065"	0	6	5	11	"06"	"65"	6	11
"10401     Wed. Oct 19, 2011          0          3          2     "	10401	2011-10-19	"Wed"	"Evening"	"032"	0	3	2	5	"03"	"32"	3	5
"10400     Wed. Oct 19, 2011          7          5          6     "	10400	2011-10-19	"Wed"	"Midday"	"756"	7	5	6	18	"75"	"56"	12	11
"10399     Tue. Oct 18, 2011          7          2          3     "	10399	2011-10-18	"Tue"	"Evening"	"723"	7	2	3	12	"72"	"23"	9	5
"10398     Tue. Oct 18, 2011          3          9          0     "	10398	2011-10-18	"Tue"	"Midday"	"390"	3	9	0	12	"39"	"90"	12	9
"10397     Mon. Oct 17, 2011          8          8          3     "	10397	2011-10-17	"Mon"	"Evening"	"883"	8	8	3	19	"88"	"83"	16	11
"10396     Mon. Oct 17, 2011          6          5          2     "	10396	2011-10-17	"Mon"	"Midday"	"652"	6	5	2	13	"65"	"52"	11	7
"10395     Sun. Oct 16, 2011          1          5          7     "	10395	2011-10-16	"Sun"	"Evening"	"157"	1	5	7	13	"15"	"57"	6	12
"10394     Sun. Oct 16, 2011          5          7          2     "	10394	2011-10-16	"Sun"	"Midday"	"572"	5	7	2	14	"57"	"72"	12	9
"10393     Sat. Oct 15, 2011          0          8          7     "	10393	2011-10-15	"Sat"	"Evening"	"087"	0	8	7	15	"08"	"87"	8	15
"10392     Sat. Oct 15, 2011          0          7          7     "	10392	2011-10-15	"Sat"	"Midday"	"077"	0	7	7	14	"07"	"77"	7	14
"10391     Fri. Oct 14, 2011          4          8          5     "	10391	2011-10-14	"Fri"	"Evening"	"485"	4	8	5	17	"48"	"85"	12	13
"10390     Fri. Oct 14, 2011          8          2          5     "	10390	2011-10-14	"Fri"	"Midday"	"825"	8	2	5	15	"82"	"25"	10	7
"10389     Thu. Oct 13, 2011          2          2          7     "	10389	2011-10-13	"Thu"	"Evening"	"227"	2	2	7	11	"22"	"27"	4	9
"10388     Thu. Oct 13, 2011          2          9          5     "	10388	2011-10-13	"Thu"	"Midday"	"295"	2	9	5	16	"29"	"95"	11	14
"10387     Wed. Oct 12, 2011          7          9          9     "	10387	2011-10-12	"Wed"	"Evening"	"799"	7	9	9	25	"79"	"99"	16	18
"10386     Wed. Oct 12, 2011          8          7          9     "	10386	2011-10-12	"Wed"	"Midday"	"879"	8	7	9	24	"87"	"79"	15	16
"10385     Tue. Oct 11, 2011          4          9          7     "	10385	2011-10-11	"Tue"	"Evening"	"497"	4	9	7	20	"49"	"97"	13	16
"10384     Tue. Oct 11, 2011          1          6          5     "	10384	2011-10-11	"Tue"	"Midday"	"165"	1	6	5	12	"16"	"65"	7	11
"10383     Mon. Oct 10, 2011          3          1          7     "	10383	2011-10-10	"Mon"	"Evening"	"317"	3	1	7	11	"31"	"17"	4	8
"10382     Mon. Oct 10, 2011          9          3          0     "	10382	2011-10-10	"Mon"	"Midday"	"930"	9	3	0	12	"93"	"30"	12	3
"10381     Sun. Oct 09, 2011          4          4          0     "	10381	2011-10-09	"Sun"	"Evening"	"440"	4	4	0	8	"44"	"40"	8	4
"10380     Sun. Oct 09, 2011          9          2          7     "	10380	2011-10-09	"Sun"	"Midday"	"927"	9	2	7	18	"92"	"27"	11	9
"10379     Sat. Oct 08, 2011          7          2          5     "	10379	2011-10-08	"Sat"	"Evening"	"725"	7	2	5	14	"72"	"25"	9	7
"10378     Sat. Oct 08, 2011          8          8          5     "	10378	2011-10-08	"Sat"	"Midday"	"885"	8	8	5	21	"88"	"85"	16	13
"10377     Fri. Oct 07, 2011          4          7          3     "	10377	2011-10-07	"Fri"	"Evening"	"473"	4	7	3	14	"47"	"73"	11	10
"10376     Fri. Oct 07, 2011          6          4          9     "	10376	2011-10-07	"Fri"	"Midday"	"649"	6	4	9	19	"64"	"49"	10	13
"10375     Thu. Oct 06, 2011          9          1          7     "	10375	2011-10-06	"Thu"	"Evening"	"917"	9	1	7	17	"91"	"17"	10	8
"10374     Thu. Oct 06, 2011          3          6          7     "	10374	2011-10-06	"Thu"	"Midday"	"367"	3	6	7	16	"36"	"67"	9	13
"10373     Wed. Oct 05, 2011          9          0          3     "	10373	2011-10-05	"Wed"	"Evening"	"903"	9	0	3	12	"90"	"03"	9	3
"10372     Wed. Oct 05, 2011          5          5          6     "	10372	2011-10-05	"Wed"	"Midday"	"556"	5	5	6	16	"55"	"56"	10	11
"10371     Tue. Oct 04, 2011          4          6          5     "	10371	2011-10-04	"Tue"	"Evening"	"465"	4	6	5	15	"46"	"65"	10	11
"10370     Tue. Oct 04, 2011          0          8          1     "	10370	2011-10-04	"Tue"	"Midday"	"081"	0	8	1	9	"08"	"81"	8	9
"10369     Mon. Oct 03, 2011          1          3          3     "	10369	2011-10-03	"Mon"	"Evening"	"133"	1	3	3	7	"13"	"33"	4	6
"10368     Mon. Oct 03, 2011          0          7          4     "	10368	2011-10-03	"Mon"	"Midday"	"074"	0	7	4	11	"07"	"74"	7	11
"10367     Sun. Oct 02, 2011          2          3          4     "	10367	2011-10-02	"Sun"	"Evening"	"234"	2	3	4	9	"23"	"34"	5	7
"10366     Sun. Oct 02, 2011          6          1          9     "	10366	2011-10-02	"Sun"	"Midday"	"619"	6	1	9	16	"61"	"19"	7	10
"10365     Sat. Oct 01, 2011          2          6          2     "	10365	2011-10-01	"Sat"	"Evening"	"262"	2	6	2	10	"26"	"62"	8	8
"10364     Sat. Oct 01, 2011          2          8          2     "	10364	2011-10-01	"Sat"	"Midday"	"282"	2	8	2	12	"28"	"82"	10	10
"10363     Fri. Sep 30, 2011          3          1          9     "	10363	2011-09-30	"Fri"	"Evening"	"319"	3	1	9	13	"31"	"19"	4	10
"10362     Fri. Sep 30, 2011          9          4          0     "	10362	2011-09-30	"Fri"	"Midday"	"940"	9	4	0	13	"94"	"40"	13	4
"10361     Thu. Sep 29, 2011          4          1          5     "	10361	2011-09-29	"Thu"	"Evening"	"415"	4	1	5	10	"41"	"15"	5	6
"10360     Thu. Sep 29, 2011          9          0          9     "	10360	2011-09-29	"Thu"	"Midday"	"909"	9	0	9	18	"90"	"09"	9	9
"10359     Wed. Sep 28, 2011          0          5          2     "	10359	2011-09-28	"Wed"	"Evening"	"052"	0	5	2	7	"05"	"52"	5	7
"10358     Wed. Sep 28, 2011          1          9          9     "	10358	2011-09-28	"Wed"	"Midday"	"199"	1	9	9	19	"19"	"99"	10	18
"10357     Tue. Sep 27, 2011          3          5          7     "	10357	2011-09-27	"Tue"	"Evening"	"357"	3	5	7	15	"35"	"57"	8	12
"10356     Tue. Sep 27, 2011          8          0          7     "	10356	2011-09-27	"Tue"	"Midday"	"807"	8	0	7	15	"80"	"07"	8	7
"10355     Mon. Sep 26, 2011          8          0          9     "	10355	2011-09-26	"Mon"	"Evening"	"809"	8	0	9	17	"80"	"09"	8	9
"10354     Mon. Sep 26, 2011          5          1          5     "	10354	2011-09-26	"Mon"	"Midday"	"515"	5	1	5	11	"51"	"15"	6	6
"10353     Sun. Sep 25, 2011          4          6          5     "	10353	2011-09-25	"Sun"	"Evening"	"465"	4	6	5	15	"46"	"65"	10	11
"10352     Sun. Sep 25, 2011          5          3          2     "	10352	2011-09-25	"Sun"	"Midday"	"532"	5	3	2	10	"53"	"32"	8	5
"10351     Sat. Sep 24, 2011          6          1          5     "	10351	2011-09-24	"Sat"	"Evening"	"615"	6	1	5	12	"61"	"15"	7	6
"10350     Sat. Sep 24, 2011          0          1          3     "	10350	2011-09-24	"Sat"	"Midday"	"013"	0	1	3	4	"01"	"13"	1	4
"10349     Fri. Sep 23, 2011          8          6          3     "	10349	2011-09-23	"Fri"	"Evening"	"863"	8	6	3	17	"86"	"63"	14	9
"10348     Fri. Sep 23, 2011          4          1          1     "	10348	2011-09-23	"Fri"	"Midday"	"411"	4	1	1	6	"41"	"11"	5	2
"10347     Thu. Sep 22, 2011          2          6          9     "	10347	2011-09-22	"Thu"	"Evening"	"269"	2	6	9	17	"26"	"69"	8	15
"10346     Thu. Sep 22, 2011          4          8          6     "	10346	2011-09-22	"Thu"	"Midday"	"486"	4	8	6	18	"48"	"86"	12	14
"10345     Wed. Sep 21, 2011          7          3          9     "	10345	2011-09-21	"Wed"	"Evening"	"739"	7	3	9	19	"73"	"39"	10	12
"10344     Wed. Sep 21, 2011          2          8          2     "	10344	2011-09-21	"Wed"	"Midday"	"282"	2	8	2	12	"28"	"82"	10	10
"10343     Tue. Sep 20, 2011          3          6          6     "	10343	2011-09-20	"Tue"	"Evening"	"366"	3	6	6	15	"36"	"66"	9	12
"10342     Tue. Sep 20, 2011          7          2          8     "	10342	2011-09-20	"Tue"	"Midday"	"728"	7	2	8	17	"72"	"28"	9	10
"10341     Mon. Sep 19, 2011          3          4          0     "	10341	2011-09-19	"Mon"	"Evening"	"340"	3	4	0	7	"34"	"40"	7	4
"10340     Mon. Sep 19, 2011          7          5          0     "	10340	2011-09-19	"Mon"	"Midday"	"750"	7	5	0	12	"75"	"50"	12	5
"10339     Sun. Sep 18, 2011          2          3          5     "	10339	2011-09-18	"Sun"	"Evening"	"235"	2	3	5	10	"23"	"35"	5	8
"10338     Sun. Sep 18, 2011          6          9          1     "	10338	2011-09-18	"Sun"	"Midday"	"691"	6	9	1	16	"69"	"91"	15	10
"10337     Sat. Sep 17, 2011          2          2          5     "	10337	2011-09-17	"Sat"	"Evening"	"225"	2	2	5	9	"22"	"25"	4	7
"10336     Sat. Sep 17, 2011          8          3          1     "	10336	2011-09-17	"Sat"	"Midday"	"831"	8	3	1	12	"83"	"31"	11	4
"10335     Fri. Sep 16, 2011          4          8          3     "	10335	2011-09-16	"Fri"	"Evening"	"483"	4	8	3	15	"48"	"83"	12	11
"10334     Fri. Sep 16, 2011          7          3          2     "	10334	2011-09-16	"Fri"	"Midday"	"732"	7	3	2	12	"73"	"32"	10	5
"10333     Thu. Sep 15, 2011          4          5          3     "	10333	2011-09-15	"Thu"	"Evening"	"453"	4	5	3	12	"45"	"53"	9	8
"10332     Thu. Sep 15, 2011          6          1          9     "	10332	2011-09-15	"Thu"	"Midday"	"619"	6	1	9	16	"61"	"19"	7	10
"10331     Wed. Sep 14, 2011          5          6          3     "	10331	2011-09-14	"Wed"	"Evening"	"563"	5	6	3	14	"56"	"63"	11	9
"10330     Wed. Sep 14, 2011          9          6          6     "	10330	2011-09-14	"Wed"	"Midday"	"966"	9	6	6	21	"96"	"66"	15	12
"10329     Tue. Sep 13, 2011          5          9          2     "	10329	2011-09-13	"Tue"	"Evening"	"592"	5	9	2	16	"59"	"92"	14	11
"10328     Tue. Sep 13, 2011          3          9          5     "	10328	2011-09-13	"Tue"	"Midday"	"395"	3	9	5	17	"39"	"95"	12	14
"10327     Mon. Sep 12, 2011          9          7          6     "	10327	2011-09-12	"Mon"	"Evening"	"976"	9	7	6	22	"97"	"76"	16	13
"10326     Mon. Sep 12, 2011          5          5          2     "	10326	2011-09-12	"Mon"	"Midday"	"552"	5	5	2	12	"55"	"52"	10	7
"10325     Sun. Sep 11, 2011          4          4          3     "	10325	2011-09-11	"Sun"	"Evening"	"443"	4	4	3	11	"44"	"43"	8	7
"10324     Sun. Sep 11, 2011          0          2          6     "	10324	2011-09-11	"Sun"	"Midday"	"026"	0	2	6	8	"02"	"26"	2	8
"10323     Sat. Sep 10, 2011          6          7          0     "	10323	2011-09-10	"Sat"	"Evening"	"670"	6	7	0	13	"67"	"70"	13	7
"10322     Sat. Sep 10, 2011          9          3          7     "	10322	2011-09-10	"Sat"	"Midday"	"937"	9	3	7	19	"93"	"37"	12	10
"10321     Fri. Sep 09, 2011          1          1          7     "	10321	2011-09-09	"Fri"	"Evening"	"117"	1	1	7	9	"11"	"17"	2	8
"10320     Fri. Sep 09, 2011          9          2          5     "	10320	2011-09-09	"Fri"	"Midday"	"925"	9	2	5	16	"92"	"25"	11	7
"10319     Thu. Sep 08, 2011          3          6          4     "	10319	2011-09-08	"Thu"	"Evening"	"364"	3	6	4	13	"36"	"64"	9	10
"10318     Thu. Sep 08, 2011          5          4          9     "	10318	2011-09-08	"Thu"	"Midday"	"549"	5	4	9	18	"54"	"49"	9	13
"10317     Wed. Sep 07, 2011          4          7          4     "	10317	2011-09-07	"Wed"	"Evening"	"474"	4	7	4	15	"47"	"74"	11	11
"10316     Wed. Sep 07, 2011          7          6          6     "	10316	2011-09-07	"Wed"	"Midday"	"766"	7	6	6	19	"76"	"66"	13	12
"10315     Tue. Sep 06, 2011          0          8          8     "	10315	2011-09-06	"Tue"	"Evening"	"088"	0	8	8	16	"08"	"88"	8	16
"10314     Tue. Sep 06, 2011          3          4          8     "	10314	2011-09-06	"Tue"	"Midday"	"348"	3	4	8	15	"34"	"48"	7	12
"10313     Mon. Sep 05, 2011          7          9          6     "	10313	2011-09-05	"Mon"	"Evening"	"796"	7	9	6	22	"79"	"96"	16	15
"10312     Mon. Sep 05, 2011          6          7          3     "	10312	2011-09-05	"Mon"	"Midday"	"673"	6	7	3	16	"67"	"73"	13	10
"10311     Sun. Sep 04, 2011          9          9          6     "	10311	2011-09-04	"Sun"	"Evening"	"996"	9	9	6	24	"99"	"96"	18	15
"10310     Sun. Sep 04, 2011          1          0          0     "	10310	2011-09-04	"Sun"	"Midday"	"100"	1	0	0	1	"10"	"00"	1	0
"10309     Sat. Sep 03, 2011          5          7          8     "	10309	2011-09-03	"Sat"	"Evening"	"578"	5	7	8	20	"57"	"78"	12	15
"10308     Sat. Sep 03, 2011          4          7          1     "	10308	2011-09-03	"Sat"	"Midday"	"471"	4	7	1	12	"47"	"71"	11	8
"10307     Fri. Sep 02, 2011          5          1          2     "	10307	2011-09-02	"Fri"	"Evening"	"512"	5	1	2	8	"51"	"12"	6	3
"10306     Fri. Sep 02, 2011          8          0          5     "	10306	2011-09-02	"Fri"	"Midday"	"805"	8	0	5	13	"80"	"05"	8	5
"10305     Thu. Sep 01, 2011          4          5          4     "	10305	2011-09-01	"Thu"	"Evening"	"454"	4	5	4	13	"45"	"54"	9	9
"10304     Thu. Sep 01, 2011          7          9          1     "	10304	2011-09-01	"Thu"	"Midday"	"791"	7	9	1	17	"79"	"91"	16	10
"10303     Wed. Aug 31, 2011          3          1          2     "	10303	2011-08-31	"Wed"	"Evening"	"312"	3	1	2	6	"31"	"12"	4	3
"10302     Wed. Aug 31, 2011          2          3          1     "	10302	2011-08-31	"Wed"	"Midday"	"231"	2	3	1	6	"23"	"31"	5	4
"10301     Tue. Aug 30, 2011          9          0          0     "	10301	2011-08-30	"Tue"	"Evening"	"900"	9	0	0	9	"90"	"00"	9	0
"10300     Tue. Aug 30, 2011          9          2          2     "	10300	2011-08-30	"Tue"	"Midday"	"922"	9	2	2	13	"92"	"22"	11	4
"10299     Mon. Aug 29, 2011          1          4          5     "	10299	2011-08-29	"Mon"	"Evening"	"145"	1	4	5	10	"14"	"45"	5	9
"10298     Mon. Aug 29, 2011          9          6          8     "	10298	2011-08-29	"Mon"	"Midday"	"968"	9	6	8	23	"96"	"68"	15	14
"10297     Sun. Aug 28, 2011          6          4          0     "	10297	2011-08-28	"Sun"	"Evening"	"640"	6	4	0	10	"64"	"40"	10	4
"10296     Sun. Aug 28, 2011          8          1          4     "	10296	2011-08-28	"Sun"	"Midday"	"814"	8	1	4	13	"81"	"14"	9	5
"10295     Sat. Aug 27, 2011          0          2          6     "	10295	2011-08-27	"Sat"	"Evening"	"026"	0	2	6	8	"02"	"26"	2	8
"10294     Sat. Aug 27, 2011          6          5          1     "	10294	2011-08-27	"Sat"	"Midday"	"651"	6	5	1	12	"65"	"51"	11	6
"10293     Fri. Aug 26, 2011          0          6          9     "	10293	2011-08-26	"Fri"	"Evening"	"069"	0	6	9	15	"06"	"69"	6	15
"10292     Fri. Aug 26, 2011          3          2          3     "	10292	2011-08-26	"Fri"	"Midday"	"323"	3	2	3	8	"32"	"23"	5	5
"10291     Thu. Aug 25, 2011          4          0          1     "	10291	2011-08-25	"Thu"	"Evening"	"401"	4	0	1	5	"40"	"01"	4	1
"10290     Thu. Aug 25, 2011          8          4          7     "	10290	2011-08-25	"Thu"	"Midday"	"847"	8	4	7	19	"84"	"47"	12	11
"10289     Wed. Aug 24, 2011          5          1          4     "	10289	2011-08-24	"Wed"	"Evening"	"514"	5	1	4	10	"51"	"14"	6	5
"10288     Wed. Aug 24, 2011          9          3          6     "	10288	2011-08-24	"Wed"	"Midday"	"936"	9	3	6	18	"93"	"36"	12	9
"10287     Tue. Aug 23, 2011          1          7          3     "	10287	2011-08-23	"Tue"	"Evening"	"173"	1	7	3	11	"17"	"73"	8	10
"10286     Tue. Aug 23, 2011          2          3          7     "	10286	2011-08-23	"Tue"	"Midday"	"237"	2	3	7	12	"23"	"37"	5	10
"10285     Mon. Aug 22, 2011          4          3          6     "	10285	2011-08-22	"Mon"	"Evening"	"436"	4	3	6	13	"43"	"36"	7	9
"10284     Mon. Aug 22, 2011          4          4          8     "	10284	2011-08-22	"Mon"	"Midday"	"448"	4	4	8	16	"44"	"48"	8	12
"10283     Sun. Aug 21, 2011          1          8          2     "	10283	2011-08-21	"Sun"	"Evening"	"182"	1	8	2	11	"18"	"82"	9	10
"10282     Sun. Aug 21, 2011          9          1          5     "	10282	2011-08-21	"Sun"	"Midday"	"915"	9	1	5	15	"91"	"15"	10	6
"10281     Sat. Aug 20, 2011          0          3          8     "	10281	2011-08-20	"Sat"	"Evening"	"038"	0	3	8	11	"03"	"38"	3	11
"10280     Sat. Aug 20, 2011          3          5          8     "	10280	2011-08-20	"Sat"	"Midday"	"358"	3	5	8	16	"35"	"58"	8	13
"10279     Fri. Aug 19, 2011          8          7          0     "	10279	2011-08-19	"Fri"	"Evening"	"870"	8	7	0	15	"87"	"70"	15	7
"10278     Fri. Aug 19, 2011          8          4          1     "	10278	2011-08-19	"Fri"	"Midday"	"841"	8	4	1	13	"84"	"41"	12	5
"10277     Thu. Aug 18, 2011          2          5          0     "	10277	2011-08-18	"Thu"	"Evening"	"250"	2	5	0	7	"25"	"50"	7	5
"10276     Thu. Aug 18, 2011          3          0          2     "	10276	2011-08-18	"Thu"	"Midday"	"302"	3	0	2	5	"30"	"02"	3	2
"10275     Wed. Aug 17, 2011          7          0          1     "	10275	2011-08-17	"Wed"	"Evening"	"701"	7	0	1	8	"70"	"01"	7	1
"10274     Wed. Aug 17, 2011          5          2          8     "	10274	2011-08-17	"Wed"	"Midday"	"528"	5	2	8	15	"52"	"28"	7	10
"10273     Tue. Aug 16, 2011          1          6          1     "	10273	2011-08-16	"Tue"	"Evening"	"161"	1	6	1	8	"16"	"61"	7	7
"10272     Tue. Aug 16, 2011          4          6          1     "	10272	2011-08-16	"Tue"	"Midday"	"461"	4	6	1	11	"46"	"61"	10	7
"10271     Mon. Aug 15, 2011          3          1          2     "	10271	2011-08-15	"Mon"	"Evening"	"312"	3	1	2	6	"31"	"12"	4	3
"10270     Mon. Aug 15, 2011          4          0          8     "	10270	2011-08-15	"Mon"	"Midday"	"408"	4	0	8	12	"40"	"08"	4	8
"10269     Sun. Aug 14, 2011          7          1          8     "	10269	2011-08-14	"Sun"	"Evening"	"718"	7	1	8	16	"71"	"18"	8	9
"10268     Sun. Aug 14, 2011          1          9          3     "	10268	2011-08-14	"Sun"	"Midday"	"193"	1	9	3	13	"19"	"93"	10	12
"10267     Sat. Aug 13, 2011          6          7          2     "	10267	2011-08-13	"Sat"	"Evening"	"672"	6	7	2	15	"67"	"72"	13	9
"10266     Sat. Aug 13, 2011          9          1          6     "	10266	2011-08-13	"Sat"	"Midday"	"916"	9	1	6	16	"91"	"16"	10	7
"10265     Fri. Aug 12, 2011          2          5          0     "	10265	2011-08-12	"Fri"	"Evening"	"250"	2	5	0	7	"25"	"50"	7	5
"10264     Fri. Aug 12, 2011          3          6          2     "	10264	2011-08-12	"Fri"	"Midday"	"362"	3	6	2	11	"36"	"62"	9	8
"10263     Thu. Aug 11, 2011          2          1          2     "	10263	2011-08-11	"Thu"	"Evening"	"212"	2	1	2	5	"21"	"12"	3	3
"10262     Thu. Aug 11, 2011          7          0          3     "	10262	2011-08-11	"Thu"	"Midday"	"703"	7	0	3	10	"70"	"03"	7	3
"10261     Wed. Aug 10, 2011          4          8          9     "	10261	2011-08-10	"Wed"	"Evening"	"489"	4	8	9	21	"48"	"89"	12	17
"10260     Wed. Aug 10, 2011          1          4          6     "	10260	2011-08-10	"Wed"	"Midday"	"146"	1	4	6	11	"14"	"46"	5	10
"10259     Tue. Aug 09, 2011          0          4          6     "	10259	2011-08-09	"Tue"	"Evening"	"046"	0	4	6	10	"04"	"46"	4	10
"10258     Tue. Aug 09, 2011          6          4          0     "	10258	2011-08-09	"Tue"	"Midday"	"640"	6	4	0	10	"64"	"40"	10	4
"10257     Mon. Aug 08, 2011          3          1          2     "	10257	2011-08-08	"Mon"	"Evening"	"312"	3	1	2	6	"31"	"12"	4	3
"10256     Mon. Aug 08, 2011          0          2          0     "	10256	2011-08-08	"Mon"	"Midday"	"020"	0	2	0	2	"02"	"20"	2	2
"10255     Sun. Aug 07, 2011          8          5          8     "	10255	2011-08-07	"Sun"	"Evening"	"858"	8	5	8	21	"85"	"58"	13	13
"10254     Sun. Aug 07, 2011          9          3          8     "	10254	2011-08-07	"Sun"	"Midday"	"938"	9	3	8	20	"93"	"38"	12	11
"10253     Sat. Aug 06, 2011          5          1          7     "	10253	2011-08-06	"Sat"	"Evening"	"517"	5	1	7	13	"51"	"17"	6	8
"10252     Sat. Aug 06, 2011          2          3          3     "	10252	2011-08-06	"Sat"	"Midday"	"233"	2	3	3	8	"23"	"33"	5	6
"10251     Fri. Aug 05, 2011          6          8          5     "	10251	2011-08-05	"Fri"	"Evening"	"685"	6	8	5	19	"68"	"85"	14	13
"10250     Fri. Aug 05, 2011          1          2          4     "	10250	2011-08-05	"Fri"	"Midday"	"124"	1	2	4	7	"12"	"24"	3	6
"10249     Thu. Aug 04, 2011          2          7          4     "	10249	2011-08-04	"Thu"	"Evening"	"274"	2	7	4	13	"27"	"74"	9	11
"10248     Thu. Aug 04, 2011          2          7          5     "	10248	2011-08-04	"Thu"	"Midday"	"275"	2	7	5	14	"27"	"75"	9	12
"10247     Wed. Aug 03, 2011          8          2          0     "	10247	2011-08-03	"Wed"	"Evening"	"820"	8	2	0	10	"82"	"20"	10	2
"10246     Wed. Aug 03, 2011          7          6          7     "	10246	2011-08-03	"Wed"	"Midday"	"767"	7	6	7	20	"76"	"67"	13	13
"10245     Tue. Aug 02, 2011          0          4          3     "	10245	2011-08-02	"Tue"	"Evening"	"043"	0	4	3	7	"04"	"43"	4	7
"10244     Tue. Aug 02, 2011          4          0          6     "	10244	2011-08-02	"Tue"	"Midday"	"406"	4	0	6	10	"40"	"06"	4	6
"10243     Mon. Aug 01, 2011          8          7          0     "	10243	2011-08-01	"Mon"	"Evening"	"870"	8	7	0	15	"87"	"70"	15	7
"10242     Mon. Aug 01, 2011          1          6          0     "	10242	2011-08-01	"Mon"	"Midday"	"160"	1	6	0	7	"16"	"60"	7	6
"10241     Sun. Jul 31, 2011          9          3          7     "	10241	2011-07-31	"Sun"	"Evening"	"937"	9	3	7	19	"93"	"37"	12	10
"10240     Sun. Jul 31, 2011          8          2          0     "	10240	2011-07-31	"Sun"	"Midday"	"820"	8	2	0	10	"82"	"20"	10	2
"10239     Sat. Jul 30, 2011          6          9          8     "	10239	2011-07-30	"Sat"	"Evening"	"698"	6	9	8	23	"69"	"98"	15	17
"10238     Sat. Jul 30, 2011          2          8          0     "	10238	2011-07-30	"Sat"	"Midday"	"280"	2	8	0	10	"28"	"80"	10	8
"10237     Fri. Jul 29, 2011          4          5          9     "	10237	2011-07-29	"Fri"	"Evening"	"459"	4	5	9	18	"45"	"59"	9	14
"10236     Fri. Jul 29, 2011          3          1          8     "	10236	2011-07-29	"Fri"	"Midday"	"318"	3	1	8	12	"31"	"18"	4	9
"10235     Thu. Jul 28, 2011          9          7          3     "	10235	2011-07-28	"Thu"	"Evening"	"973"	9	7	3	19	"97"	"73"	16	10
"10234     Thu. Jul 28, 2011          4          9          6     "	10234	2011-07-28	"Thu"	"Midday"	"496"	4	9	6	19	"49"	"96"	13	15
"10233     Wed. Jul 27, 2011          4          7          0     "	10233	2011-07-27	"Wed"	"Evening"	"470"	4	7	0	11	"47"	"70"	11	7
"10232     Wed. Jul 27, 2011          1          1          7     "	10232	2011-07-27	"Wed"	"Midday"	"117"	1	1	7	9	"11"	"17"	2	8
"10231     Tue. Jul 26, 2011          7          7          5     "	10231	2011-07-26	"Tue"	"Evening"	"775"	7	7	5	19	"77"	"75"	14	12
"10230     Tue. Jul 26, 2011          5          8          2     "	10230	2011-07-26	"Tue"	"Midday"	"582"	5	8	2	15	"58"	"82"	13	10
"10229     Mon. Jul 25, 2011          5          5          3     "	10229	2011-07-25	"Mon"	"Evening"	"553"	5	5	3	13	"55"	"53"	10	8
"10228     Mon. Jul 25, 2011          8          9          6     "	10228	2011-07-25	"Mon"	"Midday"	"896"	8	9	6	23	"89"	"96"	17	15
"10227     Sun. Jul 24, 2011          3          3          2     "	10227	2011-07-24	"Sun"	"Evening"	"332"	3	3	2	8	"33"	"32"	6	5
"10226     Sun. Jul 24, 2011          9          9          5     "	10226	2011-07-24	"Sun"	"Midday"	"995"	9	9	5	23	"99"	"95"	18	14
"10225     Sat. Jul 23, 2011          3          4          8     "	10225	2011-07-23	"Sat"	"Evening"	"348"	3	4	8	15	"34"	"48"	7	12
"10224     Sat. Jul 23, 2011          4          8          8     "	10224	2011-07-23	"Sat"	"Midday"	"488"	4	8	8	20	"48"	"88"	12	16
"10223     Fri. Jul 22, 2011          2          3          4     "	10223	2011-07-22	"Fri"	"Evening"	"234"	2	3	4	9	"23"	"34"	5	7
"10222     Fri. Jul 22, 2011          8          3          0     "	10222	2011-07-22	"Fri"	"Midday"	"830"	8	3	0	11	"83"	"30"	11	3
"10221     Thu. Jul 21, 2011          0          0          2     "	10221	2011-07-21	"Thu"	"Evening"	"002"	0	0	2	2	"00"	"02"	0	2
"10220     Thu. Jul 21, 2011          1          9          2     "	10220	2011-07-21	"Thu"	"Midday"	"192"	1	9	2	12	"19"	"92"	10	11
"10219     Wed. Jul 20, 2011          6          2          3     "	10219	2011-07-20	"Wed"	"Evening"	"623"	6	2	3	11	"62"	"23"	8	5
"10218     Wed. Jul 20, 2011          2          8          1     "	10218	2011-07-20	"Wed"	"Midday"	"281"	2	8	1	11	"28"	"81"	10	9
"10217     Tue. Jul 19, 2011          3          7          1     "	10217	2011-07-19	"Tue"	"Evening"	"371"	3	7	1	11	"37"	"71"	10	8
"10216     Tue. Jul 19, 2011          5          8          6     "	10216	2011-07-19	"Tue"	"Midday"	"586"	5	8	6	19	"58"	"86"	13	14
"10215     Mon. Jul 18, 2011          8          7          3     "	10215	2011-07-18	"Mon"	"Evening"	"873"	8	7	3	18	"87"	"73"	15	10
"10214     Mon. Jul 18, 2011          2          1          7     "	10214	2011-07-18	"Mon"	"Midday"	"217"	2	1	7	10	"21"	"17"	3	8
"10213     Sun. Jul 17, 2011          4          2          1     "	10213	2011-07-17	"Sun"	"Evening"	"421"	4	2	1	7	"42"	"21"	6	3
"10212     Sun. Jul 17, 2011          3          7          2     "	10212	2011-07-17	"Sun"	"Midday"	"372"	3	7	2	12	"37"	"72"	10	9
"10211     Sat. Jul 16, 2011          7          4          9     "	10211	2011-07-16	"Sat"	"Evening"	"749"	7	4	9	20	"74"	"49"	11	13
"10210     Sat. Jul 16, 2011          8          4          9     "	10210	2011-07-16	"Sat"	"Midday"	"849"	8	4	9	21	"84"	"49"	12	13
"10209     Fri. Jul 15, 2011          6          5          9     "	10209	2011-07-15	"Fri"	"Evening"	"659"	6	5	9	20	"65"	"59"	11	14
"10208     Fri. Jul 15, 2011          0          6          9     "	10208	2011-07-15	"Fri"	"Midday"	"069"	0	6	9	15	"06"	"69"	6	15
"10207     Thu. Jul 14, 2011          3          6          2     "	10207	2011-07-14	"Thu"	"Evening"	"362"	3	6	2	11	"36"	"62"	9	8
"10206     Thu. Jul 14, 2011          4          4          6     "	10206	2011-07-14	"Thu"	"Midday"	"446"	4	4	6	14	"44"	"46"	8	10
"10205     Wed. Jul 13, 2011          9          7          3     "	10205	2011-07-13	"Wed"	"Evening"	"973"	9	7	3	19	"97"	"73"	16	10
"10204     Wed. Jul 13, 2011          2          8          2     "	10204	2011-07-13	"Wed"	"Midday"	"282"	2	8	2	12	"28"	"82"	10	10
"10203     Tue. Jul 12, 2011          2          6          7     "	10203	2011-07-12	"Tue"	"Evening"	"267"	2	6	7	15	"26"	"67"	8	13
"10202     Tue. Jul 12, 2011          8          1          8     "	10202	2011-07-12	"Tue"	"Midday"	"818"	8	1	8	17	"81"	"18"	9	9
"10201     Mon. Jul 11, 2011          6          7          6     "	10201	2011-07-11	"Mon"	"Evening"	"676"	6	7	6	19	"67"	"76"	13	13
"10200     Mon. Jul 11, 2011          3          5          1     "	10200	2011-07-11	"Mon"	"Midday"	"351"	3	5	1	9	"35"	"51"	8	6
"10199     Sun. Jul 10, 2011          2          6          6     "	10199	2011-07-10	"Sun"	"Evening"	"266"	2	6	6	14	"26"	"66"	8	12
"10198     Sun. Jul 10, 2011          4          5          8     "	10198	2011-07-10	"Sun"	"Midday"	"458"	4	5	8	17	"45"	"58"	9	13
"10197     Sat. Jul 09, 2011          8          7          8     "	10197	2011-07-09	"Sat"	"Evening"	"878"	8	7	8	23	"87"	"78"	15	15
"10196     Sat. Jul 09, 2011          8          5          3     "	10196	2011-07-09	"Sat"	"Midday"	"853"	8	5	3	16	"85"	"53"	13	8
"10195     Fri. Jul 08, 2011          1          5          5     "	10195	2011-07-08	"Fri"	"Evening"	"155"	1	5	5	11	"15"	"55"	6	10
"10194     Fri. Jul 08, 2011          1          2          1     "	10194	2011-07-08	"Fri"	"Midday"	"121"	1	2	1	4	"12"	"21"	3	3
"10193     Thu. Jul 07, 2011          4          0          6     "	10193	2011-07-07	"Thu"	"Evening"	"406"	4	0	6	10	"40"	"06"	4	6
"10192     Thu. Jul 07, 2011          2          0          4     "	10192	2011-07-07	"Thu"	"Midday"	"204"	2	0	4	6	"20"	"04"	2	4
"10191     Wed. Jul 06, 2011          1          0          1     "	10191	2011-07-06	"Wed"	"Evening"	"101"	1	0	1	2	"10"	"01"	1	1
"10190     Wed. Jul 06, 2011          4          2          3     "	10190	2011-07-06	"Wed"	"Midday"	"423"	4	2	3	9	"42"	"23"	6	5
"10189     Tue. Jul 05, 2011          2          9          9     "	10189	2011-07-05	"Tue"	"Evening"	"299"	2	9	9	20	"29"	"99"	11	18
"10188     Tue. Jul 05, 2011          1          5          9     "	10188	2011-07-05	"Tue"	"Midday"	"159"	1	5	9	15	"15"	"59"	6	14
"10187     Mon. Jul 04, 2011          1          5          8     "	10187	2011-07-04	"Mon"	"Evening"	"158"	1	5	8	14	"15"	"58"	6	13
"10186     Mon. Jul 04, 2011          2          4          3     "	10186	2011-07-04	"Mon"	"Midday"	"243"	2	4	3	9	"24"	"43"	6	7
"10185     Sun. Jul 03, 2011          7          6          7     "	10185	2011-07-03	"Sun"	"Evening"	"767"	7	6	7	20	"76"	"67"	13	13
"10184     Sun. Jul 03, 2011          7          1          6     "	10184	2011-07-03	"Sun"	"Midday"	"716"	7	1	6	14	"71"	"16"	8	7
"10183     Sat. Jul 02, 2011          6          9          6     "	10183	2011-07-02	"Sat"	"Evening"	"696"	6	9	6	21	"69"	"96"	15	15
"10182     Sat. Jul 02, 2011          3          1          8     "	10182	2011-07-02	"Sat"	"Midday"	"318"	3	1	8	12	"31"	"18"	4	9
"10181     Fri. Jul 01, 2011          6          5          5     "	10181	2011-07-01	"Fri"	"Evening"	"655"	6	5	5	16	"65"	"55"	11	10
"10180     Fri. Jul 01, 2011          3          2          7     "	10180	2011-07-01	"Fri"	"Midday"	"327"	3	2	7	12	"32"	"27"	5	9
"10179     Thu. Jun 30, 2011          3          3          9     "	10179	2011-06-30	"Thu"	"Evening"	"339"	3	3	9	15	"33"	"39"	6	12
"10178     Thu. Jun 30, 2011          3          9          8     "	10178	2011-06-30	"Thu"	"Midday"	"398"	3	9	8	20	"39"	"98"	12	17
"10177     Wed. Jun 29, 2011          4          3          7     "	10177	2011-06-29	"Wed"	"Evening"	"437"	4	3	7	14	"43"	"37"	7	10
"10176     Wed. Jun 29, 2011          9          6          8     "	10176	2011-06-29	"Wed"	"Midday"	"968"	9	6	8	23	"96"	"68"	15	14
"10175     Tue. Jun 28, 2011          9          4          1     "	10175	2011-06-28	"Tue"	"Evening"	"941"	9	4	1	14	"94"	"41"	13	5
"10174     Tue. Jun 28, 2011          6          5          5     "	10174	2011-06-28	"Tue"	"Midday"	"655"	6	5	5	16	"65"	"55"	11	10
"10173     Mon. Jun 27, 2011          9          0          6     "	10173	2011-06-27	"Mon"	"Evening"	"906"	9	0	6	15	"90"	"06"	9	6
"10172     Mon. Jun 27, 2011          0          1          4     "	10172	2011-06-27	"Mon"	"Midday"	"014"	0	1	4	5	"01"	"14"	1	5
"10171     Sun. Jun 26, 2011          4          4          8     "	10171	2011-06-26	"Sun"	"Evening"	"448"	4	4	8	16	"44"	"48"	8	12
"10170     Sun. Jun 26, 2011          3          1          6     "	10170	2011-06-26	"Sun"	"Midday"	"316"	3	1	6	10	"31"	"16"	4	7
"10169     Sat. Jun 25, 2011          1          0          1     "	10169	2011-06-25	"Sat"	"Evening"	"101"	1	0	1	2	"10"	"01"	1	1
"10168     Sat. Jun 25, 2011          4          8          9     "	10168	2011-06-25	"Sat"	"Midday"	"489"	4	8	9	21	"48"	"89"	12	17
"10167     Fri. Jun 24, 2011          0          4          7     "	10167	2011-06-24	"Fri"	"Evening"	"047"	0	4	7	11	"04"	"47"	4	11
"10166     Fri. Jun 24, 2011          0          6          3     "	10166	2011-06-24	"Fri"	"Midday"	"063"	0	6	3	9	"06"	"63"	6	9
"10165     Thu. Jun 23, 2011          9          5          7     "	10165	2011-06-23	"Thu"	"Evening"	"957"	9	5	7	21	"95"	"57"	14	12
"10164     Thu. Jun 23, 2011          3          0          6     "	10164	2011-06-23	"Thu"	"Midday"	"306"	3	0	6	9	"30"	"06"	3	6
"10163     Wed. Jun 22, 2011          4          4          8     "	10163	2011-06-22	"Wed"	"Evening"	"448"	4	4	8	16	"44"	"48"	8	12
"10162     Wed. Jun 22, 2011          3          9          1     "	10162	2011-06-22	"Wed"	"Midday"	"391"	3	9	1	13	"39"	"91"	12	10
"10161     Tue. Jun 21, 2011          3          1          4     "	10161	2011-06-21	"Tue"	"Evening"	"314"	3	1	4	8	"31"	"14"	4	5
"10160     Tue. Jun 21, 2011          0          0          0     "	10160	2011-06-21	"Tue"	"Midday"	"000"	0	0	0	0	"00"	"00"	0	0
"10159     Mon. Jun 20, 2011          2          7          2     "	10159	2011-06-20	"Mon"	"Evening"	"272"	2	7	2	11	"27"	"72"	9	9
"10158     Mon. Jun 20, 2011          5          7          9     "	10158	2011-06-20	"Mon"	"Midday"	"579"	5	7	9	21	"57"	"79"	12	16
"10157     Sun. Jun 19, 2011          3          3          1     "	10157	2011-06-19	"Sun"	"Evening"	"331"	3	3	1	7	"33"	"31"	6	4
"10156     Sun. Jun 19, 2011          8          1          5     "	10156	2011-06-19	"Sun"	"Midday"	"815"	8	1	5	14	"81"	"15"	9	6
"10155     Sat. Jun 18, 2011          9          8          7     "	10155	2011-06-18	"Sat"	"Evening"	"987"	9	8	7	24	"98"	"87"	17	15
"10154     Sat. Jun 18, 2011          3          0          4     "	10154	2011-06-18	"Sat"	"Midday"	"304"	3	0	4	7	"30"	"04"	3	4
"10153     Fri. Jun 17, 2011          4          3          9     "	10153	2011-06-17	"Fri"	"Evening"	"439"	4	3	9	16	"43"	"39"	7	12
"10152     Fri. Jun 17, 2011          4          7          9     "	10152	2011-06-17	"Fri"	"Midday"	"479"	4	7	9	20	"47"	"79"	11	16
"10151     Thu. Jun 16, 2011          9          5          2     "	10151	2011-06-16	"Thu"	"Evening"	"952"	9	5	2	16	"95"	"52"	14	7
"10150     Thu. Jun 16, 2011          2          9          6     "	10150	2011-06-16	"Thu"	"Midday"	"296"	2	9	6	17	"29"	"96"	11	15
"10149     Wed. Jun 15, 2011          0          2          0     "	10149	2011-06-15	"Wed"	"Evening"	"020"	0	2	0	2	"02"	"20"	2	2
"10148     Wed. Jun 15, 2011          3          0          2     "	10148	2011-06-15	"Wed"	"Midday"	"302"	3	0	2	5	"30"	"02"	3	2
"10147     Tue. Jun 14, 2011          9          3          6     "	10147	2011-06-14	"Tue"	"Evening"	"936"	9	3	6	18	"93"	"36"	12	9
"10146     Tue. Jun 14, 2011          0          6          5     "	10146	2011-06-14	"Tue"	"Midday"	"065"	0	6	5	11	"06"	"65"	6	11
"10145     Mon. Jun 13, 2011          4          6          0     "	10145	2011-06-13	"Mon"	"Evening"	"460"	4	6	0	10	"46"	"60"	10	6
"10144     Mon. Jun 13, 2011          0          4          4     "	10144	2011-06-13	"Mon"	"Midday"	"044"	0	4	4	8	"04"	"44"	4	8
"10143     Sun. Jun 12, 2011          2          8          8     "	10143	2011-06-12	"Sun"	"Evening"	"288"	2	8	8	18	"28"	"88"	10	16
"10142     Sun. Jun 12, 2011          3          5          8     "	10142	2011-06-12	"Sun"	"Midday"	"358"	3	5	8	16	"35"	"58"	8	13
"10141     Sat. Jun 11, 2011          3          7          4     "	10141	2011-06-11	"Sat"	"Evening"	"374"	3	7	4	14	"37"	"74"	10	11
"10140     Sat. Jun 11, 2011          3          7          8     "	10140	2011-06-11	"Sat"	"Midday"	"378"	3	7	8	18	"37"	"78"	10	15
"10139     Fri. Jun 10, 2011          0          7          2     "	10139	2011-06-10	"Fri"	"Evening"	"072"	0	7	2	9	"07"	"72"	7	9
"10138     Fri. Jun 10, 2011          4          3          4     "	10138	2011-06-10	"Fri"	"Midday"	"434"	4	3	4	11	"43"	"34"	7	7
"10137     Thu. Jun 09, 2011          9          7          0     "	10137	2011-06-09	"Thu"	"Evening"	"970"	9	7	0	16	"97"	"70"	16	7
"10136     Thu. Jun 09, 2011          9          2          3     "	10136	2011-06-09	"Thu"	"Midday"	"923"	9	2	3	14	"92"	"23"	11	5
"10135     Wed. Jun 08, 2011          7          4          7     "	10135	2011-06-08	"Wed"	"Evening"	"747"	7	4	7	18	"74"	"47"	11	11
"10134     Wed. Jun 08, 2011          2          8          9     "	10134	2011-06-08	"Wed"	"Midday"	"289"	2	8	9	19	"28"	"89"	10	17
"10133     Tue. Jun 07, 2011          9          8          5     "	10133	2011-06-07	"Tue"	"Evening"	"985"	9	8	5	22	"98"	"85"	17	13
"10132     Tue. Jun 07, 2011          4          6          8     "	10132	2011-06-07	"Tue"	"Midday"	"468"	4	6	8	18	"46"	"68"	10	14
"10131     Mon. Jun 06, 2011          0          9          7     "	10131	2011-06-06	"Mon"	"Evening"	"097"	0	9	7	16	"09"	"97"	9	16
"10130     Mon. Jun 06, 2011          7          5          6     "	10130	2011-06-06	"Mon"	"Midday"	"756"	7	5	6	18	"75"	"56"	12	11
"10129     Sun. Jun 05, 2011          3          0          6     "	10129	2011-06-05	"Sun"	"Evening"	"306"	3	0	6	9	"30"	"06"	3	6
"10128     Sun. Jun 05, 2011          5          3          6     "	10128	2011-06-05	"Sun"	"Midday"	"536"	5	3	6	14	"53"	"36"	8	9
"10127     Sat. Jun 04, 2011          6          9          4     "	10127	2011-06-04	"Sat"	"Evening"	"694"	6	9	4	19	"69"	"94"	15	13
"10126     Sat. Jun 04, 2011          3          0          3     "	10126	2011-06-04	"Sat"	"Midday"	"303"	3	0	3	6	"30"	"03"	3	3
"10125     Fri. Jun 03, 2011          5          9          5     "	10125	2011-06-03	"Fri"	"Evening"	"595"	5	9	5	19	"59"	"95"	14	14
"10124     Fri. Jun 03, 2011          2          6          6     "	10124	2011-06-03	"Fri"	"Midday"	"266"	2	6	6	14	"26"	"66"	8	12
"10123     Thu. Jun 02, 2011          2          6          0     "	10123	2011-06-02	"Thu"	"Evening"	"260"	2	6	0	8	"26"	"60"	8	6
"10122     Thu. Jun 02, 2011          7          3          2     "	10122	2011-06-02	"Thu"	"Midday"	"732"	7	3	2	12	"73"	"32"	10	5
"10121     Wed. Jun 01, 2011          8          5          2     "	10121	2011-06-01	"Wed"	"Evening"	"852"	8	5	2	15	"85"	"52"	13	7
"10120     Wed. Jun 01, 2011          6          9          8     "	10120	2011-06-01	"Wed"	"Midday"	"698"	6	9	8	23	"69"	"98"	15	17
"10119     Tue. May 31, 2011          0          3          4     "	10119	2011-05-31	"Tue"	"Evening"	"034"	0	3	4	7	"03"	"34"	3	7
"10118     Tue. May 31, 2011          2          2          0     "	10118	2011-05-31	"Tue"	"Midday"	"220"	2	2	0	4	"22"	"20"	4	2
"10117     Mon. May 30, 2011          6          3          6     "	10117	2011-05-30	"Mon"	"Evening"	"636"	6	3	6	15	"63"	"36"	9	9
"10116     Mon. May 30, 2011          8          6          4     "	10116	2011-05-30	"Mon"	"Midday"	"864"	8	6	4	18	"86"	"64"	14	10
"10115     Sun. May 29, 2011          1          6          1     "	10115	2011-05-29	"Sun"	"Evening"	"161"	1	6	1	8	"16"	"61"	7	7
"10114     Sun. May 29, 2011          1          1          8     "	10114	2011-05-29	"Sun"	"Midday"	"118"	1	1	8	10	"11"	"18"	2	9
"10113     Sat. May 28, 2011          1          0          8     "	10113	2011-05-28	"Sat"	"Evening"	"108"	1	0	8	9	"10"	"08"	1	8
"10112     Sat. May 28, 2011          7          2          9     "	10112	2011-05-28	"Sat"	"Midday"	"729"	7	2	9	18	"72"	"29"	9	11
"10111     Fri. May 27, 2011          4          0          0     "	10111	2011-05-27	"Fri"	"Evening"	"400"	4	0	0	4	"40"	"00"	4	0
"10110     Fri. May 27, 2011          1          1          8     "	10110	2011-05-27	"Fri"	"Midday"	"118"	1	1	8	10	"11"	"18"	2	9
"10109     Thu. May 26, 2011          7          6          9     "	10109	2011-05-26	"Thu"	"Evening"	"769"	7	6	9	22	"76"	"69"	13	15
"10108     Thu. May 26, 2011          3          6          1     "	10108	2011-05-26	"Thu"	"Midday"	"361"	3	6	1	10	"36"	"61"	9	7
"10107     Wed. May 25, 2011          5          2          6     "	10107	2011-05-25	"Wed"	"Evening"	"526"	5	2	6	13	"52"	"26"	7	8
"10106     Wed. May 25, 2011          5          3          2     "	10106	2011-05-25	"Wed"	"Midday"	"532"	5	3	2	10	"53"	"32"	8	5
"10105     Tue. May 24, 2011          4          0          4     "	10105	2011-05-24	"Tue"	"Evening"	"404"	4	0	4	8	"40"	"04"	4	4
"10104     Tue. May 24, 2011          7          0          3     "	10104	2011-05-24	"Tue"	"Midday"	"703"	7	0	3	10	"70"	"03"	7	3
"10103     Mon. May 23, 2011          3          9          3     "	10103	2011-05-23	"Mon"	"Evening"	"393"	3	9	3	15	"39"	"93"	12	12
"10102     Mon. May 23, 2011          1          0          1     "	10102	2011-05-23	"Mon"	"Midday"	"101"	1	0	1	2	"10"	"01"	1	1
"10101     Sun. May 22, 2011          1          7          6     "	10101	2011-05-22	"Sun"	"Evening"	"176"	1	7	6	14	"17"	"76"	8	13
"10100     Sun. May 22, 2011          0          8          3     "	10100	2011-05-22	"Sun"	"Midday"	"083"	0	8	3	11	"08"	"83"	8	11
"10099     Sat. May 21, 2011          8          0          6     "	10099	2011-05-21	"Sat"	"Evening"	"806"	8	0	6	14	"80"	"06"	8	6
"10098     Sat. May 21, 2011          5          0          6     "	10098	2011-05-21	"Sat"	"Midday"	"506"	5	0	6	11	"50"	"06"	5	6
"10097     Fri. May 20, 2011          8          8          9     "	10097	2011-05-20	"Fri"	"Evening"	"889"	8	8	9	25	"88"	"89"	16	17
"10096     Fri. May 20, 2011          6          1          7     "	10096	2011-05-20	"Fri"	"Midday"	"617"	6	1	7	14	"61"	"17"	7	8
"10095     Thu. May 19, 2011          3          7          6     "	10095	2011-05-19	"Thu"	"Evening"	"376"	3	7	6	16	"37"	"76"	10	13
"10094     Thu. May 19, 2011          1          7          3     "	10094	2011-05-19	"Thu"	"Midday"	"173"	1	7	3	11	"17"	"73"	8	10
"10093     Wed. May 18, 2011          9          1          2     "	10093	2011-05-18	"Wed"	"Evening"	"912"	9	1	2	12	"91"	"12"	10	3
"10092     Wed. May 18, 2011          6          5          5     "	10092	2011-05-18	"Wed"	"Midday"	"655"	6	5	5	16	"65"	"55"	11	10
"10091     Tue. May 17, 2011          4          1          2     "	10091	2011-05-17	"Tue"	"Evening"	"412"	4	1	2	7	"41"	"12"	5	3
"10090     Tue. May 17, 2011          7          1          4     "	10090	2011-05-17	"Tue"	"Midday"	"714"	7	1	4	12	"71"	"14"	8	5
"10089     Mon. May 16, 2011          1          0          3     "	10089	2011-05-16	"Mon"	"Evening"	"103"	1	0	3	4	"10"	"03"	1	3
"10088     Mon. May 16, 2011          3          4          2     "	10088	2011-05-16	"Mon"	"Midday"	"342"	3	4	2	9	"34"	"42"	7	6
"10087     Sun. May 15, 2011          4          1          1     "	10087	2011-05-15	"Sun"	"Evening"	"411"	4	1	1	6	"41"	"11"	5	2
"10086     Sun. May 15, 2011          8          3          3     "	10086	2011-05-15	"Sun"	"Midday"	"833"	8	3	3	14	"83"	"33"	11	6
"10085     Sat. May 14, 2011          3          7          4     "	10085	2011-05-14	"Sat"	"Evening"	"374"	3	7	4	14	"37"	"74"	10	11
"10084     Sat. May 14, 2011          9          7          5     "	10084	2011-05-14	"Sat"	"Midday"	"975"	9	7	5	21	"97"	"75"	16	12
"10083     Fri. May 13, 2011          5          1          2     "	10083	2011-05-13	"Fri"	"Evening"	"512"	5	1	2	8	"51"	"12"	6	3
"10082     Fri. May 13, 2011          3          6          1     "	10082	2011-05-13	"Fri"	"Midday"	"361"	3	6	1	10	"36"	"61"	9	7
"10081     Thu. May 12, 2011          1          9          4     "	10081	2011-05-12	"Thu"	"Evening"	"194"	1	9	4	14	"19"	"94"	10	13
"10080     Thu. May 12, 2011          0          4          9     "	10080	2011-05-12	"Thu"	"Midday"	"049"	0	4	9	13	"04"	"49"	4	13
"10079     Wed. May 11, 2011          6          2          4     "	10079	2011-05-11	"Wed"	"Evening"	"624"	6	2	4	12	"62"	"24"	8	6
"10078     Wed. May 11, 2011          1          5          1     "	10078	2011-05-11	"Wed"	"Midday"	"151"	1	5	1	7	"15"	"51"	6	6
"10077     Tue. May 10, 2011          4          8          3     "	10077	2011-05-10	"Tue"	"Evening"	"483"	4	8	3	15	"48"	"83"	12	11
"10076     Tue. May 10, 2011          9          8          2     "	10076	2011-05-10	"Tue"	"Midday"	"982"	9	8	2	19	"98"	"82"	17	10
"10075     Mon. May 09, 2011          2          2          3     "	10075	2011-05-09	"Mon"	"Evening"	"223"	2	2	3	7	"22"	"23"	4	5
"10074     Mon. May 09, 2011          4          5          2     "	10074	2011-05-09	"Mon"	"Midday"	"452"	4	5	2	11	"45"	"52"	9	7
"10073     Sun. May 08, 2011          3          9          9     "	10073	2011-05-08	"Sun"	"Evening"	"399"	3	9	9	21	"39"	"99"	12	18
"10072     Sun. May 08, 2011          1          3          5     "	10072	2011-05-08	"Sun"	"Midday"	"135"	1	3	5	9	"13"	"35"	4	8
"10071     Sat. May 07, 2011          0          7          8     "	10071	2011-05-07	"Sat"	"Evening"	"078"	0	7	8	15	"07"	"78"	7	15
"10070     Sat. May 07, 2011          5          3          4     "	10070	2011-05-07	"Sat"	"Midday"	"534"	5	3	4	12	"53"	"34"	8	7
"10069     Fri. May 06, 2011          3          3          6     "	10069	2011-05-06	"Fri"	"Evening"	"336"	3	3	6	12	"33"	"36"	6	9
"10068     Fri. May 06, 2011          4          4          4     "	10068	2011-05-06	"Fri"	"Midday"	"444"	4	4	4	12	"44"	"44"	8	8
"10067     Thu. May 05, 2011          1          1          8     "	10067	2011-05-05	"Thu"	"Evening"	"118"	1	1	8	10	"11"	"18"	2	9
"10066     Thu. May 05, 2011          7          8          5     "	10066	2011-05-05	"Thu"	"Midday"	"785"	7	8	5	20	"78"	"85"	15	13
"10065     Wed. May 04, 2011          2          2          1     "	10065	2011-05-04	"Wed"	"Evening"	"221"	2	2	1	5	"22"	"21"	4	3
"10064     Wed. May 04, 2011          8          1          4     "	10064	2011-05-04	"Wed"	"Midday"	"814"	8	1	4	13	"81"	"14"	9	5
"10063     Tue. May 03, 2011          0          7          6     "	10063	2011-05-03	"Tue"	"Evening"	"076"	0	7	6	13	"07"	"76"	7	13
"10062     Tue. May 03, 2011          9          9          8     "	10062	2011-05-03	"Tue"	"Midday"	"998"	9	9	8	26	"99"	"98"	18	17
"10061     Mon. May 02, 2011          3          3          5     "	10061	2011-05-02	"Mon"	"Evening"	"335"	3	3	5	11	"33"	"35"	6	8
"10060     Mon. May 02, 2011          1          4          6     "	10060	2011-05-02	"Mon"	"Midday"	"146"	1	4	6	11	"14"	"46"	5	10
"10059     Sun. May 01, 2011          0          8          1     "	10059	2011-05-01	"Sun"	"Evening"	"081"	0	8	1	9	"08"	"81"	8	9
"10058     Sun. May 01, 2011          7          9          0     "	10058	2011-05-01	"Sun"	"Midday"	"790"	7	9	0	16	"79"	"90"	16	9
"10057     Sat. Apr 30, 2011          1          2          4     "	10057	2011-04-30	"Sat"	"Evening"	"124"	1	2	4	7	"12"	"24"	3	6
"10056     Sat. Apr 30, 2011          8          6          7     "	10056	2011-04-30	"Sat"	"Midday"	"867"	8	6	7	21	"86"	"67"	14	13
"10055     Fri. Apr 29, 2011          7          4          6     "	10055	2011-04-29	"Fri"	"Evening"	"746"	7	4	6	17	"74"	"46"	11	10
"10054     Fri. Apr 29, 2011          0          9          6     "	10054	2011-04-29	"Fri"	"Midday"	"096"	0	9	6	15	"09"	"96"	9	15
"10053     Thu. Apr 28, 2011          4          2          7     "	10053	2011-04-28	"Thu"	"Evening"	"427"	4	2	7	13	"42"	"27"	6	9
"10052     Thu. Apr 28, 2011          3          9          3     "	10052	2011-04-28	"Thu"	"Midday"	"393"	3	9	3	15	"39"	"93"	12	12
"10051     Wed. Apr 27, 2011          7          5          9     "	10051	2011-04-27	"Wed"	"Evening"	"759"	7	5	9	21	"75"	"59"	12	14
"10050     Wed. Apr 27, 2011          8          2          3     "	10050	2011-04-27	"Wed"	"Midday"	"823"	8	2	3	13	"82"	"23"	10	5
"10049     Tue. Apr 26, 2011          3          7          4     "	10049	2011-04-26	"Tue"	"Evening"	"374"	3	7	4	14	"37"	"74"	10	11
"10048     Tue. Apr 26, 2011          9          7          2     "	10048	2011-04-26	"Tue"	"Midday"	"972"	9	7	2	18	"97"	"72"	16	9
"10047     Mon. Apr 25, 2011          8          8          4     "	10047	2011-04-25	"Mon"	"Evening"	"884"	8	8	4	20	"88"	"84"	16	12
"10046     Mon. Apr 25, 2011          5          9          9     "	10046	2011-04-25	"Mon"	"Midday"	"599"	5	9	9	23	"59"	"99"	14	18
"10045     Sun. Apr 24, 2011          5          0          2     "	10045	2011-04-24	"Sun"	"Evening"	"502"	5	0	2	7	"50"	"02"	5	2
"10044     Sun. Apr 24, 2011          6          7          4     "	10044	2011-04-24	"Sun"	"Midday"	"674"	6	7	4	17	"67"	"74"	13	11
"10043     Sat. Apr 23, 2011          5          8          3     "	10043	2011-04-23	"Sat"	"Evening"	"583"	5	8	3	16	"58"	"83"	13	11
"10042     Sat. Apr 23, 2011          3          9          9     "	10042	2011-04-23	"Sat"	"Midday"	"399"	3	9	9	21	"39"	"99"	12	18
"10041     Fri. Apr 22, 2011          8          7          8     "	10041	2011-04-22	"Fri"	"Evening"	"878"	8	7	8	23	"87"	"78"	15	15
"10040     Fri. Apr 22, 2011          7          0          8     "	10040	2011-04-22	"Fri"	"Midday"	"708"	7	0	8	15	"70"	"08"	7	8
"10039     Thu. Apr 21, 2011          0          4          8     "	10039	2011-04-21	"Thu"	"Evening"	"048"	0	4	8	12	"04"	"48"	4	12
"10038     Thu. Apr 21, 2011          4          9          2     "	10038	2011-04-21	"Thu"	"Midday"	"492"	4	9	2	15	"49"	"92"	13	11
"10037     Wed. Apr 20, 2011          2          8          0     "	10037	2011-04-20	"Wed"	"Evening"	"280"	2	8	0	10	"28"	"80"	10	8
"10036     Wed. Apr 20, 2011          7          5          3     "	10036	2011-04-20	"Wed"	"Midday"	"753"	7	5	3	15	"75"	"53"	12	8
"10035     Tue. Apr 19, 2011          8          2          8     "	10035	2011-04-19	"Tue"	"Evening"	"828"	8	2	8	18	"82"	"28"	10	10
"10034     Tue. Apr 19, 2011          3          6          9     "	10034	2011-04-19	"Tue"	"Midday"	"369"	3	6	9	18	"36"	"69"	9	15
"10033     Mon. Apr 18, 2011          8          7          6     "	10033	2011-04-18	"Mon"	"Evening"	"876"	8	7	6	21	"87"	"76"	15	13
"10032     Mon. Apr 18, 2011          8          6          2     "	10032	2011-04-18	"Mon"	"Midday"	"862"	8	6	2	16	"86"	"62"	14	8
"10031     Sun. Apr 17, 2011          9          5          6     "	10031	2011-04-17	"Sun"	"Evening"	"956"	9	5	6	20	"95"	"56"	14	11
"10030     Sun. Apr 17, 2011          2          5          3     "	10030	2011-04-17	"Sun"	"Midday"	"253"	2	5	3	10	"25"	"53"	7	8
"10029     Sat. Apr 16, 2011          8          2          4     "	10029	2011-04-16	"Sat"	"Evening"	"824"	8	2	4	14	"82"	"24"	10	6
"10028     Sat. Apr 16, 2011          4          8          9     "	10028	2011-04-16	"Sat"	"Midday"	"489"	4	8	9	21	"48"	"89"	12	17
"10027     Fri. Apr 15, 2011          1          4          7     "	10027	2011-04-15	"Fri"	"Evening"	"147"	1	4	7	12	"14"	"47"	5	11
"10026     Fri. Apr 15, 2011          7          9          7     "	10026	2011-04-15	"Fri"	"Midday"	"797"	7	9	7	23	"79"	"97"	16	16
"10025     Thu. Apr 14, 2011          9          0          0     "	10025	2011-04-14	"Thu"	"Evening"	"900"	9	0	0	9	"90"	"00"	9	0
"10024     Thu. Apr 14, 2011          4          4          5     "	10024	2011-04-14	"Thu"	"Midday"	"445"	4	4	5	13	"44"	"45"	8	9
"10023     Wed. Apr 13, 2011          1          1          4     "	10023	2011-04-13	"Wed"	"Evening"	"114"	1	1	4	6	"11"	"14"	2	5
"10022     Wed. Apr 13, 2011          8          6          4     "	10022	2011-04-13	"Wed"	"Midday"	"864"	8	6	4	18	"86"	"64"	14	10
"10021     Tue. Apr 12, 2011          0          0          7     "	10021	2011-04-12	"Tue"	"Evening"	"007"	0	0	7	7	"00"	"07"	0	7
"10020     Tue. Apr 12, 2011          5          7          9     "	10020	2011-04-12	"Tue"	"Midday"	"579"	5	7	9	21	"57"	"79"	12	16
"10019     Mon. Apr 11, 2011          3          6          1     "	10019	2011-04-11	"Mon"	"Evening"	"361"	3	6	1	10	"36"	"61"	9	7
"10018     Mon. Apr 11, 2011          0          5          8     "	10018	2011-04-11	"Mon"	"Midday"	"058"	0	5	8	13	"05"	"58"	5	13
"10017     Sun. Apr 10, 2011          6          9          1     "	10017	2011-04-10	"Sun"	"Evening"	"691"	6	9	1	16	"69"	"91"	15	10
"10016     Sun. Apr 10, 2011          0          7          0     "	10016	2011-04-10	"Sun"	"Midday"	"070"	0	7	0	7	"07"	"70"	7	7
"10015     Sat. Apr 09, 2011          2          7          9     "	10015	2011-04-09	"Sat"	"Evening"	"279"	2	7	9	18	"27"	"79"	9	16
"10014     Sat. Apr 09, 2011          6          4          6     "	10014	2011-04-09	"Sat"	"Midday"	"646"	6	4	6	16	"64"	"46"	10	10
"10013     Fri. Apr 08, 2011          9          6          3     "	10013	2011-04-08	"Fri"	"Evening"	"963"	9	6	3	18	"96"	"63"	15	9
"10012     Fri. Apr 08, 2011          8          6          6     "	10012	2011-04-08	"Fri"	"Midday"	"866"	8	6	6	20	"86"	"66"	14	12
"10011     Thu. Apr 07, 2011          1          8          0     "	10011	2011-04-07	"Thu"	"Evening"	"180"	1	8	0	9	"18"	"80"	9	8
"10010     Thu. Apr 07, 2011          0          6          3     "	10010	2011-04-07	"Thu"	"Midday"	"063"	0	6	3	9	"06"	"63"	6	9
"10009     Wed. Apr 06, 2011          6          5          5     "	10009	2011-04-06	"Wed"	"Evening"	"655"	6	5	5	16	"65"	"55"	11	10
"10008     Wed. Apr 06, 2011          0          7          2     "	10008	2011-04-06	"Wed"	"Midday"	"072"	0	7	2	9	"07"	"72"	7	9
"10007     Tue. Apr 05, 2011          0          7          0     "	10007	2011-04-05	"Tue"	"Evening"	"070"	0	7	0	7	"07"	"70"	7	7
"10006     Tue. Apr 05, 2011          3          8          2     "	10006	2011-04-05	"Tue"	"Midday"	"382"	3	8	2	13	"38"	"82"	11	10
"10005     Mon. Apr 04, 2011          2          9          4     "	10005	2011-04-04	"Mon"	"Evening"	"294"	2	9	4	15	"29"	"94"	11	13
"10004     Mon. Apr 04, 2011          5          2          7     "	10004	2011-04-04	"Mon"	"Midday"	"527"	5	2	7	14	"52"	"27"	7	9
"10003     Sun. Apr 03, 2011          8          0          1     "	10003	2011-04-03	"Sun"	"Evening"	"801"	8	0	1	9	"80"	"01"	8	1
"10002     Sun. Apr 03, 2011          0          4          5     "	10002	2011-04-03	"Sun"	"Midday"	"045"	0	4	5	9	"04"	"45"	4	9
"10001     Sat. Apr 02, 2011          9          5          8     "	10001	2011-04-02	"Sat"	"Evening"	"958"	9	5	8	22	"95"	"58"	14	13
"10000     Sat. Apr 02, 2011          2          1          9     "	10000	2011-04-02	"Sat"	"Midday"	"219"	2	1	9	12	"21"	"19"	3	10
"9999     Fri. Apr 01, 2011          6          4          6     "	9999	2011-04-01	"Fri"	"Evening"	"646"	6	4	6	16	"64"	"46"	10	10
"9998     Fri. Apr 01, 2011          6          7          1     "	9998	2011-04-01	"Fri"	"Midday"	"671"	6	7	1	14	"67"	"71"	13	8
"9997     Thu. Mar 31, 2011          5          0          9     "	9997	2011-03-31	"Thu"	"Evening"	"509"	5	0	9	14	"50"	"09"	5	9
"9996     Thu. Mar 31, 2011          9          6          1     "	9996	2011-03-31	"Thu"	"Midday"	"961"	9	6	1	16	"96"	"61"	15	7
"9995     Wed. Mar 30, 2011          0          1          5     "	9995	2011-03-30	"Wed"	"Evening"	"015"	0	1	5	6	"01"	"15"	1	6
"9994     Wed. Mar 30, 2011          4          4          5     "	9994	2011-03-30	"Wed"	"Midday"	"445"	4	4	5	13	"44"	"45"	8	9
"9993     Tue. Mar 29, 2011          4          7          5     "	9993	2011-03-29	"Tue"	"Evening"	"475"	4	7	5	16	"47"	"75"	11	12
"9992     Tue. Mar 29, 2011          8          9          2     "	9992	2011-03-29	"Tue"	"Midday"	"892"	8	9	2	19	"89"	"92"	17	11
"9991     Mon. Mar 28, 2011          2          1          6     "	9991	2011-03-28	"Mon"	"Evening"	"216"	2	1	6	9	"21"	"16"	3	7
"9990     Mon. Mar 28, 2011          6          1          3     "	9990	2011-03-28	"Mon"	"Midday"	"613"	6	1	3	10	"61"	"13"	7	4
"9989     Sun. Mar 27, 2011          1          4          6     "	9989	2011-03-27	"Sun"	"Evening"	"146"	1	4	6	11	"14"	"46"	5	10
"9988     Sun. Mar 27, 2011          3          7          7     "	9988	2011-03-27	"Sun"	"Midday"	"377"	3	7	7	17	"37"	"77"	10	14
"9987     Sat. Mar 26, 2011          4          7          5     "	9987	2011-03-26	"Sat"	"Evening"	"475"	4	7	5	16	"47"	"75"	11	12
"9986     Sat. Mar 26, 2011          1          5          9     "	9986	2011-03-26	"Sat"	"Midday"	"159"	1	5	9	15	"15"	"59"	6	14
"9985     Fri. Mar 25, 2011          4          6          2     "	9985	2011-03-25	"Fri"	"Evening"	"462"	4	6	2	12	"46"	"62"	10	8
"9984     Fri. Mar 25, 2011          3          9          8     "	9984	2011-03-25	"Fri"	"Midday"	"398"	3	9	8	20	"39"	"98"	12	17
"9983     Thu. Mar 24, 2011          7          0          2     "	9983	2011-03-24	"Thu"	"Evening"	"702"	7	0	2	9	"70"	"02"	7	2
"9982     Thu. Mar 24, 2011          1          5          0     "	9982	2011-03-24	"Thu"	"Midday"	"150"	1	5	0	6	"15"	"50"	6	5
"9981     Wed. Mar 23, 2011          1          0          0     "	9981	2011-03-23	"Wed"	"Evening"	"100"	1	0	0	1	"10"	"00"	1	0
"9980     Wed. Mar 23, 2011          2          5          4     "	9980	2011-03-23	"Wed"	"Midday"	"254"	2	5	4	11	"25"	"54"	7	9
"9979     Tue. Mar 22, 2011          2          3          3     "	9979	2011-03-22	"Tue"	"Evening"	"233"	2	3	3	8	"23"	"33"	5	6
"9978     Tue. Mar 22, 2011          9          6          6     "	9978	2011-03-22	"Tue"	"Midday"	"966"	9	6	6	21	"96"	"66"	15	12
"9977     Mon. Mar 21, 2011          2          7          3     "	9977	2011-03-21	"Mon"	"Evening"	"273"	2	7	3	12	"27"	"73"	9	10
"9976     Mon. Mar 21, 2011          1          8          7     "	9976	2011-03-21	"Mon"	"Midday"	"187"	1	8	7	16	"18"	"87"	9	15
"9975     Sun. Mar 20, 2011          6          6          7     "	9975	2011-03-20	"Sun"	"Evening"	"667"	6	6	7	19	"66"	"67"	12	13
"9974     Sun. Mar 20, 2011          4          6          0     "	9974	2011-03-20	"Sun"	"Midday"	"460"	4	6	0	10	"46"	"60"	10	6
"9973     Sat. Mar 19, 2011          1          0          1     "	9973	2011-03-19	"Sat"	"Evening"	"101"	1	0	1	2	"10"	"01"	1	1
"9972     Sat. Mar 19, 2011          0          0          9     "	9972	2011-03-19	"Sat"	"Midday"	"009"	0	0	9	9	"00"	"09"	0	9
"9971     Fri. Mar 18, 2011          4          5          1     "	9971	2011-03-18	"Fri"	"Evening"	"451"	4	5	1	10	"45"	"51"	9	6
"9970     Fri. Mar 18, 2011          1          6          3     "	9970	2011-03-18	"Fri"	"Midday"	"163"	1	6	3	10	"16"	"63"	7	9
"9969     Thu. Mar 17, 2011          3          5          4     "	9969	2011-03-17	"Thu"	"Evening"	"354"	3	5	4	12	"35"	"54"	8	9
"9968     Thu. Mar 17, 2011          8          4          8     "	9968	2011-03-17	"Thu"	"Midday"	"848"	8	4	8	20	"84"	"48"	12	12
"9967     Wed. Mar 16, 2011          0          7          9     "	9967	2011-03-16	"Wed"	"Evening"	"079"	0	7	9	16	"07"	"79"	7	16
"9966     Wed. Mar 16, 2011          5          9          0     "	9966	2011-03-16	"Wed"	"Midday"	"590"	5	9	0	14	"59"	"90"	14	9
"9965     Tue. Mar 15, 2011          6          0          9     "	9965	2011-03-15	"Tue"	"Evening"	"609"	6	0	9	15	"60"	"09"	6	9
"9964     Tue. Mar 15, 2011          5          3          7     "	9964	2011-03-15	"Tue"	"Midday"	"537"	5	3	7	15	"53"	"37"	8	10
"9963     Mon. Mar 14, 2011          8          9          7     "	9963	2011-03-14	"Mon"	"Evening"	"897"	8	9	7	24	"89"	"97"	17	16
"9962     Mon. Mar 14, 2011          0          9          5     "	9962	2011-03-14	"Mon"	"Midday"	"095"	0	9	5	14	"09"	"95"	9	14
"9961     Sun. Mar 13, 2011          3          7          0     "	9961	2011-03-13	"Sun"	"Evening"	"370"	3	7	0	10	"37"	"70"	10	7
"9960     Sun. Mar 13, 2011          0          2          6     "	9960	2011-03-13	"Sun"	"Midday"	"026"	0	2	6	8	"02"	"26"	2	8
"9959     Sat. Mar 12, 2011          5          4          1     "	9959	2011-03-12	"Sat"	"Evening"	"541"	5	4	1	10	"54"	"41"	9	5
"9958     Sat. Mar 12, 2011          9          3          5     "	9958	2011-03-12	"Sat"	"Midday"	"935"	9	3	5	17	"93"	"35"	12	8
"9957     Fri. Mar 11, 2011          7          8          9     "	9957	2011-03-11	"Fri"	"Evening"	"789"	7	8	9	24	"78"	"89"	15	17
"9956     Fri. Mar 11, 2011          2          8          5     "	9956	2011-03-11	"Fri"	"Midday"	"285"	2	8	5	15	"28"	"85"	10	13
"9955     Thu. Mar 10, 2011          1          0          8     "	9955	2011-03-10	"Thu"	"Evening"	"108"	1	0	8	9	"10"	"08"	1	8
"9954     Thu. Mar 10, 2011          2          4          8     "	9954	2011-03-10	"Thu"	"Midday"	"248"	2	4	8	14	"24"	"48"	6	12
"9953     Wed. Mar 09, 2011          6          8          8     "	9953	2011-03-09	"Wed"	"Evening"	"688"	6	8	8	22	"68"	"88"	14	16
"9952     Wed. Mar 09, 2011          3          9          7     "	9952	2011-03-09	"Wed"	"Midday"	"397"	3	9	7	19	"39"	"97"	12	16
"9951     Tue. Mar 08, 2011          3          8          7     "	9951	2011-03-08	"Tue"	"Evening"	"387"	3	8	7	18	"38"	"87"	11	15
"9950     Tue. Mar 08, 2011          8          3          1     "	9950	2011-03-08	"Tue"	"Midday"	"831"	8	3	1	12	"83"	"31"	11	4
"9949     Mon. Mar 07, 2011          0          6          1     "	9949	2011-03-07	"Mon"	"Evening"	"061"	0	6	1	7	"06"	"61"	6	7
"9948     Mon. Mar 07, 2011          3          4          2     "	9948	2011-03-07	"Mon"	"Midday"	"342"	3	4	2	9	"34"	"42"	7	6
"9947     Sun. Mar 06, 2011          6          0          3     "	9947	2011-03-06	"Sun"	"Evening"	"603"	6	0	3	9	"60"	"03"	6	3
"9946     Sun. Mar 06, 2011          1          5          8     "	9946	2011-03-06	"Sun"	"Midday"	"158"	1	5	8	14	"15"	"58"	6	13
"9945     Sat. Mar 05, 2011          9          9          2     "	9945	2011-03-05	"Sat"	"Evening"	"992"	9	9	2	20	"99"	"92"	18	11
"9944     Sat. Mar 05, 2011          4          6          3     "	9944	2011-03-05	"Sat"	"Midday"	"463"	4	6	3	13	"46"	"63"	10	9
"9943     Fri. Mar 04, 2011          5          6          8     "	9943	2011-03-04	"Fri"	"Evening"	"568"	5	6	8	19	"56"	"68"	11	14
"9942     Fri. Mar 04, 2011          7          7          3     "	9942	2011-03-04	"Fri"	"Midday"	"773"	7	7	3	17	"77"	"73"	14	10
"9941     Thu. Mar 03, 2011          0          6          2     "	9941	2011-03-03	"Thu"	"Evening"	"062"	0	6	2	8	"06"	"62"	6	8
"9940     Thu. Mar 03, 2011          9          6          2     "	9940	2011-03-03	"Thu"	"Midday"	"962"	9	6	2	17	"96"	"62"	15	8
"9939     Wed. Mar 02, 2011          3          7          4     "	9939	2011-03-02	"Wed"	"Evening"	"374"	3	7	4	14	"37"	"74"	10	11
"9938     Wed. Mar 02, 2011          7          2          2     "	9938	2011-03-02	"Wed"	"Midday"	"722"	7	2	2	11	"72"	"22"	9	4
"9937     Tue. Mar 01, 2011          2          9          4     "	9937	2011-03-01	"Tue"	"Evening"	"294"	2	9	4	15	"29"	"94"	11	13
"9936     Tue. Mar 01, 2011          3          2          7     "	9936	2011-03-01	"Tue"	"Midday"	"327"	3	2	7	12	"32"	"27"	5	9
"9935     Mon. Feb 28, 2011          7          3          5     "	9935	2011-02-28	"Mon"	"Evening"	"735"	7	3	5	15	"73"	"35"	10	8
"9934     Mon. Feb 28, 2011          3          8          3     "	9934	2011-02-28	"Mon"	"Midday"	"383"	3	8	3	14	"38"	"83"	11	11
"9933     Sun. Feb 27, 2011          8          7          2     "	9933	2011-02-27	"Sun"	"Evening"	"872"	8	7	2	17	"87"	"72"	15	9
"9932     Sun. Feb 27, 2011          4          8          3     "	9932	2011-02-27	"Sun"	"Midday"	"483"	4	8	3	15	"48"	"83"	12	11
"9931     Sat. Feb 26, 2011          1          6          7     "	9931	2011-02-26	"Sat"	"Evening"	"167"	1	6	7	14	"16"	"67"	7	13
"9930     Sat. Feb 26, 2011          1          6          7     "	9930	2011-02-26	"Sat"	"Midday"	"167"	1	6	7	14	"16"	"67"	7	13
"9929     Fri. Feb 25, 2011          6          8          6     "	9929	2011-02-25	"Fri"	"Evening"	"686"	6	8	6	20	"68"	"86"	14	14
"9928     Fri. Feb 25, 2011          1          3          0     "	9928	2011-02-25	"Fri"	"Midday"	"130"	1	3	0	4	"13"	"30"	4	3
"9927     Thu. Feb 24, 2011          0          6          7     "	9927	2011-02-24	"Thu"	"Evening"	"067"	0	6	7	13	"06"	"67"	6	13
"9926     Thu. Feb 24, 2011          9          1          8     "	9926	2011-02-24	"Thu"	"Midday"	"918"	9	1	8	18	"91"	"18"	10	9
"9925     Wed. Feb 23, 2011          4          4          3     "	9925	2011-02-23	"Wed"	"Evening"	"443"	4	4	3	11	"44"	"43"	8	7
"9924     Wed. Feb 23, 2011          7          8          3     "	9924	2011-02-23	"Wed"	"Midday"	"783"	7	8	3	18	"78"	"83"	15	11
"9923     Tue. Feb 22, 2011          2          7          1     "	9923	2011-02-22	"Tue"	"Evening"	"271"	2	7	1	10	"27"	"71"	9	8
"9922     Tue. Feb 22, 2011          2          4          5     "	9922	2011-02-22	"Tue"	"Midday"	"245"	2	4	5	11	"24"	"45"	6	9
"9921     Mon. Feb 21, 2011          9          7          6     "	9921	2011-02-21	"Mon"	"Evening"	"976"	9	7	6	22	"97"	"76"	16	13
"9920     Mon. Feb 21, 2011          9          0          0     "	9920	2011-02-21	"Mon"	"Midday"	"900"	9	0	0	9	"90"	"00"	9	0
"9919     Sun. Feb 20, 2011          5          3          3     "	9919	2011-02-20	"Sun"	"Evening"	"533"	5	3	3	11	"53"	"33"	8	6
"9918     Sun. Feb 20, 2011          2          6          3     "	9918	2011-02-20	"Sun"	"Midday"	"263"	2	6	3	11	"26"	"63"	8	9
"9917     Sat. Feb 19, 2011          3          4          7     "	9917	2011-02-19	"Sat"	"Evening"	"347"	3	4	7	14	"34"	"47"	7	11
"9916     Sat. Feb 19, 2011          6          3          3     "	9916	2011-02-19	"Sat"	"Midday"	"633"	6	3	3	12	"63"	"33"	9	6
"9915     Fri. Feb 18, 2011          8          2          1     "	9915	2011-02-18	"Fri"	"Evening"	"821"	8	2	1	11	"82"	"21"	10	3
"9914     Fri. Feb 18, 2011          0          9          6     "	9914	2011-02-18	"Fri"	"Midday"	"096"	0	9	6	15	"09"	"96"	9	15
"9913     Thu. Feb 17, 2011          8          0          6     "	9913	2011-02-17	"Thu"	"Evening"	"806"	8	0	6	14	"80"	"06"	8	6
"9912     Thu. Feb 17, 2011          2          2          1     "	9912	2011-02-17	"Thu"	"Midday"	"221"	2	2	1	5	"22"	"21"	4	3
"9911     Wed. Feb 16, 2011          1          3          1     "	9911	2011-02-16	"Wed"	"Evening"	"131"	1	3	1	5	"13"	"31"	4	4
"9910     Wed. Feb 16, 2011          7          4          6     "	9910	2011-02-16	"Wed"	"Midday"	"746"	7	4	6	17	"74"	"46"	11	10
"9909     Tue. Feb 15, 2011          6          8          8     "	9909	2011-02-15	"Tue"	"Evening"	"688"	6	8	8	22	"68"	"88"	14	16
"9908     Tue. Feb 15, 2011          8          6          9     "	9908	2011-02-15	"Tue"	"Midday"	"869"	8	6	9	23	"86"	"69"	14	15
"9907     Mon. Feb 14, 2011          1          7          3     "	9907	2011-02-14	"Mon"	"Evening"	"173"	1	7	3	11	"17"	"73"	8	10
"9906     Mon. Feb 14, 2011          9          2          8     "	9906	2011-02-14	"Mon"	"Midday"	"928"	9	2	8	19	"92"	"28"	11	10
"9905     Sun. Feb 13, 2011          8          3          9     "	9905	2011-02-13	"Sun"	"Evening"	"839"	8	3	9	20	"83"	"39"	11	12
"9904     Sun. Feb 13, 2011          5          6          0     "	9904	2011-02-13	"Sun"	"Midday"	"560"	5	6	0	11	"56"	"60"	11	6
"9903     Sat. Feb 12, 2011          9          2          8     "	9903	2011-02-12	"Sat"	"Evening"	"928"	9	2	8	19	"92"	"28"	11	10
"9902     Sat. Feb 12, 2011          4          5          7     "	9902	2011-02-12	"Sat"	"Midday"	"457"	4	5	7	16	"45"	"57"	9	12
"9901     Fri. Feb 11, 2011          8          0          2     "	9901	2011-02-11	"Fri"	"Evening"	"802"	8	0	2	10	"80"	"02"	8	2
"9900     Fri. Feb 11, 2011          9          5          7     "	9900	2011-02-11	"Fri"	"Midday"	"957"	9	5	7	21	"95"	"57"	14	12
"9899     Thu. Feb 10, 2011          8          6          8     "	9899	2011-02-10	"Thu"	"Evening"	"868"	8	6	8	22	"86"	"68"	14	14
"9898     Thu. Feb 10, 2011          9          4          3     "	9898	2011-02-10	"Thu"	"Midday"	"943"	9	4	3	16	"94"	"43"	13	7
"9897     Wed. Feb 09, 2011          7          0          0     "	9897	2011-02-09	"Wed"	"Evening"	"700"	7	0	0	7	"70"	"00"	7	0
"9896     Wed. Feb 09, 2011          8          8          8     "	9896	2011-02-09	"Wed"	"Midday"	"888"	8	8	8	24	"88"	"88"	16	16
"9895     Tue. Feb 08, 2011          0          4          6     "	9895	2011-02-08	"Tue"	"Evening"	"046"	0	4	6	10	"04"	"46"	4	10
"9894     Tue. Feb 08, 2011          2          6          0     "	9894	2011-02-08	"Tue"	"Midday"	"260"	2	6	0	8	"26"	"60"	8	6
"9893     Mon. Feb 07, 2011          0          2          1     "	9893	2011-02-07	"Mon"	"Evening"	"021"	0	2	1	3	"02"	"21"	2	3
"9892     Mon. Feb 07, 2011          4          5          8     "	9892	2011-02-07	"Mon"	"Midday"	"458"	4	5	8	17	"45"	"58"	9	13
"9891     Sun. Feb 06, 2011          8          1          1     "	9891	2011-02-06	"Sun"	"Evening"	"811"	8	1	1	10	"81"	"11"	9	2
"9890     Sun. Feb 06, 2011          1          6          9     "	9890	2011-02-06	"Sun"	"Midday"	"169"	1	6	9	16	"16"	"69"	7	15
"9889     Sat. Feb 05, 2011          3          5          8     "	9889	2011-02-05	"Sat"	"Evening"	"358"	3	5	8	16	"35"	"58"	8	13
"9888     Sat. Feb 05, 2011          0          8          1     "	9888	2011-02-05	"Sat"	"Midday"	"081"	0	8	1	9	"08"	"81"	8	9
"9887     Fri. Feb 04, 2011          1          2          2     "	9887	2011-02-04	"Fri"	"Evening"	"122"	1	2	2	5	"12"	"22"	3	4
"9886     Fri. Feb 04, 2011          0          6          5     "	9886	2011-02-04	"Fri"	"Midday"	"065"	0	6	5	11	"06"	"65"	6	11
"9885     Thu. Feb 03, 2011          6          7          2     "	9885	2011-02-03	"Thu"	"Evening"	"672"	6	7	2	15	"67"	"72"	13	9
"9884     Thu. Feb 03, 2011          5          0          2     "	9884	2011-02-03	"Thu"	"Midday"	"502"	5	0	2	7	"50"	"02"	5	2
"9883     Wed. Feb 02, 2011          4          1          8     "	9883	2011-02-02	"Wed"	"Evening"	"418"	4	1	8	13	"41"	"18"	5	9
"9882     Wed. Feb 02, 2011          3          9          0     "	9882	2011-02-02	"Wed"	"Midday"	"390"	3	9	0	12	"39"	"90"	12	9
"9881     Tue. Feb 01, 2011          8          7          3     "	9881	2011-02-01	"Tue"	"Evening"	"873"	8	7	3	18	"87"	"73"	15	10
"9880     Tue. Feb 01, 2011          1          5          0     "	9880	2011-02-01	"Tue"	"Midday"	"150"	1	5	0	6	"15"	"50"	6	5
"9879     Mon. Jan 31, 2011          0          4          1     "	9879	2011-01-31	"Mon"	"Evening"	"041"	0	4	1	5	"04"	"41"	4	5
"9878     Mon. Jan 31, 2011          1          6          5     "	9878	2011-01-31	"Mon"	"Midday"	"165"	1	6	5	12	"16"	"65"	7	11
"9877     Sun. Jan 30, 2011          2          0          4     "	9877	2011-01-30	"Sun"	"Evening"	"204"	2	0	4	6	"20"	"04"	2	4
"9876     Sun. Jan 30, 2011          6          5          1     "	9876	2011-01-30	"Sun"	"Midday"	"651"	6	5	1	12	"65"	"51"	11	6
"9875     Sat. Jan 29, 2011          3          9          2     "	9875	2011-01-29	"Sat"	"Evening"	"392"	3	9	2	14	"39"	"92"	12	11
"9874     Sat. Jan 29, 2011          0          6          1     "	9874	2011-01-29	"Sat"	"Midday"	"061"	0	6	1	7	"06"	"61"	6	7
"9873     Fri. Jan 28, 2011          4          0          1     "	9873	2011-01-28	"Fri"	"Evening"	"401"	4	0	1	5	"40"	"01"	4	1
"9872     Fri. Jan 28, 2011          8          0          2     "	9872	2011-01-28	"Fri"	"Midday"	"802"	8	0	2	10	"80"	"02"	8	2
"9871     Thu. Jan 27, 2011          8          8          6     "	9871	2011-01-27	"Thu"	"Evening"	"886"	8	8	6	22	"88"	"86"	16	14
"9870     Thu. Jan 27, 2011          5          6          3     "	9870	2011-01-27	"Thu"	"Midday"	"563"	5	6	3	14	"56"	"63"	11	9
"9869     Wed. Jan 26, 2011          8          6          8     "	9869	2011-01-26	"Wed"	"Evening"	"868"	8	6	8	22	"86"	"68"	14	14
"9868     Wed. Jan 26, 2011          6          6          9     "	9868	2011-01-26	"Wed"	"Midday"	"669"	6	6	9	21	"66"	"69"	12	15
"9867     Tue. Jan 25, 2011          9          0          1     "	9867	2011-01-25	"Tue"	"Evening"	"901"	9	0	1	10	"90"	"01"	9	1
"9866     Tue. Jan 25, 2011          8          0          5     "	9866	2011-01-25	"Tue"	"Midday"	"805"	8	0	5	13	"80"	"05"	8	5
"9865     Mon. Jan 24, 2011          3          2          3     "	9865	2011-01-24	"Mon"	"Evening"	"323"	3	2	3	8	"32"	"23"	5	5
"9864     Mon. Jan 24, 2011          2          9          4     "	9864	2011-01-24	"Mon"	"Midday"	"294"	2	9	4	15	"29"	"94"	11	13
"9863     Sun. Jan 23, 2011          8          1          0     "	9863	2011-01-23	"Sun"	"Evening"	"810"	8	1	0	9	"81"	"10"	9	1
"9862     Sun. Jan 23, 2011          4          0          0     "	9862	2011-01-23	"Sun"	"Midday"	"400"	4	0	0	4	"40"	"00"	4	0
"9861     Sat. Jan 22, 2011          7          9          5     "	9861	2011-01-22	"Sat"	"Evening"	"795"	7	9	5	21	"79"	"95"	16	14
"9860     Sat. Jan 22, 2011          9          1          8     "	9860	2011-01-22	"Sat"	"Midday"	"918"	9	1	8	18	"91"	"18"	10	9
"9859     Fri. Jan 21, 2011          7          1          0     "	9859	2011-01-21	"Fri"	"Evening"	"710"	7	1	0	8	"71"	"10"	8	1
"9858     Fri. Jan 21, 2011          1          0          1     "	9858	2011-01-21	"Fri"	"Midday"	"101"	1	0	1	2	"10"	"01"	1	1
"9857     Thu. Jan 20, 2011          1          5          8     "	9857	2011-01-20	"Thu"	"Evening"	"158"	1	5	8	14	"15"	"58"	6	13
"9856     Thu. Jan 20, 2011          2          3          9     "	9856	2011-01-20	"Thu"	"Midday"	"239"	2	3	9	14	"23"	"39"	5	12
"9855     Wed. Jan 19, 2011          0          6          6     "	9855	2011-01-19	"Wed"	"Evening"	"066"	0	6	6	12	"06"	"66"	6	12
"9854     Wed. Jan 19, 2011          6          2          8     "	9854	2011-01-19	"Wed"	"Midday"	"628"	6	2	8	16	"62"	"28"	8	10
"9853     Tue. Jan 18, 2011          0          2          2     "	9853	2011-01-18	"Tue"	"Evening"	"022"	0	2	2	4	"02"	"22"	2	4
"9852     Tue. Jan 18, 2011          0          6          5     "	9852	2011-01-18	"Tue"	"Midday"	"065"	0	6	5	11	"06"	"65"	6	11
"9851     Mon. Jan 17, 2011          2          1          9     "	9851	2011-01-17	"Mon"	"Evening"	"219"	2	1	9	12	"21"	"19"	3	10
"9850     Mon. Jan 17, 2011          0          7          5     "	9850	2011-01-17	"Mon"	"Midday"	"075"	0	7	5	12	"07"	"75"	7	12
"9849     Sun. Jan 16, 2011          3          7          7     "	9849	2011-01-16	"Sun"	"Evening"	"377"	3	7	7	17	"37"	"77"	10	14
"9848     Sun. Jan 16, 2011          5          2          8     "	9848	2011-01-16	"Sun"	"Midday"	"528"	5	2	8	15	"52"	"28"	7	10
"9847     Sat. Jan 15, 2011          0          1          3     "	9847	2011-01-15	"Sat"	"Evening"	"013"	0	1	3	4	"01"	"13"	1	4
"9846     Sat. Jan 15, 2011          5          1          4     "	9846	2011-01-15	"Sat"	"Midday"	"514"	5	1	4	10	"51"	"14"	6	5
"9845     Fri. Jan 14, 2011          9          9          1     "	9845	2011-01-14	"Fri"	"Evening"	"991"	9	9	1	19	"99"	"91"	18	10
"9844     Fri. Jan 14, 2011          0          1          9     "	9844	2011-01-14	"Fri"	"Midday"	"019"	0	1	9	10	"01"	"19"	1	10
"9843     Thu. Jan 13, 2011          2          7          7     "	9843	2011-01-13	"Thu"	"Evening"	"277"	2	7	7	16	"27"	"77"	9	14
"9842     Thu. Jan 13, 2011          8          1          9     "	9842	2011-01-13	"Thu"	"Midday"	"819"	8	1	9	18	"81"	"19"	9	10
"9841     Wed. Jan 12, 2011          4          0          9     "	9841	2011-01-12	"Wed"	"Evening"	"409"	4	0	9	13	"40"	"09"	4	9
"9840     Wed. Jan 12, 2011          1          6          6     "	9840	2011-01-12	"Wed"	"Midday"	"166"	1	6	6	13	"16"	"66"	7	12
"9839     Tue. Jan 11, 2011          8          8          0     "	9839	2011-01-11	"Tue"	"Evening"	"880"	8	8	0	16	"88"	"80"	16	8
"9838     Tue. Jan 11, 2011          3          3          1     "	9838	2011-01-11	"Tue"	"Midday"	"331"	3	3	1	7	"33"	"31"	6	4
"9837     Mon. Jan 10, 2011          3          2          2     "	9837	2011-01-10	"Mon"	"Evening"	"322"	3	2	2	7	"32"	"22"	5	4
"9836     Mon. Jan 10, 2011          8          6          7     "	9836	2011-01-10	"Mon"	"Midday"	"867"	8	6	7	21	"86"	"67"	14	13
"9835     Sun. Jan 09, 2011          4          6          2     "	9835	2011-01-09	"Sun"	"Evening"	"462"	4	6	2	12	"46"	"62"	10	8
"9834     Sun. Jan 09, 2011          9          8          8     "	9834	2011-01-09	"Sun"	"Midday"	"988"	9	8	8	25	"98"	"88"	17	16
"9833     Sat. Jan 08, 2011          0          4          4     "	9833	2011-01-08	"Sat"	"Evening"	"044"	0	4	4	8	"04"	"44"	4	8
"9832     Sat. Jan 08, 2011          9          5          3     "	9832	2011-01-08	"Sat"	"Midday"	"953"	9	5	3	17	"95"	"53"	14	8
"9831     Fri. Jan 07, 2011          8          6          7     "	9831	2011-01-07	"Fri"	"Evening"	"867"	8	6	7	21	"86"	"67"	14	13
"9830     Fri. Jan 07, 2011          1          3          1     "	9830	2011-01-07	"Fri"	"Midday"	"131"	1	3	1	5	"13"	"31"	4	4
"9829     Thu. Jan 06, 2011          3          7          6     "	9829	2011-01-06	"Thu"	"Evening"	"376"	3	7	6	16	"37"	"76"	10	13
"9828     Thu. Jan 06, 2011          9          3          2     "	9828	2011-01-06	"Thu"	"Midday"	"932"	9	3	2	14	"93"	"32"	12	5
"9827     Wed. Jan 05, 2011          1          4          4     "	9827	2011-01-05	"Wed"	"Evening"	"144"	1	4	4	9	"14"	"44"	5	8
"9826     Wed. Jan 05, 2011          9          1          0     "	9826	2011-01-05	"Wed"	"Midday"	"910"	9	1	0	10	"91"	"10"	10	1
"9825     Tue. Jan 04, 2011          1          1          6     "	9825	2011-01-04	"Tue"	"Evening"	"116"	1	1	6	8	"11"	"16"	2	7
"9824     Tue. Jan 04, 2011          3          6          9     "	9824	2011-01-04	"Tue"	"Midday"	"369"	3	6	9	18	"36"	"69"	9	15
"9823     Mon. Jan 03, 2011          6          9          7     "	9823	2011-01-03	"Mon"	"Evening"	"697"	6	9	7	22	"69"	"97"	15	16
"9822     Mon. Jan 03, 2011          5          2          6     "	9822	2011-01-03	"Mon"	"Midday"	"526"	5	2	6	13	"52"	"26"	7	8
"9821     Sun. Jan 02, 2011          6          6          6     "	9821	2011-01-02	"Sun"	"Evening"	"666"	6	6	6	18	"66"	"66"	12	12
"9820     Sun. Jan 02, 2011          7          6          1     "	9820	2011-01-02	"Sun"	"Midday"	"761"	7	6	1	14	"76"	"61"	13	7
"9819     Sat. Jan 01, 2011          2          4          7     "	9819	2011-01-01	"Sat"	"Evening"	"247"	2	4	7	13	"24"	"47"	6	11
"9818     Sat. Jan 01, 2011          6          2          6     "	9818	2011-01-01	"Sat"	"Midday"	"626"	6	2	6	14	"62"	"26"	8	8
"9817     Fri. Dec 31, 2010          2          7          0     "	9817	2010-12-31	"Fri"	"Evening"	"270"	2	7	0	9	"27"	"70"	9	7
"9816     Fri. Dec 31, 2010          1          0          5     "	9816	2010-12-31	"Fri"	"Midday"	"105"	1	0	5	6	"10"	"05"	1	5
"9815     Thu. Dec 30, 2010          2          1          5     "	9815	2010-12-30	"Thu"	"Evening"	"215"	2	1	5	8	"21"	"15"	3	6
"9814     Thu. Dec 30, 2010          7          7          3     "	9814	2010-12-30	"Thu"	"Midday"	"773"	7	7	3	17	"77"	"73"	14	10
"9813     Wed. Dec 29, 2010          2          1          2     "	9813	2010-12-29	"Wed"	"Evening"	"212"	2	1	2	5	"21"	"12"	3	3
"9812     Wed. Dec 29, 2010          5          3          4     "	9812	2010-12-29	"Wed"	"Midday"	"534"	5	3	4	12	"53"	"34"	8	7
"9811     Tue. Dec 28, 2010          5          1          7     "	9811	2010-12-28	"Tue"	"Evening"	"517"	5	1	7	13	"51"	"17"	6	8
"9810     Tue. Dec 28, 2010          2          5          8     "	9810	2010-12-28	"Tue"	"Midday"	"258"	2	5	8	15	"25"	"58"	7	13
"9809     Mon. Dec 27, 2010          4          8          1     "	9809	2010-12-27	"Mon"	"Evening"	"481"	4	8	1	13	"48"	"81"	12	9
"9808     Mon. Dec 27, 2010          6          8          7     "	9808	2010-12-27	"Mon"	"Midday"	"687"	6	8	7	21	"68"	"87"	14	15
"9807     Sun. Dec 26, 2010          6          9          0     "	9807	2010-12-26	"Sun"	"Evening"	"690"	6	9	0	15	"69"	"90"	15	9
"9806     Sun. Dec 26, 2010          9          0          0     "	9806	2010-12-26	"Sun"	"Midday"	"900"	9	0	0	9	"90"	"00"	9	0
"9805     Sat. Dec 25, 2010          8          6          2     "	9805	2010-12-25	"Sat"	"Evening"	"862"	8	6	2	16	"86"	"62"	14	8
"9804     Sat. Dec 25, 2010          4          4          9     "	9804	2010-12-25	"Sat"	"Midday"	"449"	4	4	9	17	"44"	"49"	8	13
"9803     Fri. Dec 24, 2010          3          4          3     "	9803	2010-12-24	"Fri"	"Evening"	"343"	3	4	3	10	"34"	"43"	7	7
"9802     Fri. Dec 24, 2010          2          3          4     "	9802	2010-12-24	"Fri"	"Midday"	"234"	2	3	4	9	"23"	"34"	5	7
"9801     Thu. Dec 23, 2010          2          8          3     "	9801	2010-12-23	"Thu"	"Evening"	"283"	2	8	3	13	"28"	"83"	10	11
"9800     Thu. Dec 23, 2010          6          1          1     "	9800	2010-12-23	"Thu"	"Midday"	"611"	6	1	1	8	"61"	"11"	7	2
"9799     Wed. Dec 22, 2010          9          2          1     "	9799	2010-12-22	"Wed"	"Evening"	"921"	9	2	1	12	"92"	"21"	11	3
"9798     Wed. Dec 22, 2010          1          1          2     "	9798	2010-12-22	"Wed"	"Midday"	"112"	1	1	2	4	"11"	"12"	2	3
"9797     Tue. Dec 21, 2010          4          4          5     "	9797	2010-12-21	"Tue"	"Evening"	"445"	4	4	5	13	"44"	"45"	8	9
"9796     Tue. Dec 21, 2010          5          5          3     "	9796	2010-12-21	"Tue"	"Midday"	"553"	5	5	3	13	"55"	"53"	10	8
"9795     Mon. Dec 20, 2010          0          7          2     "	9795	2010-12-20	"Mon"	"Evening"	"072"	0	7	2	9	"07"	"72"	7	9
"9794     Mon. Dec 20, 2010          5          0          6     "	9794	2010-12-20	"Mon"	"Midday"	"506"	5	0	6	11	"50"	"06"	5	6
"9793     Sun. Dec 19, 2010          5          9          4     "	9793	2010-12-19	"Sun"	"Evening"	"594"	5	9	4	18	"59"	"94"	14	13
"9792     Sun. Dec 19, 2010          1          6          8     "	9792	2010-12-19	"Sun"	"Midday"	"168"	1	6	8	15	"16"	"68"	7	14
"9791     Sat. Dec 18, 2010          8          2          7     "	9791	2010-12-18	"Sat"	"Evening"	"827"	8	2	7	17	"82"	"27"	10	9
"9790     Sat. Dec 18, 2010          3          9          7     "	9790	2010-12-18	"Sat"	"Midday"	"397"	3	9	7	19	"39"	"97"	12	16
"9789     Fri. Dec 17, 2010          4          4          8     "	9789	2010-12-17	"Fri"	"Evening"	"448"	4	4	8	16	"44"	"48"	8	12
"9788     Fri. Dec 17, 2010          7          3          7     "	9788	2010-12-17	"Fri"	"Midday"	"737"	7	3	7	17	"73"	"37"	10	10
"9787     Thu. Dec 16, 2010          6          2          1     "	9787	2010-12-16	"Thu"	"Evening"	"621"	6	2	1	9	"62"	"21"	8	3
"9786     Thu. Dec 16, 2010          0          9          1     "	9786	2010-12-16	"Thu"	"Midday"	"091"	0	9	1	10	"09"	"91"	9	10
"9785     Wed. Dec 15, 2010          2          1          7     "	9785	2010-12-15	"Wed"	"Evening"	"217"	2	1	7	10	"21"	"17"	3	8
"9784     Wed. Dec 15, 2010          5          3          9     "	9784	2010-12-15	"Wed"	"Midday"	"539"	5	3	9	17	"53"	"39"	8	12
"9783     Tue. Dec 14, 2010          1          3          0     "	9783	2010-12-14	"Tue"	"Evening"	"130"	1	3	0	4	"13"	"30"	4	3
"9782     Tue. Dec 14, 2010          5          2          1     "	9782	2010-12-14	"Tue"	"Midday"	"521"	5	2	1	8	"52"	"21"	7	3
"9781     Mon. Dec 13, 2010          6          0          4     "	9781	2010-12-13	"Mon"	"Evening"	"604"	6	0	4	10	"60"	"04"	6	4
"9780     Mon. Dec 13, 2010          6          7          7     "	9780	2010-12-13	"Mon"	"Midday"	"677"	6	7	7	20	"67"	"77"	13	14
"9779     Sun. Dec 12, 2010          5          1          8     "	9779	2010-12-12	"Sun"	"Evening"	"518"	5	1	8	14	"51"	"18"	6	9
"9778     Sun. Dec 12, 2010          4          5          9     "	9778	2010-12-12	"Sun"	"Midday"	"459"	4	5	9	18	"45"	"59"	9	14
"9777     Sat. Dec 11, 2010          2          7          3     "	9777	2010-12-11	"Sat"	"Evening"	"273"	2	7	3	12	"27"	"73"	9	10
"9776     Sat. Dec 11, 2010          8          0          4     "	9776	2010-12-11	"Sat"	"Midday"	"804"	8	0	4	12	"80"	"04"	8	4
"9775     Fri. Dec 10, 2010          6          1          8     "	9775	2010-12-10	"Fri"	"Evening"	"618"	6	1	8	15	"61"	"18"	7	9
"9774     Fri. Dec 10, 2010          2          4          4     "	9774	2010-12-10	"Fri"	"Midday"	"244"	2	4	4	10	"24"	"44"	6	8
"9773     Thu. Dec 09, 2010          0          5          6     "	9773	2010-12-09	"Thu"	"Evening"	"056"	0	5	6	11	"05"	"56"	5	11
"9772     Thu. Dec 09, 2010          6          8          0     "	9772	2010-12-09	"Thu"	"Midday"	"680"	6	8	0	14	"68"	"80"	14	8
"9771     Wed. Dec 08, 2010          9          4          3     "	9771	2010-12-08	"Wed"	"Evening"	"943"	9	4	3	16	"94"	"43"	13	7
"9770     Wed. Dec 08, 2010          3          2          3     "	9770	2010-12-08	"Wed"	"Midday"	"323"	3	2	3	8	"32"	"23"	5	5
"9769     Tue. Dec 07, 2010          5          1          1     "	9769	2010-12-07	"Tue"	"Evening"	"511"	5	1	1	7	"51"	"11"	6	2
"9768     Tue. Dec 07, 2010          6          9          6     "	9768	2010-12-07	"Tue"	"Midday"	"696"	6	9	6	21	"69"	"96"	15	15
"9767     Mon. Dec 06, 2010          3          9          0     "	9767	2010-12-06	"Mon"	"Evening"	"390"	3	9	0	12	"39"	"90"	12	9
"9766     Mon. Dec 06, 2010          5          0          4     "	9766	2010-12-06	"Mon"	"Midday"	"504"	5	0	4	9	"50"	"04"	5	4
"9765     Sun. Dec 05, 2010          6          3          6     "	9765	2010-12-05	"Sun"	"Evening"	"636"	6	3	6	15	"63"	"36"	9	9
"9764     Sun. Dec 05, 2010          8          7          2     "	9764	2010-12-05	"Sun"	"Midday"	"872"	8	7	2	17	"87"	"72"	15	9
"9763     Sat. Dec 04, 2010          8          4          5     "	9763	2010-12-04	"Sat"	"Evening"	"845"	8	4	5	17	"84"	"45"	12	9
"9762     Sat. Dec 04, 2010          5          2          3     "	9762	2010-12-04	"Sat"	"Midday"	"523"	5	2	3	10	"52"	"23"	7	5
"9761     Fri. Dec 03, 2010          2          1          3     "	9761	2010-12-03	"Fri"	"Evening"	"213"	2	1	3	6	"21"	"13"	3	4
"9760     Fri. Dec 03, 2010          1          7          5     "	9760	2010-12-03	"Fri"	"Midday"	"175"	1	7	5	13	"17"	"75"	8	12
"9759     Thu. Dec 02, 2010          8          6          3     "	9759	2010-12-02	"Thu"	"Evening"	"863"	8	6	3	17	"86"	"63"	14	9
"9758     Thu. Dec 02, 2010          6          6          7     "	9758	2010-12-02	"Thu"	"Midday"	"667"	6	6	7	19	"66"	"67"	12	13
"9757     Wed. Dec 01, 2010          4          4          5     "	9757	2010-12-01	"Wed"	"Evening"	"445"	4	4	5	13	"44"	"45"	8	9
"9756     Wed. Dec 01, 2010          4          9          5     "	9756	2010-12-01	"Wed"	"Midday"	"495"	4	9	5	18	"49"	"95"	13	14
"9755     Tue. Nov 30, 2010          4          4          7     "	9755	2010-11-30	"Tue"	"Evening"	"447"	4	4	7	15	"44"	"47"	8	11
"9754     Tue. Nov 30, 2010          0          2          1     "	9754	2010-11-30	"Tue"	"Midday"	"021"	0	2	1	3	"02"	"21"	2	3
"9753     Mon. Nov 29, 2010          7          2          6     "	9753	2010-11-29	"Mon"	"Evening"	"726"	7	2	6	15	"72"	"26"	9	8
"9752     Mon. Nov 29, 2010          9          7          4     "	9752	2010-11-29	"Mon"	"Midday"	"974"	9	7	4	20	"97"	"74"	16	11
"9751     Sun. Nov 28, 2010          3          3          8     "	9751	2010-11-28	"Sun"	"Evening"	"338"	3	3	8	14	"33"	"38"	6	11
"9750     Sun. Nov 28, 2010          6          3          7     "	9750	2010-11-28	"Sun"	"Midday"	"637"	6	3	7	16	"63"	"37"	9	10
"9749     Sat. Nov 27, 2010          2          3          5     "	9749	2010-11-27	"Sat"	"Evening"	"235"	2	3	5	10	"23"	"35"	5	8
"9748     Sat. Nov 27, 2010          6          5          5     "	9748	2010-11-27	"Sat"	"Midday"	"655"	6	5	5	16	"65"	"55"	11	10
"9747     Fri. Nov 26, 2010          0          8          9     "	9747	2010-11-26	"Fri"	"Evening"	"089"	0	8	9	17	"08"	"89"	8	17
"9746     Fri. Nov 26, 2010          0          6          9     "	9746	2010-11-26	"Fri"	"Midday"	"069"	0	6	9	15	"06"	"69"	6	15
"9745     Thu. Nov 25, 2010          4          2          6     "	9745	2010-11-25	"Thu"	"Evening"	"426"	4	2	6	12	"42"	"26"	6	8
"9744     Thu. Nov 25, 2010          2          4          4     "	9744	2010-11-25	"Thu"	"Midday"	"244"	2	4	4	10	"24"	"44"	6	8
"9743     Wed. Nov 24, 2010          8          5          5     "	9743	2010-11-24	"Wed"	"Evening"	"855"	8	5	5	18	"85"	"55"	13	10
"9742     Wed. Nov 24, 2010          7          1          6     "	9742	2010-11-24	"Wed"	"Midday"	"716"	7	1	6	14	"71"	"16"	8	7
"9741     Tue. Nov 23, 2010          0          4          3     "	9741	2010-11-23	"Tue"	"Evening"	"043"	0	4	3	7	"04"	"43"	4	7
"9740     Tue. Nov 23, 2010          7          3          8     "	9740	2010-11-23	"Tue"	"Midday"	"738"	7	3	8	18	"73"	"38"	10	11
"9739     Mon. Nov 22, 2010          4          1          8     "	9739	2010-11-22	"Mon"	"Evening"	"418"	4	1	8	13	"41"	"18"	5	9
"9738     Mon. Nov 22, 2010          6          9          6     "	9738	2010-11-22	"Mon"	"Midday"	"696"	6	9	6	21	"69"	"96"	15	15
"9737     Sun. Nov 21, 2010          3          4          6     "	9737	2010-11-21	"Sun"	"Evening"	"346"	3	4	6	13	"34"	"46"	7	10
"9736     Sun. Nov 21, 2010          7          5          2     "	9736	2010-11-21	"Sun"	"Midday"	"752"	7	5	2	14	"75"	"52"	12	7
"9735     Sat. Nov 20, 2010          6          0          8     "	9735	2010-11-20	"Sat"	"Evening"	"608"	6	0	8	14	"60"	"08"	6	8
"9734     Sat. Nov 20, 2010          0          8          0     "	9734	2010-11-20	"Sat"	"Midday"	"080"	0	8	0	8	"08"	"80"	8	8
"9733     Fri. Nov 19, 2010          8          5          0     "	9733	2010-11-19	"Fri"	"Evening"	"850"	8	5	0	13	"85"	"50"	13	5
"9732     Fri. Nov 19, 2010          1          3          4     "	9732	2010-11-19	"Fri"	"Midday"	"134"	1	3	4	8	"13"	"34"	4	7
"9731     Thu. Nov 18, 2010          3          2          7     "	9731	2010-11-18	"Thu"	"Evening"	"327"	3	2	7	12	"32"	"27"	5	9
"9730     Thu. Nov 18, 2010          8          4          0     "	9730	2010-11-18	"Thu"	"Midday"	"840"	8	4	0	12	"84"	"40"	12	4
"9729     Wed. Nov 17, 2010          7          7          3     "	9729	2010-11-17	"Wed"	"Evening"	"773"	7	7	3	17	"77"	"73"	14	10
"9728     Wed. Nov 17, 2010          6          0          8     "	9728	2010-11-17	"Wed"	"Midday"	"608"	6	0	8	14	"60"	"08"	6	8
"9727     Tue. Nov 16, 2010          1          2          5     "	9727	2010-11-16	"Tue"	"Evening"	"125"	1	2	5	8	"12"	"25"	3	7
"9726     Tue. Nov 16, 2010          0          1          7     "	9726	2010-11-16	"Tue"	"Midday"	"017"	0	1	7	8	"01"	"17"	1	8
"9725     Mon. Nov 15, 2010          6          3          6     "	9725	2010-11-15	"Mon"	"Evening"	"636"	6	3	6	15	"63"	"36"	9	9
"9724     Mon. Nov 15, 2010          2          5          5     "	9724	2010-11-15	"Mon"	"Midday"	"255"	2	5	5	12	"25"	"55"	7	10
"9723     Sun. Nov 14, 2010          7          7          6     "	9723	2010-11-14	"Sun"	"Evening"	"776"	7	7	6	20	"77"	"76"	14	13
"9722     Sun. Nov 14, 2010          3          4          1     "	9722	2010-11-14	"Sun"	"Midday"	"341"	3	4	1	8	"34"	"41"	7	5
"9721     Sat. Nov 13, 2010          8          0          3     "	9721	2010-11-13	"Sat"	"Evening"	"803"	8	0	3	11	"80"	"03"	8	3
"9720     Sat. Nov 13, 2010          9          9          3     "	9720	2010-11-13	"Sat"	"Midday"	"993"	9	9	3	21	"99"	"93"	18	12
"9719     Fri. Nov 12, 2010          1          4          1     "	9719	2010-11-12	"Fri"	"Evening"	"141"	1	4	1	6	"14"	"41"	5	5
"9718     Fri. Nov 12, 2010          7          5          9     "	9718	2010-11-12	"Fri"	"Midday"	"759"	7	5	9	21	"75"	"59"	12	14
"9717     Thu. Nov 11, 2010          1          5          5     "	9717	2010-11-11	"Thu"	"Evening"	"155"	1	5	5	11	"15"	"55"	6	10
"9716     Thu. Nov 11, 2010          9          8          5     "	9716	2010-11-11	"Thu"	"Midday"	"985"	9	8	5	22	"98"	"85"	17	13
"9715     Wed. Nov 10, 2010          2          4          1     "	9715	2010-11-10	"Wed"	"Evening"	"241"	2	4	1	7	"24"	"41"	6	5
"9714     Wed. Nov 10, 2010          9          9          8     "	9714	2010-11-10	"Wed"	"Midday"	"998"	9	9	8	26	"99"	"98"	18	17
"9713     Tue. Nov 09, 2010          3          8          9     "	9713	2010-11-09	"Tue"	"Evening"	"389"	3	8	9	20	"38"	"89"	11	17
"9712     Tue. Nov 09, 2010          8          7          6     "	9712	2010-11-09	"Tue"	"Midday"	"876"	8	7	6	21	"87"	"76"	15	13
"9711     Mon. Nov 08, 2010          8          1          2     "	9711	2010-11-08	"Mon"	"Evening"	"812"	8	1	2	11	"81"	"12"	9	3
"9710     Mon. Nov 08, 2010          2          7          4     "	9710	2010-11-08	"Mon"	"Midday"	"274"	2	7	4	13	"27"	"74"	9	11
"9709     Sun. Nov 07, 2010          8          1          2     "	9709	2010-11-07	"Sun"	"Evening"	"812"	8	1	2	11	"81"	"12"	9	3
"9708     Sun. Nov 07, 2010          0          4          5     "	9708	2010-11-07	"Sun"	"Midday"	"045"	0	4	5	9	"04"	"45"	4	9
"9707     Sat. Nov 06, 2010          5          4          8     "	9707	2010-11-06	"Sat"	"Evening"	"548"	5	4	8	17	"54"	"48"	9	12
"9706     Sat. Nov 06, 2010          8          7          9     "	9706	2010-11-06	"Sat"	"Midday"	"879"	8	7	9	24	"87"	"79"	15	16
"9705     Fri. Nov 05, 2010          7          3          7     "	9705	2010-11-05	"Fri"	"Evening"	"737"	7	3	7	17	"73"	"37"	10	10
"9704     Fri. Nov 05, 2010          9          0          7     "	9704	2010-11-05	"Fri"	"Midday"	"907"	9	0	7	16	"90"	"07"	9	7
"9703     Thu. Nov 04, 2010          1          1          7     "	9703	2010-11-04	"Thu"	"Evening"	"117"	1	1	7	9	"11"	"17"	2	8
"9702     Thu. Nov 04, 2010          5          5          1     "	9702	2010-11-04	"Thu"	"Midday"	"551"	5	5	1	11	"55"	"51"	10	6
"9701     Wed. Nov 03, 2010          3          9          5     "	9701	2010-11-03	"Wed"	"Evening"	"395"	3	9	5	17	"39"	"95"	12	14
"9700     Wed. Nov 03, 2010          4          1          0     "	9700	2010-11-03	"Wed"	"Midday"	"410"	4	1	0	5	"41"	"10"	5	1
"9699     Tue. Nov 02, 2010          7          9          3     "	9699	2010-11-02	"Tue"	"Evening"	"793"	7	9	3	19	"79"	"93"	16	12
"9698     Tue. Nov 02, 2010          7          2          0     "	9698	2010-11-02	"Tue"	"Midday"	"720"	7	2	0	9	"72"	"20"	9	2
"9697     Mon. Nov 01, 2010          6          7          4     "	9697	2010-11-01	"Mon"	"Evening"	"674"	6	7	4	17	"67"	"74"	13	11
"9696     Mon. Nov 01, 2010          9          5          1     "	9696	2010-11-01	"Mon"	"Midday"	"951"	9	5	1	15	"95"	"51"	14	6
"9695     Sun. Oct 31, 2010          0          7          6     "	9695	2010-10-31	"Sun"	"Evening"	"076"	0	7	6	13	"07"	"76"	7	13
"9694     Sun. Oct 31, 2010          8          0          3     "	9694	2010-10-31	"Sun"	"Midday"	"803"	8	0	3	11	"80"	"03"	8	3
"9693     Sat. Oct 30, 2010          9          5          6     "	9693	2010-10-30	"Sat"	"Evening"	"956"	9	5	6	20	"95"	"56"	14	11
"9692     Sat. Oct 30, 2010          9          6          2     "	9692	2010-10-30	"Sat"	"Midday"	"962"	9	6	2	17	"96"	"62"	15	8
"9691     Fri. Oct 29, 2010          7          2          9     "	9691	2010-10-29	"Fri"	"Evening"	"729"	7	2	9	18	"72"	"29"	9	11
"9690     Fri. Oct 29, 2010          8          8          1     "	9690	2010-10-29	"Fri"	"Midday"	"881"	8	8	1	17	"88"	"81"	16	9
"9689     Thu. Oct 28, 2010          7          4          6     "	9689	2010-10-28	"Thu"	"Evening"	"746"	7	4	6	17	"74"	"46"	11	10
"9688     Thu. Oct 28, 2010          6          1          4     "	9688	2010-10-28	"Thu"	"Midday"	"614"	6	1	4	11	"61"	"14"	7	5
"9687     Wed. Oct 27, 2010          0          5          8     "	9687	2010-10-27	"Wed"	"Evening"	"058"	0	5	8	13	"05"	"58"	5	13
"9686     Wed. Oct 27, 2010          9          9          1     "	9686	2010-10-27	"Wed"	"Midday"	"991"	9	9	1	19	"99"	"91"	18	10
"9685     Tue. Oct 26, 2010          3          9          0     "	9685	2010-10-26	"Tue"	"Evening"	"390"	3	9	0	12	"39"	"90"	12	9
"9684     Tue. Oct 26, 2010          3          6          8     "	9684	2010-10-26	"Tue"	"Midday"	"368"	3	6	8	17	"36"	"68"	9	14
"9683     Mon. Oct 25, 2010          9          9          0     "	9683	2010-10-25	"Mon"	"Evening"	"990"	9	9	0	18	"99"	"90"	18	9
"9682     Mon. Oct 25, 2010          7          5          5     "	9682	2010-10-25	"Mon"	"Midday"	"755"	7	5	5	17	"75"	"55"	12	10
"9681     Sun. Oct 24, 2010          1          9          0     "	9681	2010-10-24	"Sun"	"Evening"	"190"	1	9	0	10	"19"	"90"	10	9
"9680     Sun. Oct 24, 2010          9          5          8     "	9680	2010-10-24	"Sun"	"Midday"	"958"	9	5	8	22	"95"	"58"	14	13
"9679     Sat. Oct 23, 2010          1          8          0     "	9679	2010-10-23	"Sat"	"Evening"	"180"	1	8	0	9	"18"	"80"	9	8
"9678     Sat. Oct 23, 2010          7          1          2     "	9678	2010-10-23	"Sat"	"Midday"	"712"	7	1	2	10	"71"	"12"	8	3
"9677     Fri. Oct 22, 2010          5          3          3     "	9677	2010-10-22	"Fri"	"Evening"	"533"	5	3	3	11	"53"	"33"	8	6
"9676     Fri. Oct 22, 2010          4          3          8     "	9676	2010-10-22	"Fri"	"Midday"	"438"	4	3	8	15	"43"	"38"	7	11
"9675     Thu. Oct 21, 2010          2          3          9     "	9675	2010-10-21	"Thu"	"Evening"	"239"	2	3	9	14	"23"	"39"	5	12
"9674     Thu. Oct 21, 2010          4          3          9     "	9674	2010-10-21	"Thu"	"Midday"	"439"	4	3	9	16	"43"	"39"	7	12
"9673     Wed. Oct 20, 2010          9          8          3     "	9673	2010-10-20	"Wed"	"Evening"	"983"	9	8	3	20	"98"	"83"	17	11
"9672     Wed. Oct 20, 2010          6          5          9     "	9672	2010-10-20	"Wed"	"Midday"	"659"	6	5	9	20	"65"	"59"	11	14
"9671     Tue. Oct 19, 2010          7          6          0     "	9671	2010-10-19	"Tue"	"Evening"	"760"	7	6	0	13	"76"	"60"	13	6
"9670     Tue. Oct 19, 2010          3          4          1     "	9670	2010-10-19	"Tue"	"Midday"	"341"	3	4	1	8	"34"	"41"	7	5
"9669     Mon. Oct 18, 2010          9          4          8     "	9669	2010-10-18	"Mon"	"Evening"	"948"	9	4	8	21	"94"	"48"	13	12
"9668     Mon. Oct 18, 2010          9          0          9     "	9668	2010-10-18	"Mon"	"Midday"	"909"	9	0	9	18	"90"	"09"	9	9
"9667     Sun. Oct 17, 2010          8          6          3     "	9667	2010-10-17	"Sun"	"Evening"	"863"	8	6	3	17	"86"	"63"	14	9
"9666     Sun. Oct 17, 2010          1          6          4     "	9666	2010-10-17	"Sun"	"Midday"	"164"	1	6	4	11	"16"	"64"	7	10
"9665     Sat. Oct 16, 2010          9          9          9     "	9665	2010-10-16	"Sat"	"Evening"	"999"	9	9	9	27	"99"	"99"	18	18
"9664     Sat. Oct 16, 2010          2          3          6     "	9664	2010-10-16	"Sat"	"Midday"	"236"	2	3	6	11	"23"	"36"	5	9
"9663     Fri. Oct 15, 2010          4          0          2     "	9663	2010-10-15	"Fri"	"Evening"	"402"	4	0	2	6	"40"	"02"	4	2
"9662     Fri. Oct 15, 2010          0          3          6     "	9662	2010-10-15	"Fri"	"Midday"	"036"	0	3	6	9	"03"	"36"	3	9
"9661     Thu. Oct 14, 2010          5          1          7     "	9661	2010-10-14	"Thu"	"Evening"	"517"	5	1	7	13	"51"	"17"	6	8
"9660     Thu. Oct 14, 2010          5          9          3     "	9660	2010-10-14	"Thu"	"Midday"	"593"	5	9	3	17	"59"	"93"	14	12
"9659     Wed. Oct 13, 2010          1          4          0     "	9659	2010-10-13	"Wed"	"Evening"	"140"	1	4	0	5	"14"	"40"	5	4
"9658     Wed. Oct 13, 2010          7          1          0     "	9658	2010-10-13	"Wed"	"Midday"	"710"	7	1	0	8	"71"	"10"	8	1
"9657     Tue. Oct 12, 2010          6          2          1     "	9657	2010-10-12	"Tue"	"Evening"	"621"	6	2	1	9	"62"	"21"	8	3
"9656     Tue. Oct 12, 2010          1          1          6     "	9656	2010-10-12	"Tue"	"Midday"	"116"	1	1	6	8	"11"	"16"	2	7
"9655     Mon. Oct 11, 2010          9          1          6     "	9655	2010-10-11	"Mon"	"Evening"	"916"	9	1	6	16	"91"	"16"	10	7
"9654     Mon. Oct 11, 2010          6          7          7     "	9654	2010-10-11	"Mon"	"Midday"	"677"	6	7	7	20	"67"	"77"	13	14
"9653     Sun. Oct 10, 2010          9          7          6     "	9653	2010-10-10	"Sun"	"Evening"	"976"	9	7	6	22	"97"	"76"	16	13
"9652     Sun. Oct 10, 2010          7          6          1     "	9652	2010-10-10	"Sun"	"Midday"	"761"	7	6	1	14	"76"	"61"	13	7
"9651     Sat. Oct 09, 2010          4          7          9     "	9651	2010-10-09	"Sat"	"Evening"	"479"	4	7	9	20	"47"	"79"	11	16
"9650     Sat. Oct 09, 2010          2          1          5     "	9650	2010-10-09	"Sat"	"Midday"	"215"	2	1	5	8	"21"	"15"	3	6
"9649     Fri. Oct 08, 2010          5          2          5     "	9649	2010-10-08	"Fri"	"Evening"	"525"	5	2	5	12	"52"	"25"	7	7
"9648     Fri. Oct 08, 2010          5          9          4     "	9648	2010-10-08	"Fri"	"Midday"	"594"	5	9	4	18	"59"	"94"	14	13
"9647     Thu. Oct 07, 2010          5          3          0     "	9647	2010-10-07	"Thu"	"Evening"	"530"	5	3	0	8	"53"	"30"	8	3
"9646     Thu. Oct 07, 2010          3          9          5     "	9646	2010-10-07	"Thu"	"Midday"	"395"	3	9	5	17	"39"	"95"	12	14
"9645     Wed. Oct 06, 2010          7          7          6     "	9645	2010-10-06	"Wed"	"Evening"	"776"	7	7	6	20	"77"	"76"	14	13
"9644     Wed. Oct 06, 2010          1          3          7     "	9644	2010-10-06	"Wed"	"Midday"	"137"	1	3	7	11	"13"	"37"	4	10
"9643     Tue. Oct 05, 2010          2          8          4     "	9643	2010-10-05	"Tue"	"Evening"	"284"	2	8	4	14	"28"	"84"	10	12
"9642     Tue. Oct 05, 2010          7          2          0     "	9642	2010-10-05	"Tue"	"Midday"	"720"	7	2	0	9	"72"	"20"	9	2
"9641     Mon. Oct 04, 2010          6          5          1     "	9641	2010-10-04	"Mon"	"Evening"	"651"	6	5	1	12	"65"	"51"	11	6
"9640     Mon. Oct 04, 2010          4          2          5     "	9640	2010-10-04	"Mon"	"Midday"	"425"	4	2	5	11	"42"	"25"	6	7
"9639     Sun. Oct 03, 2010          4          1          3     "	9639	2010-10-03	"Sun"	"Evening"	"413"	4	1	3	8	"41"	"13"	5	4
"9638     Sun. Oct 03, 2010          0          0          4     "	9638	2010-10-03	"Sun"	"Midday"	"004"	0	0	4	4	"00"	"04"	0	4
"9637     Sat. Oct 02, 2010          1          9          1     "	9637	2010-10-02	"Sat"	"Evening"	"191"	1	9	1	11	"19"	"91"	10	10
"9636     Sat. Oct 02, 2010          1          0          1     "	9636	2010-10-02	"Sat"	"Midday"	"101"	1	0	1	2	"10"	"01"	1	1
"9635     Fri. Oct 01, 2010          8          0          6     "	9635	2010-10-01	"Fri"	"Evening"	"806"	8	0	6	14	"80"	"06"	8	6
"9634     Fri. Oct 01, 2010          1          7          7     "	9634	2010-10-01	"Fri"	"Midday"	"177"	1	7	7	15	"17"	"77"	8	14
"9633     Thu. Sep 30, 2010          9          4          4     "	9633	2010-09-30	"Thu"	"Evening"	"944"	9	4	4	17	"94"	"44"	13	8
"9632     Thu. Sep 30, 2010          5          9          7     "	9632	2010-09-30	"Thu"	"Midday"	"597"	5	9	7	21	"59"	"97"	14	16
"9631     Wed. Sep 29, 2010          8          6          8     "	9631	2010-09-29	"Wed"	"Evening"	"868"	8	6	8	22	"86"	"68"	14	14
"9630     Wed. Sep 29, 2010          8          1          3     "	9630	2010-09-29	"Wed"	"Midday"	"813"	8	1	3	12	"81"	"13"	9	4
"9629     Tue. Sep 28, 2010          5          4          6     "	9629	2010-09-28	"Tue"	"Evening"	"546"	5	4	6	15	"54"	"46"	9	10
"9628     Tue. Sep 28, 2010          6          1          8     "	9628	2010-09-28	"Tue"	"Midday"	"618"	6	1	8	15	"61"	"18"	7	9
"9627     Mon. Sep 27, 2010          8          5          4     "	9627	2010-09-27	"Mon"	"Evening"	"854"	8	5	4	17	"85"	"54"	13	9
"9626     Mon. Sep 27, 2010          4          5          6     "	9626	2010-09-27	"Mon"	"Midday"	"456"	4	5	6	15	"45"	"56"	9	11
"9625     Sun. Sep 26, 2010          1          7          8     "	9625	2010-09-26	"Sun"	"Evening"	"178"	1	7	8	16	"17"	"78"	8	15
"9624     Sun. Sep 26, 2010          7          9          0     "	9624	2010-09-26	"Sun"	"Midday"	"790"	7	9	0	16	"79"	"90"	16	9
"9623     Sat. Sep 25, 2010          3          8          0     "	9623	2010-09-25	"Sat"	"Evening"	"380"	3	8	0	11	"38"	"80"	11	8
"9622     Sat. Sep 25, 2010          7          7          2     "	9622	2010-09-25	"Sat"	"Midday"	"772"	7	7	2	16	"77"	"72"	14	9
"9621     Fri. Sep 24, 2010          6          7          7     "	9621	2010-09-24	"Fri"	"Evening"	"677"	6	7	7	20	"67"	"77"	13	14
"9620     Fri. Sep 24, 2010          4          4          5     "	9620	2010-09-24	"Fri"	"Midday"	"445"	4	4	5	13	"44"	"45"	8	9
"9619     Thu. Sep 23, 2010          8          6          8     "	9619	2010-09-23	"Thu"	"Evening"	"868"	8	6	8	22	"86"	"68"	14	14
"9618     Thu. Sep 23, 2010          2          9          9     "	9618	2010-09-23	"Thu"	"Midday"	"299"	2	9	9	20	"29"	"99"	11	18
"9617     Wed. Sep 22, 2010          1          2          2     "	9617	2010-09-22	"Wed"	"Evening"	"122"	1	2	2	5	"12"	"22"	3	4
"9616     Wed. Sep 22, 2010          8          9          9     "	9616	2010-09-22	"Wed"	"Midday"	"899"	8	9	9	26	"89"	"99"	17	18
"9615     Tue. Sep 21, 2010          6          5          5     "	9615	2010-09-21	"Tue"	"Evening"	"655"	6	5	5	16	"65"	"55"	11	10
"9614     Tue. Sep 21, 2010          2          3          3     "	9614	2010-09-21	"Tue"	"Midday"	"233"	2	3	3	8	"23"	"33"	5	6
"9613     Mon. Sep 20, 2010          0          7          5     "	9613	2010-09-20	"Mon"	"Evening"	"075"	0	7	5	12	"07"	"75"	7	12
"9612     Mon. Sep 20, 2010          1          7          2     "	9612	2010-09-20	"Mon"	"Midday"	"172"	1	7	2	10	"17"	"72"	8	9
"9611     Sun. Sep 19, 2010          2          5          9     "	9611	2010-09-19	"Sun"	"Evening"	"259"	2	5	9	16	"25"	"59"	7	14
"9610     Sun. Sep 19, 2010          0          7          4     "	9610	2010-09-19	"Sun"	"Midday"	"074"	0	7	4	11	"07"	"74"	7	11
"9609     Sat. Sep 18, 2010          2          6          1     "	9609	2010-09-18	"Sat"	"Evening"	"261"	2	6	1	9	"26"	"61"	8	7
"9608     Sat. Sep 18, 2010          4          5          1     "	9608	2010-09-18	"Sat"	"Midday"	"451"	4	5	1	10	"45"	"51"	9	6
"9607     Fri. Sep 17, 2010          6          2          6     "	9607	2010-09-17	"Fri"	"Evening"	"626"	6	2	6	14	"62"	"26"	8	8
"9606     Fri. Sep 17, 2010          4          0          6     "	9606	2010-09-17	"Fri"	"Midday"	"406"	4	0	6	10	"40"	"06"	4	6
"9605     Thu. Sep 16, 2010          0          0          4     "	9605	2010-09-16	"Thu"	"Evening"	"004"	0	0	4	4	"00"	"04"	0	4
"9604     Thu. Sep 16, 2010          7          5          4     "	9604	2010-09-16	"Thu"	"Midday"	"754"	7	5	4	16	"75"	"54"	12	9
"9603     Wed. Sep 15, 2010          1          4          2     "	9603	2010-09-15	"Wed"	"Evening"	"142"	1	4	2	7	"14"	"42"	5	6
"9602     Wed. Sep 15, 2010          6          7          2     "	9602	2010-09-15	"Wed"	"Midday"	"672"	6	7	2	15	"67"	"72"	13	9
"9601     Tue. Sep 14, 2010          4          5          8     "	9601	2010-09-14	"Tue"	"Evening"	"458"	4	5	8	17	"45"	"58"	9	13
"9600     Tue. Sep 14, 2010          3          2          2     "	9600	2010-09-14	"Tue"	"Midday"	"322"	3	2	2	7	"32"	"22"	5	4
"9599     Mon. Sep 13, 2010          3          4          4     "	9599	2010-09-13	"Mon"	"Evening"	"344"	3	4	4	11	"34"	"44"	7	8
"9598     Mon. Sep 13, 2010          3          5          7     "	9598	2010-09-13	"Mon"	"Midday"	"357"	3	5	7	15	"35"	"57"	8	12
"9597     Sun. Sep 12, 2010          7          8          3     "	9597	2010-09-12	"Sun"	"Evening"	"783"	7	8	3	18	"78"	"83"	15	11
"9596     Sun. Sep 12, 2010          1          2          1     "	9596	2010-09-12	"Sun"	"Midday"	"121"	1	2	1	4	"12"	"21"	3	3
"9595     Sat. Sep 11, 2010          2          6          5     "	9595	2010-09-11	"Sat"	"Evening"	"265"	2	6	5	13	"26"	"65"	8	11
"9594     Sat. Sep 11, 2010          3          9          1     "	9594	2010-09-11	"Sat"	"Midday"	"391"	3	9	1	13	"39"	"91"	12	10
"9593     Fri. Sep 10, 2010          7          9          8     "	9593	2010-09-10	"Fri"	"Evening"	"798"	7	9	8	24	"79"	"98"	16	17
"9592     Fri. Sep 10, 2010          2          0          3     "	9592	2010-09-10	"Fri"	"Midday"	"203"	2	0	3	5	"20"	"03"	2	3
"9591     Thu. Sep 09, 2010          6          7          3     "	9591	2010-09-09	"Thu"	"Evening"	"673"	6	7	3	16	"67"	"73"	13	10
"9590     Thu. Sep 09, 2010          8          7          1     "	9590	2010-09-09	"Thu"	"Midday"	"871"	8	7	1	16	"87"	"71"	15	8
"9589     Wed. Sep 08, 2010          9          2          3     "	9589	2010-09-08	"Wed"	"Evening"	"923"	9	2	3	14	"92"	"23"	11	5
"9588     Wed. Sep 08, 2010          3          2          2     "	9588	2010-09-08	"Wed"	"Midday"	"322"	3	2	2	7	"32"	"22"	5	4
"9587     Tue. Sep 07, 2010          2          4          7     "	9587	2010-09-07	"Tue"	"Evening"	"247"	2	4	7	13	"24"	"47"	6	11
"9586     Tue. Sep 07, 2010          7          3          6     "	9586	2010-09-07	"Tue"	"Midday"	"736"	7	3	6	16	"73"	"36"	10	9
"9585     Mon. Sep 06, 2010          1          7          4     "	9585	2010-09-06	"Mon"	"Evening"	"174"	1	7	4	12	"17"	"74"	8	11
"9584     Mon. Sep 06, 2010          3          0          7     "	9584	2010-09-06	"Mon"	"Midday"	"307"	3	0	7	10	"30"	"07"	3	7
"9583     Sun. Sep 05, 2010          2          4          7     "	9583	2010-09-05	"Sun"	"Evening"	"247"	2	4	7	13	"24"	"47"	6	11
"9582     Sun. Sep 05, 2010          6          2          9     "	9582	2010-09-05	"Sun"	"Midday"	"629"	6	2	9	17	"62"	"29"	8	11
"9581     Sat. Sep 04, 2010          9          5          5     "	9581	2010-09-04	"Sat"	"Evening"	"955"	9	5	5	19	"95"	"55"	14	10
"9580     Sat. Sep 04, 2010          9          3          2     "	9580	2010-09-04	"Sat"	"Midday"	"932"	9	3	2	14	"93"	"32"	12	5
"9579     Fri. Sep 03, 2010          1          5          8     "	9579	2010-09-03	"Fri"	"Evening"	"158"	1	5	8	14	"15"	"58"	6	13
"9578     Fri. Sep 03, 2010          1          0          9     "	9578	2010-09-03	"Fri"	"Midday"	"109"	1	0	9	10	"10"	"09"	1	9
"9577     Thu. Sep 02, 2010          7          3          6     "	9577	2010-09-02	"Thu"	"Evening"	"736"	7	3	6	16	"73"	"36"	10	9
"9576     Thu. Sep 02, 2010          6          2          4     "	9576	2010-09-02	"Thu"	"Midday"	"624"	6	2	4	12	"62"	"24"	8	6
"9575     Wed. Sep 01, 2010          7          8          1     "	9575	2010-09-01	"Wed"	"Evening"	"781"	7	8	1	16	"78"	"81"	15	9
"9574     Wed. Sep 01, 2010          4          4          7     "	9574	2010-09-01	"Wed"	"Midday"	"447"	4	4	7	15	"44"	"47"	8	11
"9573     Tue. Aug 31, 2010          2          4          6     "	9573	2010-08-31	"Tue"	"Evening"	"246"	2	4	6	12	"24"	"46"	6	10
"9572     Tue. Aug 31, 2010          0          8          2     "	9572	2010-08-31	"Tue"	"Midday"	"082"	0	8	2	10	"08"	"82"	8	10
"9571     Mon. Aug 30, 2010          1          4          5     "	9571	2010-08-30	"Mon"	"Evening"	"145"	1	4	5	10	"14"	"45"	5	9
"9570     Mon. Aug 30, 2010          8          1          8     "	9570	2010-08-30	"Mon"	"Midday"	"818"	8	1	8	17	"81"	"18"	9	9
"9569     Sun. Aug 29, 2010          6          0          6     "	9569	2010-08-29	"Sun"	"Evening"	"606"	6	0	6	12	"60"	"06"	6	6
"9568     Sun. Aug 29, 2010          8          3          9     "	9568	2010-08-29	"Sun"	"Midday"	"839"	8	3	9	20	"83"	"39"	11	12
"9567     Sat. Aug 28, 2010          3          5          7     "	9567	2010-08-28	"Sat"	"Evening"	"357"	3	5	7	15	"35"	"57"	8	12
"9566     Sat. Aug 28, 2010          3          2          5     "	9566	2010-08-28	"Sat"	"Midday"	"325"	3	2	5	10	"32"	"25"	5	7
"9565     Fri. Aug 27, 2010          9          1          6     "	9565	2010-08-27	"Fri"	"Evening"	"916"	9	1	6	16	"91"	"16"	10	7
"9564     Fri. Aug 27, 2010          1          3          9     "	9564	2010-08-27	"Fri"	"Midday"	"139"	1	3	9	13	"13"	"39"	4	12
"9563     Thu. Aug 26, 2010          9          2          6     "	9563	2010-08-26	"Thu"	"Evening"	"926"	9	2	6	17	"92"	"26"	11	8
"9562     Thu. Aug 26, 2010          7          8          9     "	9562	2010-08-26	"Thu"	"Midday"	"789"	7	8	9	24	"78"	"89"	15	17
"9561     Wed. Aug 25, 2010          3          9          8     "	9561	2010-08-25	"Wed"	"Evening"	"398"	3	9	8	20	"39"	"98"	12	17
"9560     Wed. Aug 25, 2010          3          5          4     "	9560	2010-08-25	"Wed"	"Midday"	"354"	3	5	4	12	"35"	"54"	8	9
"9559     Tue. Aug 24, 2010          5          8          0     "	9559	2010-08-24	"Tue"	"Evening"	"580"	5	8	0	13	"58"	"80"	13	8
"9558     Tue. Aug 24, 2010          3          4          6     "	9558	2010-08-24	"Tue"	"Midday"	"346"	3	4	6	13	"34"	"46"	7	10
"9557     Mon. Aug 23, 2010          5          7          1     "	9557	2010-08-23	"Mon"	"Evening"	"571"	5	7	1	13	"57"	"71"	12	8
"9556     Mon. Aug 23, 2010          7          9          1     "	9556	2010-08-23	"Mon"	"Midday"	"791"	7	9	1	17	"79"	"91"	16	10
"9555     Sun. Aug 22, 2010          4          2          2     "	9555	2010-08-22	"Sun"	"Evening"	"422"	4	2	2	8	"42"	"22"	6	4
"9554     Sun. Aug 22, 2010          3          8          8     "	9554	2010-08-22	"Sun"	"Midday"	"388"	3	8	8	19	"38"	"88"	11	16
"9553     Sat. Aug 21, 2010          9          8          8     "	9553	2010-08-21	"Sat"	"Evening"	"988"	9	8	8	25	"98"	"88"	17	16
"9552     Sat. Aug 21, 2010          5          7          9     "	9552	2010-08-21	"Sat"	"Midday"	"579"	5	7	9	21	"57"	"79"	12	16
"9551     Fri. Aug 20, 2010          7          5          5     "	9551	2010-08-20	"Fri"	"Evening"	"755"	7	5	5	17	"75"	"55"	12	10
"9550     Fri. Aug 20, 2010          3          7          7     "	9550	2010-08-20	"Fri"	"Midday"	"377"	3	7	7	17	"37"	"77"	10	14
"9549     Thu. Aug 19, 2010          1          1          6     "	9549	2010-08-19	"Thu"	"Evening"	"116"	1	1	6	8	"11"	"16"	2	7
"9548     Thu. Aug 19, 2010          4          2          9     "	9548	2010-08-19	"Thu"	"Midday"	"429"	4	2	9	15	"42"	"29"	6	11
"9547     Wed. Aug 18, 2010          4          6          8     "	9547	2010-08-18	"Wed"	"Evening"	"468"	4	6	8	18	"46"	"68"	10	14
"9546     Wed. Aug 18, 2010          5          4          7     "	9546	2010-08-18	"Wed"	"Midday"	"547"	5	4	7	16	"54"	"47"	9	11
"9545     Tue. Aug 17, 2010          4          7          0     "	9545	2010-08-17	"Tue"	"Evening"	"470"	4	7	0	11	"47"	"70"	11	7
"9544     Tue. Aug 17, 2010          8          8          6     "	9544	2010-08-17	"Tue"	"Midday"	"886"	8	8	6	22	"88"	"86"	16	14
"9543     Mon. Aug 16, 2010          9          0          3     "	9543	2010-08-16	"Mon"	"Evening"	"903"	9	0	3	12	"90"	"03"	9	3
"9542     Mon. Aug 16, 2010          3          3          9     "	9542	2010-08-16	"Mon"	"Midday"	"339"	3	3	9	15	"33"	"39"	6	12
"9541     Sun. Aug 15, 2010          7          1          4     "	9541	2010-08-15	"Sun"	"Evening"	"714"	7	1	4	12	"71"	"14"	8	5
"9540     Sun. Aug 15, 2010          4          1          5     "	9540	2010-08-15	"Sun"	"Midday"	"415"	4	1	5	10	"41"	"15"	5	6
"9539     Sat. Aug 14, 2010          7          1          3     "	9539	2010-08-14	"Sat"	"Evening"	"713"	7	1	3	11	"71"	"13"	8	4
"9538     Sat. Aug 14, 2010          2          8          9     "	9538	2010-08-14	"Sat"	"Midday"	"289"	2	8	9	19	"28"	"89"	10	17
"9537     Fri. Aug 13, 2010          0          9          2     "	9537	2010-08-13	"Fri"	"Evening"	"092"	0	9	2	11	"09"	"92"	9	11
"9536     Fri. Aug 13, 2010          3          0          3     "	9536	2010-08-13	"Fri"	"Midday"	"303"	3	0	3	6	"30"	"03"	3	3
"9535     Thu. Aug 12, 2010          0          0          6     "	9535	2010-08-12	"Thu"	"Evening"	"006"	0	0	6	6	"00"	"06"	0	6
"9534     Thu. Aug 12, 2010          3          2          0     "	9534	2010-08-12	"Thu"	"Midday"	"320"	3	2	0	5	"32"	"20"	5	2
"9533     Wed. Aug 11, 2010          8          8          8     "	9533	2010-08-11	"Wed"	"Evening"	"888"	8	8	8	24	"88"	"88"	16	16
"9532     Wed. Aug 11, 2010          2          6          1     "	9532	2010-08-11	"Wed"	"Midday"	"261"	2	6	1	9	"26"	"61"	8	7
"9531     Tue. Aug 10, 2010          3          9          4     "	9531	2010-08-10	"Tue"	"Evening"	"394"	3	9	4	16	"39"	"94"	12	13
"9530     Tue. Aug 10, 2010          3          4          3     "	9530	2010-08-10	"Tue"	"Midday"	"343"	3	4	3	10	"34"	"43"	7	7
"9529     Mon. Aug 09, 2010          8          9          2     "	9529	2010-08-09	"Mon"	"Evening"	"892"	8	9	2	19	"89"	"92"	17	11
"9528     Mon. Aug 09, 2010          1          5          5     "	9528	2010-08-09	"Mon"	"Midday"	"155"	1	5	5	11	"15"	"55"	6	10
"9527     Sun. Aug 08, 2010          0          7          8     "	9527	2010-08-08	"Sun"	"Evening"	"078"	0	7	8	15	"07"	"78"	7	15
"9526     Sun. Aug 08, 2010          7          3          0     "	9526	2010-08-08	"Sun"	"Midday"	"730"	7	3	0	10	"73"	"30"	10	3
"9525     Sat. Aug 07, 2010          2          4          6     "	9525	2010-08-07	"Sat"	"Evening"	"246"	2	4	6	12	"24"	"46"	6	10
"9524     Sat. Aug 07, 2010          7          5          6     "	9524	2010-08-07	"Sat"	"Midday"	"756"	7	5	6	18	"75"	"56"	12	11
"9523     Fri. Aug 06, 2010          7          3          0     "	9523	2010-08-06	"Fri"	"Evening"	"730"	7	3	0	10	"73"	"30"	10	3
"9522     Fri. Aug 06, 2010          4          5          3     "	9522	2010-08-06	"Fri"	"Midday"	"453"	4	5	3	12	"45"	"53"	9	8
"9521     Thu. Aug 05, 2010          4          0          5     "	9521	2010-08-05	"Thu"	"Evening"	"405"	4	0	5	9	"40"	"05"	4	5
"9520     Thu. Aug 05, 2010          7          6          7     "	9520	2010-08-05	"Thu"	"Midday"	"767"	7	6	7	20	"76"	"67"	13	13
"9519     Wed. Aug 04, 2010          1          6          5     "	9519	2010-08-04	"Wed"	"Evening"	"165"	1	6	5	12	"16"	"65"	7	11
"9518     Wed. Aug 04, 2010          5          8          5     "	9518	2010-08-04	"Wed"	"Midday"	"585"	5	8	5	18	"58"	"85"	13	13
"9517     Tue. Aug 03, 2010          4          8          9     "	9517	2010-08-03	"Tue"	"Evening"	"489"	4	8	9	21	"48"	"89"	12	17
"9516     Tue. Aug 03, 2010          1          0          7     "	9516	2010-08-03	"Tue"	"Midday"	"107"	1	0	7	8	"10"	"07"	1	7
"9515     Mon. Aug 02, 2010          6          3          3     "	9515	2010-08-02	"Mon"	"Evening"	"633"	6	3	3	12	"63"	"33"	9	6
"9514     Mon. Aug 02, 2010          5          8          8     "	9514	2010-08-02	"Mon"	"Midday"	"588"	5	8	8	21	"58"	"88"	13	16
"9513     Sun. Aug 01, 2010          5          8          2     "	9513	2010-08-01	"Sun"	"Evening"	"582"	5	8	2	15	"58"	"82"	13	10
"9512     Sun. Aug 01, 2010          5          9          5     "	9512	2010-08-01	"Sun"	"Midday"	"595"	5	9	5	19	"59"	"95"	14	14
"9511     Sat. Jul 31, 2010          3          3          3     "	9511	2010-07-31	"Sat"	"Evening"	"333"	3	3	3	9	"33"	"33"	6	6
"9510     Sat. Jul 31, 2010          2          0          1     "	9510	2010-07-31	"Sat"	"Midday"	"201"	2	0	1	3	"20"	"01"	2	1
"9509     Fri. Jul 30, 2010          3          2          9     "	9509	2010-07-30	"Fri"	"Evening"	"329"	3	2	9	14	"32"	"29"	5	11
"9508     Fri. Jul 30, 2010          3          5          0     "	9508	2010-07-30	"Fri"	"Midday"	"350"	3	5	0	8	"35"	"50"	8	5
"9507     Thu. Jul 29, 2010          0          0          4     "	9507	2010-07-29	"Thu"	"Evening"	"004"	0	0	4	4	"00"	"04"	0	4
"9506     Thu. Jul 29, 2010          7          9          4     "	9506	2010-07-29	"Thu"	"Midday"	"794"	7	9	4	20	"79"	"94"	16	13
"9505     Wed. Jul 28, 2010          9          6          0     "	9505	2010-07-28	"Wed"	"Evening"	"960"	9	6	0	15	"96"	"60"	15	6
"9504     Wed. Jul 28, 2010          1          6          7     "	9504	2010-07-28	"Wed"	"Midday"	"167"	1	6	7	14	"16"	"67"	7	13
"9503     Tue. Jul 27, 2010          6          6          1     "	9503	2010-07-27	"Tue"	"Evening"	"661"	6	6	1	13	"66"	"61"	12	7
"9502     Tue. Jul 27, 2010          3          2          1     "	9502	2010-07-27	"Tue"	"Midday"	"321"	3	2	1	6	"32"	"21"	5	3
"9501     Mon. Jul 26, 2010          2          2          7     "	9501	2010-07-26	"Mon"	"Evening"	"227"	2	2	7	11	"22"	"27"	4	9
"9500     Mon. Jul 26, 2010          8          4          3     "	9500	2010-07-26	"Mon"	"Midday"	"843"	8	4	3	15	"84"	"43"	12	7
"9499     Sun. Jul 25, 2010          5          9          3     "	9499	2010-07-25	"Sun"	"Evening"	"593"	5	9	3	17	"59"	"93"	14	12
"9498     Sun. Jul 25, 2010          3          4          0     "	9498	2010-07-25	"Sun"	"Midday"	"340"	3	4	0	7	"34"	"40"	7	4
"9497     Sat. Jul 24, 2010          9          8          9     "	9497	2010-07-24	"Sat"	"Evening"	"989"	9	8	9	26	"98"	"89"	17	17
"9496     Sat. Jul 24, 2010          4          8          4     "	9496	2010-07-24	"Sat"	"Midday"	"484"	4	8	4	16	"48"	"84"	12	12
"9495     Fri. Jul 23, 2010          6          0          2     "	9495	2010-07-23	"Fri"	"Evening"	"602"	6	0	2	8	"60"	"02"	6	2
"9494     Fri. Jul 23, 2010          2          6          6     "	9494	2010-07-23	"Fri"	"Midday"	"266"	2	6	6	14	"26"	"66"	8	12
"9493     Thu. Jul 22, 2010          2          2          0     "	9493	2010-07-22	"Thu"	"Evening"	"220"	2	2	0	4	"22"	"20"	4	2
"9492     Thu. Jul 22, 2010          0          3          7     "	9492	2010-07-22	"Thu"	"Midday"	"037"	0	3	7	10	"03"	"37"	3	10
"9491     Wed. Jul 21, 2010          3          6          4     "	9491	2010-07-21	"Wed"	"Evening"	"364"	3	6	4	13	"36"	"64"	9	10
"9490     Wed. Jul 21, 2010          6          5          3     "	9490	2010-07-21	"Wed"	"Midday"	"653"	6	5	3	14	"65"	"53"	11	8
"9489     Tue. Jul 20, 2010          9          3          8     "	9489	2010-07-20	"Tue"	"Evening"	"938"	9	3	8	20	"93"	"38"	12	11
"9488     Tue. Jul 20, 2010          1          3          0     "	9488	2010-07-20	"Tue"	"Midday"	"130"	1	3	0	4	"13"	"30"	4	3
"9487     Mon. Jul 19, 2010          9          5          8     "	9487	2010-07-19	"Mon"	"Evening"	"958"	9	5	8	22	"95"	"58"	14	13
"9486     Mon. Jul 19, 2010          2          1          8     "	9486	2010-07-19	"Mon"	"Midday"	"218"	2	1	8	11	"21"	"18"	3	9
"9485     Sun. Jul 18, 2010          9          6          8     "	9485	2010-07-18	"Sun"	"Evening"	"968"	9	6	8	23	"96"	"68"	15	14
"9484     Sun. Jul 18, 2010          6          5          6     "	9484	2010-07-18	"Sun"	"Midday"	"656"	6	5	6	17	"65"	"56"	11	11
"9483     Sat. Jul 17, 2010          7          3          6     "	9483	2010-07-17	"Sat"	"Evening"	"736"	7	3	6	16	"73"	"36"	10	9
"9482     Sat. Jul 17, 2010          5          4          3     "	9482	2010-07-17	"Sat"	"Midday"	"543"	5	4	3	12	"54"	"43"	9	7
"9481     Fri. Jul 16, 2010          8          6          6     "	9481	2010-07-16	"Fri"	"Evening"	"866"	8	6	6	20	"86"	"66"	14	12
"9480     Fri. Jul 16, 2010          2          2          5     "	9480	2010-07-16	"Fri"	"Midday"	"225"	2	2	5	9	"22"	"25"	4	7
"9479     Thu. Jul 15, 2010          5          8          0     "	9479	2010-07-15	"Thu"	"Evening"	"580"	5	8	0	13	"58"	"80"	13	8
"9478     Thu. Jul 15, 2010          7          9          3     "	9478	2010-07-15	"Thu"	"Midday"	"793"	7	9	3	19	"79"	"93"	16	12
"9477     Wed. Jul 14, 2010          7          8          8     "	9477	2010-07-14	"Wed"	"Evening"	"788"	7	8	8	23	"78"	"88"	15	16
"9476     Wed. Jul 14, 2010          1          7          4     "	9476	2010-07-14	"Wed"	"Midday"	"174"	1	7	4	12	"17"	"74"	8	11
"9475     Tue. Jul 13, 2010          9          9          7     "	9475	2010-07-13	"Tue"	"Evening"	"997"	9	9	7	25	"99"	"97"	18	16
"9474     Tue. Jul 13, 2010          0          5          9     "	9474	2010-07-13	"Tue"	"Midday"	"059"	0	5	9	14	"05"	"59"	5	14
"9473     Mon. Jul 12, 2010          1          9          5     "	9473	2010-07-12	"Mon"	"Evening"	"195"	1	9	5	15	"19"	"95"	10	14
"9472     Mon. Jul 12, 2010          0          8          4     "	9472	2010-07-12	"Mon"	"Midday"	"084"	0	8	4	12	"08"	"84"	8	12
"9471     Sun. Jul 11, 2010          2          0          3     "	9471	2010-07-11	"Sun"	"Evening"	"203"	2	0	3	5	"20"	"03"	2	3
"9470     Sun. Jul 11, 2010          9          4          0     "	9470	2010-07-11	"Sun"	"Midday"	"940"	9	4	0	13	"94"	"40"	13	4
"9469     Sat. Jul 10, 2010          1          9          1     "	9469	2010-07-10	"Sat"	"Evening"	"191"	1	9	1	11	"19"	"91"	10	10
"9468     Sat. Jul 10, 2010          3          1          5     "	9468	2010-07-10	"Sat"	"Midday"	"315"	3	1	5	9	"31"	"15"	4	6
"9467     Fri. Jul 09, 2010          0          5          1     "	9467	2010-07-09	"Fri"	"Evening"	"051"	0	5	1	6	"05"	"51"	5	6
"9466     Fri. Jul 09, 2010          9          4          0     "	9466	2010-07-09	"Fri"	"Midday"	"940"	9	4	0	13	"94"	"40"	13	4
"9465     Thu. Jul 08, 2010          7          2          6     "	9465	2010-07-08	"Thu"	"Evening"	"726"	7	2	6	15	"72"	"26"	9	8
"9464     Thu. Jul 08, 2010          5          8          5     "	9464	2010-07-08	"Thu"	"Midday"	"585"	5	8	5	18	"58"	"85"	13	13
"9463     Wed. Jul 07, 2010          7          7          9     "	9463	2010-07-07	"Wed"	"Evening"	"779"	7	7	9	23	"77"	"79"	14	16
"9462     Wed. Jul 07, 2010          6          7          7     "	9462	2010-07-07	"Wed"	"Midday"	"677"	6	7	7	20	"67"	"77"	13	14
"9461     Tue. Jul 06, 2010          4          0          2     "	9461	2010-07-06	"Tue"	"Evening"	"402"	4	0	2	6	"40"	"02"	4	2
"9460     Tue. Jul 06, 2010          3          3          0     "	9460	2010-07-06	"Tue"	"Midday"	"330"	3	3	0	6	"33"	"30"	6	3
"9459     Mon. Jul 05, 2010          0          4          3     "	9459	2010-07-05	"Mon"	"Evening"	"043"	0	4	3	7	"04"	"43"	4	7
"9458     Mon. Jul 05, 2010          1          5          7     "	9458	2010-07-05	"Mon"	"Midday"	"157"	1	5	7	13	"15"	"57"	6	12
"9457     Sun. Jul 04, 2010          0          3          9     "	9457	2010-07-04	"Sun"	"Evening"	"039"	0	3	9	12	"03"	"39"	3	12
"9456     Sun. Jul 04, 2010          9          6          7     "	9456	2010-07-04	"Sun"	"Midday"	"967"	9	6	7	22	"96"	"67"	15	13
"9455     Sat. Jul 03, 2010          4          9          4     "	9455	2010-07-03	"Sat"	"Evening"	"494"	4	9	4	17	"49"	"94"	13	13
"9454     Sat. Jul 03, 2010          1          7          2     "	9454	2010-07-03	"Sat"	"Midday"	"172"	1	7	2	10	"17"	"72"	8	9
"9453     Fri. Jul 02, 2010          8          3          5     "	9453	2010-07-02	"Fri"	"Evening"	"835"	8	3	5	16	"83"	"35"	11	8
"9452     Fri. Jul 02, 2010          0          9          8     "	9452	2010-07-02	"Fri"	"Midday"	"098"	0	9	8	17	"09"	"98"	9	17
"9451     Thu. Jul 01, 2010          3          7          2     "	9451	2010-07-01	"Thu"	"Evening"	"372"	3	7	2	12	"37"	"72"	10	9
"9450     Thu. Jul 01, 2010          6          7          5     "	9450	2010-07-01	"Thu"	"Midday"	"675"	6	7	5	18	"67"	"75"	13	12
"9449     Wed. Jun 30, 2010          8          8          8     "	9449	2010-06-30	"Wed"	"Evening"	"888"	8	8	8	24	"88"	"88"	16	16
"9448     Wed. Jun 30, 2010          1          2          1     "	9448	2010-06-30	"Wed"	"Midday"	"121"	1	2	1	4	"12"	"21"	3	3
"9447     Tue. Jun 29, 2010          4          7          4     "	9447	2010-06-29	"Tue"	"Evening"	"474"	4	7	4	15	"47"	"74"	11	11
"9446     Tue. Jun 29, 2010          8          2          7     "	9446	2010-06-29	"Tue"	"Midday"	"827"	8	2	7	17	"82"	"27"	10	9
"9445     Mon. Jun 28, 2010          2          4          6     "	9445	2010-06-28	"Mon"	"Evening"	"246"	2	4	6	12	"24"	"46"	6	10
"9444     Mon. Jun 28, 2010          6          7          4     "	9444	2010-06-28	"Mon"	"Midday"	"674"	6	7	4	17	"67"	"74"	13	11
"9443     Sun. Jun 27, 2010          0          5          3     "	9443	2010-06-27	"Sun"	"Evening"	"053"	0	5	3	8	"05"	"53"	5	8
"9442     Sun. Jun 27, 2010          5          4          6     "	9442	2010-06-27	"Sun"	"Midday"	"546"	5	4	6	15	"54"	"46"	9	10
"9441     Sat. Jun 26, 2010          4          8          2     "	9441	2010-06-26	"Sat"	"Evening"	"482"	4	8	2	14	"48"	"82"	12	10
"9440     Sat. Jun 26, 2010          2          4          7     "	9440	2010-06-26	"Sat"	"Midday"	"247"	2	4	7	13	"24"	"47"	6	11
"9439     Fri. Jun 25, 2010          8          1          1     "	9439	2010-06-25	"Fri"	"Evening"	"811"	8	1	1	10	"81"	"11"	9	2
"9438     Fri. Jun 25, 2010          7          7          1     "	9438	2010-06-25	"Fri"	"Midday"	"771"	7	7	1	15	"77"	"71"	14	8
"9437     Thu. Jun 24, 2010          9          2          8     "	9437	2010-06-24	"Thu"	"Evening"	"928"	9	2	8	19	"92"	"28"	11	10
"9436     Thu. Jun 24, 2010          6          8          0     "	9436	2010-06-24	"Thu"	"Midday"	"680"	6	8	0	14	"68"	"80"	14	8
"9435     Wed. Jun 23, 2010          9          1          4     "	9435	2010-06-23	"Wed"	"Evening"	"914"	9	1	4	14	"91"	"14"	10	5
"9434     Wed. Jun 23, 2010          6          9          6     "	9434	2010-06-23	"Wed"	"Midday"	"696"	6	9	6	21	"69"	"96"	15	15
"9433     Tue. Jun 22, 2010          2          5          2     "	9433	2010-06-22	"Tue"	"Evening"	"252"	2	5	2	9	"25"	"52"	7	7
"9432     Tue. Jun 22, 2010          8          8          6     "	9432	2010-06-22	"Tue"	"Midday"	"886"	8	8	6	22	"88"	"86"	16	14
"9431     Mon. Jun 21, 2010          2          8          7     "	9431	2010-06-21	"Mon"	"Evening"	"287"	2	8	7	17	"28"	"87"	10	15
"9430     Mon. Jun 21, 2010          1          4          5     "	9430	2010-06-21	"Mon"	"Midday"	"145"	1	4	5	10	"14"	"45"	5	9
"9429     Sun. Jun 20, 2010          2          3          0     "	9429	2010-06-20	"Sun"	"Evening"	"230"	2	3	0	5	"23"	"30"	5	3
"9428     Sun. Jun 20, 2010          2          8          6     "	9428	2010-06-20	"Sun"	"Midday"	"286"	2	8	6	16	"28"	"86"	10	14
"9427     Sat. Jun 19, 2010          6          8          3     "	9427	2010-06-19	"Sat"	"Evening"	"683"	6	8	3	17	"68"	"83"	14	11
"9426     Sat. Jun 19, 2010          4          9          5     "	9426	2010-06-19	"Sat"	"Midday"	"495"	4	9	5	18	"49"	"95"	13	14
"9425     Fri. Jun 18, 2010          1          5          2     "	9425	2010-06-18	"Fri"	"Evening"	"152"	1	5	2	8	"15"	"52"	6	7
"9424     Fri. Jun 18, 2010          1          8          8     "	9424	2010-06-18	"Fri"	"Midday"	"188"	1	8	8	17	"18"	"88"	9	16
"9423     Thu. Jun 17, 2010          1          3          3     "	9423	2010-06-17	"Thu"	"Evening"	"133"	1	3	3	7	"13"	"33"	4	6
"9422     Thu. Jun 17, 2010          7          1          2     "	9422	2010-06-17	"Thu"	"Midday"	"712"	7	1	2	10	"71"	"12"	8	3
"9421     Wed. Jun 16, 2010          6          8          9     "	9421	2010-06-16	"Wed"	"Evening"	"689"	6	8	9	23	"68"	"89"	14	17
"9420     Wed. Jun 16, 2010          5          3          5     "	9420	2010-06-16	"Wed"	"Midday"	"535"	5	3	5	13	"53"	"35"	8	8
"9419     Tue. Jun 15, 2010          2          5          6     "	9419	2010-06-15	"Tue"	"Evening"	"256"	2	5	6	13	"25"	"56"	7	11
"9418     Tue. Jun 15, 2010          7          2          3     "	9418	2010-06-15	"Tue"	"Midday"	"723"	7	2	3	12	"72"	"23"	9	5
"9417     Mon. Jun 14, 2010          1          0          8     "	9417	2010-06-14	"Mon"	"Evening"	"108"	1	0	8	9	"10"	"08"	1	8
"9416     Mon. Jun 14, 2010          3          2          6     "	9416	2010-06-14	"Mon"	"Midday"	"326"	3	2	6	11	"32"	"26"	5	8
"9415     Sun. Jun 13, 2010          3          2          6     "	9415	2010-06-13	"Sun"	"Evening"	"326"	3	2	6	11	"32"	"26"	5	8
"9414     Sun. Jun 13, 2010          3          4          4     "	9414	2010-06-13	"Sun"	"Midday"	"344"	3	4	4	11	"34"	"44"	7	8
"9413     Sat. Jun 12, 2010          2          7          9     "	9413	2010-06-12	"Sat"	"Evening"	"279"	2	7	9	18	"27"	"79"	9	16
"9412     Sat. Jun 12, 2010          9          2          3     "	9412	2010-06-12	"Sat"	"Midday"	"923"	9	2	3	14	"92"	"23"	11	5
"9411     Fri. Jun 11, 2010          8          0          0     "	9411	2010-06-11	"Fri"	"Evening"	"800"	8	0	0	8	"80"	"00"	8	0
"9410     Fri. Jun 11, 2010          4          7          6     "	9410	2010-06-11	"Fri"	"Midday"	"476"	4	7	6	17	"47"	"76"	11	13
"9409     Thu. Jun 10, 2010          6          0          3     "	9409	2010-06-10	"Thu"	"Evening"	"603"	6	0	3	9	"60"	"03"	6	3
"9408     Thu. Jun 10, 2010          3          0          3     "	9408	2010-06-10	"Thu"	"Midday"	"303"	3	0	3	6	"30"	"03"	3	3
"9407     Wed. Jun 09, 2010          4          9          4     "	9407	2010-06-09	"Wed"	"Evening"	"494"	4	9	4	17	"49"	"94"	13	13
"9406     Wed. Jun 09, 2010          4          7          9     "	9406	2010-06-09	"Wed"	"Midday"	"479"	4	7	9	20	"47"	"79"	11	16
"9405     Tue. Jun 08, 2010          6          9          1     "	9405	2010-06-08	"Tue"	"Evening"	"691"	6	9	1	16	"69"	"91"	15	10
"9404     Tue. Jun 08, 2010          8          9          1     "	9404	2010-06-08	"Tue"	"Midday"	"891"	8	9	1	18	"89"	"91"	17	10
"9403     Mon. Jun 07, 2010          3          9          3     "	9403	2010-06-07	"Mon"	"Evening"	"393"	3	9	3	15	"39"	"93"	12	12
"9402     Mon. Jun 07, 2010          5          7          8     "	9402	2010-06-07	"Mon"	"Midday"	"578"	5	7	8	20	"57"	"78"	12	15
"9401     Sun. Jun 06, 2010          3          9          7     "	9401	2010-06-06	"Sun"	"Evening"	"397"	3	9	7	19	"39"	"97"	12	16
"9400     Sun. Jun 06, 2010          9          3          4     "	9400	2010-06-06	"Sun"	"Midday"	"934"	9	3	4	16	"93"	"34"	12	7
"9399     Sat. Jun 05, 2010          9          4          5     "	9399	2010-06-05	"Sat"	"Evening"	"945"	9	4	5	18	"94"	"45"	13	9
"9398     Sat. Jun 05, 2010          7          8          1     "	9398	2010-06-05	"Sat"	"Midday"	"781"	7	8	1	16	"78"	"81"	15	9
"9397     Fri. Jun 04, 2010          5          2          7     "	9397	2010-06-04	"Fri"	"Evening"	"527"	5	2	7	14	"52"	"27"	7	9
"9396     Fri. Jun 04, 2010          0          7          6     "	9396	2010-06-04	"Fri"	"Midday"	"076"	0	7	6	13	"07"	"76"	7	13
"9395     Thu. Jun 03, 2010          9          1          8     "	9395	2010-06-03	"Thu"	"Evening"	"918"	9	1	8	18	"91"	"18"	10	9
"9394     Thu. Jun 03, 2010          1          6          0     "	9394	2010-06-03	"Thu"	"Midday"	"160"	1	6	0	7	"16"	"60"	7	6
"9393     Wed. Jun 02, 2010          8          2          8     "	9393	2010-06-02	"Wed"	"Evening"	"828"	8	2	8	18	"82"	"28"	10	10
"9392     Wed. Jun 02, 2010          7          5          2     "	9392	2010-06-02	"Wed"	"Midday"	"752"	7	5	2	14	"75"	"52"	12	7
"9391     Tue. Jun 01, 2010          5          8          5     "	9391	2010-06-01	"Tue"	"Evening"	"585"	5	8	5	18	"58"	"85"	13	13
"9390     Tue. Jun 01, 2010          6          2          7     "	9390	2010-06-01	"Tue"	"Midday"	"627"	6	2	7	15	"62"	"27"	8	9
"9389     Mon. May 31, 2010          8          1          2     "	9389	2010-05-31	"Mon"	"Evening"	"812"	8	1	2	11	"81"	"12"	9	3
"9388     Mon. May 31, 2010          4          6          5     "	9388	2010-05-31	"Mon"	"Midday"	"465"	4	6	5	15	"46"	"65"	10	11
"9387     Sun. May 30, 2010          6          6          2     "	9387	2010-05-30	"Sun"	"Evening"	"662"	6	6	2	14	"66"	"62"	12	8
"9386     Sun. May 30, 2010          0          0          7     "	9386	2010-05-30	"Sun"	"Midday"	"007"	0	0	7	7	"00"	"07"	0	7
"9385     Sat. May 29, 2010          9          9          2     "	9385	2010-05-29	"Sat"	"Evening"	"992"	9	9	2	20	"99"	"92"	18	11
"9384     Sat. May 29, 2010          7          9          0     "	9384	2010-05-29	"Sat"	"Midday"	"790"	7	9	0	16	"79"	"90"	16	9
"9383     Fri. May 28, 2010          3          3          3     "	9383	2010-05-28	"Fri"	"Evening"	"333"	3	3	3	9	"33"	"33"	6	6
"9382     Fri. May 28, 2010          3          8          1     "	9382	2010-05-28	"Fri"	"Midday"	"381"	3	8	1	12	"38"	"81"	11	9
"9381     Thu. May 27, 2010          3          1          8     "	9381	2010-05-27	"Thu"	"Evening"	"318"	3	1	8	12	"31"	"18"	4	9
"9380     Thu. May 27, 2010          2          0          1     "	9380	2010-05-27	"Thu"	"Midday"	"201"	2	0	1	3	"20"	"01"	2	1
"9379     Wed. May 26, 2010          3          3          5     "	9379	2010-05-26	"Wed"	"Evening"	"335"	3	3	5	11	"33"	"35"	6	8
"9378     Wed. May 26, 2010          5          9          1     "	9378	2010-05-26	"Wed"	"Midday"	"591"	5	9	1	15	"59"	"91"	14	10
"9377     Tue. May 25, 2010          5          4          3     "	9377	2010-05-25	"Tue"	"Evening"	"543"	5	4	3	12	"54"	"43"	9	7
"9376     Tue. May 25, 2010          0          1          4     "	9376	2010-05-25	"Tue"	"Midday"	"014"	0	1	4	5	"01"	"14"	1	5
"9375     Mon. May 24, 2010          8          6          7     "	9375	2010-05-24	"Mon"	"Evening"	"867"	8	6	7	21	"86"	"67"	14	13
"9374     Mon. May 24, 2010          2          5          1     "	9374	2010-05-24	"Mon"	"Midday"	"251"	2	5	1	8	"25"	"51"	7	6
"9373     Sun. May 23, 2010          3          3          4     "	9373	2010-05-23	"Sun"	"Evening"	"334"	3	3	4	10	"33"	"34"	6	7
"9372     Sun. May 23, 2010          4          5          4     "	9372	2010-05-23	"Sun"	"Midday"	"454"	4	5	4	13	"45"	"54"	9	9
"9371     Sat. May 22, 2010          4          3          1     "	9371	2010-05-22	"Sat"	"Evening"	"431"	4	3	1	8	"43"	"31"	7	4
"9370     Sat. May 22, 2010          0          9          2     "	9370	2010-05-22	"Sat"	"Midday"	"092"	0	9	2	11	"09"	"92"	9	11
"9369     Fri. May 21, 2010          5          8          2     "	9369	2010-05-21	"Fri"	"Evening"	"582"	5	8	2	15	"58"	"82"	13	10
"9368     Fri. May 21, 2010          8          2          5     "	9368	2010-05-21	"Fri"	"Midday"	"825"	8	2	5	15	"82"	"25"	10	7
"9367     Thu. May 20, 2010          2          5          1     "	9367	2010-05-20	"Thu"	"Evening"	"251"	2	5	1	8	"25"	"51"	7	6
"9366     Thu. May 20, 2010          7          5          6     "	9366	2010-05-20	"Thu"	"Midday"	"756"	7	5	6	18	"75"	"56"	12	11
"9365     Wed. May 19, 2010          1          9          6     "	9365	2010-05-19	"Wed"	"Evening"	"196"	1	9	6	16	"19"	"96"	10	15
"9364     Wed. May 19, 2010          6          7          5     "	9364	2010-05-19	"Wed"	"Midday"	"675"	6	7	5	18	"67"	"75"	13	12
"9363     Tue. May 18, 2010          8          7          4     "	9363	2010-05-18	"Tue"	"Evening"	"874"	8	7	4	19	"87"	"74"	15	11
"9362     Tue. May 18, 2010          6          6          8     "	9362	2010-05-18	"Tue"	"Midday"	"668"	6	6	8	20	"66"	"68"	12	14
"9361     Mon. May 17, 2010          8          5          1     "	9361	2010-05-17	"Mon"	"Evening"	"851"	8	5	1	14	"85"	"51"	13	6
"9360     Mon. May 17, 2010          7          0          2     "	9360	2010-05-17	"Mon"	"Midday"	"702"	7	0	2	9	"70"	"02"	7	2
"9359     Sun. May 16, 2010          6          9          5     "	9359	2010-05-16	"Sun"	"Evening"	"695"	6	9	5	20	"69"	"95"	15	14
"9358     Sun. May 16, 2010          9          7          6     "	9358	2010-05-16	"Sun"	"Midday"	"976"	9	7	6	22	"97"	"76"	16	13
"9357     Sat. May 15, 2010          2          5          0     "	9357	2010-05-15	"Sat"	"Evening"	"250"	2	5	0	7	"25"	"50"	7	5
"9356     Sat. May 15, 2010          3          2          2     "	9356	2010-05-15	"Sat"	"Midday"	"322"	3	2	2	7	"32"	"22"	5	4
"9355     Fri. May 14, 2010          1          6          1     "	9355	2010-05-14	"Fri"	"Evening"	"161"	1	6	1	8	"16"	"61"	7	7
"9354     Fri. May 14, 2010          9          0          9     "	9354	2010-05-14	"Fri"	"Midday"	"909"	9	0	9	18	"90"	"09"	9	9
"9353     Thu. May 13, 2010          6          0          2     "	9353	2010-05-13	"Thu"	"Evening"	"602"	6	0	2	8	"60"	"02"	6	2
"9352     Thu. May 13, 2010          4          9          5     "	9352	2010-05-13	"Thu"	"Midday"	"495"	4	9	5	18	"49"	"95"	13	14
"9351     Wed. May 12, 2010          2          4          1     "	9351	2010-05-12	"Wed"	"Evening"	"241"	2	4	1	7	"24"	"41"	6	5
"9350     Wed. May 12, 2010          4          8          3     "	9350	2010-05-12	"Wed"	"Midday"	"483"	4	8	3	15	"48"	"83"	12	11
"9349     Tue. May 11, 2010          3          7          0     "	9349	2010-05-11	"Tue"	"Evening"	"370"	3	7	0	10	"37"	"70"	10	7
"9348     Tue. May 11, 2010          0          3          9     "	9348	2010-05-11	"Tue"	"Midday"	"039"	0	3	9	12	"03"	"39"	3	12
"9347     Mon. May 10, 2010          0          2          2     "	9347	2010-05-10	"Mon"	"Evening"	"022"	0	2	2	4	"02"	"22"	2	4
"9346     Mon. May 10, 2010          2          8          6     "	9346	2010-05-10	"Mon"	"Midday"	"286"	2	8	6	16	"28"	"86"	10	14
"9345     Sun. May 09, 2010          5          3          0     "	9345	2010-05-09	"Sun"	"Evening"	"530"	5	3	0	8	"53"	"30"	8	3
"9344     Sun. May 09, 2010          7          8          8     "	9344	2010-05-09	"Sun"	"Midday"	"788"	7	8	8	23	"78"	"88"	15	16
"9343     Sat. May 08, 2010          9          8          5     "	9343	2010-05-08	"Sat"	"Evening"	"985"	9	8	5	22	"98"	"85"	17	13
"9342     Sat. May 08, 2010          7          5          0     "	9342	2010-05-08	"Sat"	"Midday"	"750"	7	5	0	12	"75"	"50"	12	5
"9341     Fri. May 07, 2010          7          2          7     "	9341	2010-05-07	"Fri"	"Evening"	"727"	7	2	7	16	"72"	"27"	9	9
"9340     Fri. May 07, 2010          4          0          3     "	9340	2010-05-07	"Fri"	"Midday"	"403"	4	0	3	7	"40"	"03"	4	3
"9339     Thu. May 06, 2010          7          1          6     "	9339	2010-05-06	"Thu"	"Evening"	"716"	7	1	6	14	"71"	"16"	8	7
"9338     Thu. May 06, 2010          9          0          7     "	9338	2010-05-06	"Thu"	"Midday"	"907"	9	0	7	16	"90"	"07"	9	7
"9337     Wed. May 05, 2010          6          2          1     "	9337	2010-05-05	"Wed"	"Evening"	"621"	6	2	1	9	"62"	"21"	8	3
"9336     Wed. May 05, 2010          8          2          2     "	9336	2010-05-05	"Wed"	"Midday"	"822"	8	2	2	12	"82"	"22"	10	4
"9335     Tue. May 04, 2010          7          3          1     "	9335	2010-05-04	"Tue"	"Evening"	"731"	7	3	1	11	"73"	"31"	10	4
"9334     Tue. May 04, 2010          8          0          0     "	9334	2010-05-04	"Tue"	"Midday"	"800"	8	0	0	8	"80"	"00"	8	0
"9333     Mon. May 03, 2010          1          5          8     "	9333	2010-05-03	"Mon"	"Evening"	"158"	1	5	8	14	"15"	"58"	6	13
"9332     Mon. May 03, 2010          3          2          9     "	9332	2010-05-03	"Mon"	"Midday"	"329"	3	2	9	14	"32"	"29"	5	11
"9331     Sun. May 02, 2010          1          3          8     "	9331	2010-05-02	"Sun"	"Evening"	"138"	1	3	8	12	"13"	"38"	4	11
"9330     Sun. May 02, 2010          7          1          9     "	9330	2010-05-02	"Sun"	"Midday"	"719"	7	1	9	17	"71"	"19"	8	10
"9329     Sat. May 01, 2010          4          8          5     "	9329	2010-05-01	"Sat"	"Evening"	"485"	4	8	5	17	"48"	"85"	12	13
"9328     Sat. May 01, 2010          1          2          2     "	9328	2010-05-01	"Sat"	"Midday"	"122"	1	2	2	5	"12"	"22"	3	4
"9327     Fri. Apr 30, 2010          8          5          3     "	9327	2010-04-30	"Fri"	"Evening"	"853"	8	5	3	16	"85"	"53"	13	8
"9326     Fri. Apr 30, 2010          6          1          1     "	9326	2010-04-30	"Fri"	"Midday"	"611"	6	1	1	8	"61"	"11"	7	2
"9325     Thu. Apr 29, 2010          3          9          3     "	9325	2010-04-29	"Thu"	"Evening"	"393"	3	9	3	15	"39"	"93"	12	12
"9324     Thu. Apr 29, 2010          4          1          7     "	9324	2010-04-29	"Thu"	"Midday"	"417"	4	1	7	12	"41"	"17"	5	8
"9323     Wed. Apr 28, 2010          6          1          7     "	9323	2010-04-28	"Wed"	"Evening"	"617"	6	1	7	14	"61"	"17"	7	8
"9322     Wed. Apr 28, 2010          2          5          4     "	9322	2010-04-28	"Wed"	"Midday"	"254"	2	5	4	11	"25"	"54"	7	9
"9321     Tue. Apr 27, 2010          4          3          6     "	9321	2010-04-27	"Tue"	"Evening"	"436"	4	3	6	13	"43"	"36"	7	9
"9320     Tue. Apr 27, 2010          3          6          5     "	9320	2010-04-27	"Tue"	"Midday"	"365"	3	6	5	14	"36"	"65"	9	11
"9319     Mon. Apr 26, 2010          3          4          1     "	9319	2010-04-26	"Mon"	"Evening"	"341"	3	4	1	8	"34"	"41"	7	5
"9318     Mon. Apr 26, 2010          8          8          3     "	9318	2010-04-26	"Mon"	"Midday"	"883"	8	8	3	19	"88"	"83"	16	11
"9317     Sun. Apr 25, 2010          5          2          8     "	9317	2010-04-25	"Sun"	"Evening"	"528"	5	2	8	15	"52"	"28"	7	10
"9316     Sun. Apr 25, 2010          6          9          2     "	9316	2010-04-25	"Sun"	"Midday"	"692"	6	9	2	17	"69"	"92"	15	11
"9315     Sat. Apr 24, 2010          6          5          7     "	9315	2010-04-24	"Sat"	"Evening"	"657"	6	5	7	18	"65"	"57"	11	12
"9314     Sat. Apr 24, 2010          2          6          5     "	9314	2010-04-24	"Sat"	"Midday"	"265"	2	6	5	13	"26"	"65"	8	11
"9313     Fri. Apr 23, 2010          5          6          9     "	9313	2010-04-23	"Fri"	"Evening"	"569"	5	6	9	20	"56"	"69"	11	15
"9312     Fri. Apr 23, 2010          7          3          1     "	9312	2010-04-23	"Fri"	"Midday"	"731"	7	3	1	11	"73"	"31"	10	4
"9311     Thu. Apr 22, 2010          3          6          4     "	9311	2010-04-22	"Thu"	"Evening"	"364"	3	6	4	13	"36"	"64"	9	10
"9310     Thu. Apr 22, 2010          8          5          0     "	9310	2010-04-22	"Thu"	"Midday"	"850"	8	5	0	13	"85"	"50"	13	5
"9309     Wed. Apr 21, 2010          8          5          8     "	9309	2010-04-21	"Wed"	"Evening"	"858"	8	5	8	21	"85"	"58"	13	13
"9308     Wed. Apr 21, 2010          6          8          6     "	9308	2010-04-21	"Wed"	"Midday"	"686"	6	8	6	20	"68"	"86"	14	14
"9307     Tue. Apr 20, 2010          5          9          6     "	9307	2010-04-20	"Tue"	"Evening"	"596"	5	9	6	20	"59"	"96"	14	15
"9306     Tue. Apr 20, 2010          1          4          9     "	9306	2010-04-20	"Tue"	"Midday"	"149"	1	4	9	14	"14"	"49"	5	13
"9305     Mon. Apr 19, 2010          4          7          1     "	9305	2010-04-19	"Mon"	"Evening"	"471"	4	7	1	12	"47"	"71"	11	8
"9304     Mon. Apr 19, 2010          5          7          2     "	9304	2010-04-19	"Mon"	"Midday"	"572"	5	7	2	14	"57"	"72"	12	9
"9303     Sun. Apr 18, 2010          3          9          0     "	9303	2010-04-18	"Sun"	"Evening"	"390"	3	9	0	12	"39"	"90"	12	9
"9302     Sun. Apr 18, 2010          4          4          7     "	9302	2010-04-18	"Sun"	"Midday"	"447"	4	4	7	15	"44"	"47"	8	11
"9301     Sat. Apr 17, 2010          3          4          1     "	9301	2010-04-17	"Sat"	"Evening"	"341"	3	4	1	8	"34"	"41"	7	5
"9300     Sat. Apr 17, 2010          1          8          1     "	9300	2010-04-17	"Sat"	"Midday"	"181"	1	8	1	10	"18"	"81"	9	9
"9299     Fri. Apr 16, 2010          3          6          5     "	9299	2010-04-16	"Fri"	"Evening"	"365"	3	6	5	14	"36"	"65"	9	11
"9298     Fri. Apr 16, 2010          1          9          1     "	9298	2010-04-16	"Fri"	"Midday"	"191"	1	9	1	11	"19"	"91"	10	10
"9297     Thu. Apr 15, 2010          2          3          6     "	9297	2010-04-15	"Thu"	"Evening"	"236"	2	3	6	11	"23"	"36"	5	9
"9296     Thu. Apr 15, 2010          4          6          4     "	9296	2010-04-15	"Thu"	"Midday"	"464"	4	6	4	14	"46"	"64"	10	10
"9295     Wed. Apr 14, 2010          3          9          8     "	9295	2010-04-14	"Wed"	"Evening"	"398"	3	9	8	20	"39"	"98"	12	17
"9294     Wed. Apr 14, 2010          0          2          0     "	9294	2010-04-14	"Wed"	"Midday"	"020"	0	2	0	2	"02"	"20"	2	2
"9293     Tue. Apr 13, 2010          5          9          8     "	9293	2010-04-13	"Tue"	"Evening"	"598"	5	9	8	22	"59"	"98"	14	17
"9292     Tue. Apr 13, 2010          1          5          9     "	9292	2010-04-13	"Tue"	"Midday"	"159"	1	5	9	15	"15"	"59"	6	14
"9291     Mon. Apr 12, 2010          5          0          0     "	9291	2010-04-12	"Mon"	"Evening"	"500"	5	0	0	5	"50"	"00"	5	0
"9290     Mon. Apr 12, 2010          3          8          4     "	9290	2010-04-12	"Mon"	"Midday"	"384"	3	8	4	15	"38"	"84"	11	12
"9289     Sun. Apr 11, 2010          2          2          7     "	9289	2010-04-11	"Sun"	"Evening"	"227"	2	2	7	11	"22"	"27"	4	9
"9288     Sun. Apr 11, 2010          6          3          7     "	9288	2010-04-11	"Sun"	"Midday"	"637"	6	3	7	16	"63"	"37"	9	10
"9287     Sat. Apr 10, 2010          0          3          0     "	9287	2010-04-10	"Sat"	"Evening"	"030"	0	3	0	3	"03"	"30"	3	3
"9286     Sat. Apr 10, 2010          8          4          0     "	9286	2010-04-10	"Sat"	"Midday"	"840"	8	4	0	12	"84"	"40"	12	4
"9285     Fri. Apr 09, 2010          0          4          0     "	9285	2010-04-09	"Fri"	"Evening"	"040"	0	4	0	4	"04"	"40"	4	4
"9284     Fri. Apr 09, 2010          2          4          9     "	9284	2010-04-09	"Fri"	"Midday"	"249"	2	4	9	15	"24"	"49"	6	13
"9283     Thu. Apr 08, 2010          0          9          0     "	9283	2010-04-08	"Thu"	"Evening"	"090"	0	9	0	9	"09"	"90"	9	9
"9282     Thu. Apr 08, 2010          3          7          0     "	9282	2010-04-08	"Thu"	"Midday"	"370"	3	7	0	10	"37"	"70"	10	7
"9281     Wed. Apr 07, 2010          4          1          8     "	9281	2010-04-07	"Wed"	"Evening"	"418"	4	1	8	13	"41"	"18"	5	9
"9280     Wed. Apr 07, 2010          2          2          6     "	9280	2010-04-07	"Wed"	"Midday"	"226"	2	2	6	10	"22"	"26"	4	8
"9279     Tue. Apr 06, 2010          9          2          8     "	9279	2010-04-06	"Tue"	"Evening"	"928"	9	2	8	19	"92"	"28"	11	10
"9278     Tue. Apr 06, 2010          3          3          1     "	9278	2010-04-06	"Tue"	"Midday"	"331"	3	3	1	7	"33"	"31"	6	4
"9277     Mon. Apr 05, 2010          2          0          2     "	9277	2010-04-05	"Mon"	"Evening"	"202"	2	0	2	4	"20"	"02"	2	2
"9276     Mon. Apr 05, 2010          1          6          7     "	9276	2010-04-05	"Mon"	"Midday"	"167"	1	6	7	14	"16"	"67"	7	13
"9275     Sun. Apr 04, 2010          2          6          0     "	9275	2010-04-04	"Sun"	"Evening"	"260"	2	6	0	8	"26"	"60"	8	6
"9274     Sun. Apr 04, 2010          4          8          6     "	9274	2010-04-04	"Sun"	"Midday"	"486"	4	8	6	18	"48"	"86"	12	14
"9273     Sat. Apr 03, 2010          5          2          3     "	9273	2010-04-03	"Sat"	"Evening"	"523"	5	2	3	10	"52"	"23"	7	5
"9272     Sat. Apr 03, 2010          5          6          0     "	9272	2010-04-03	"Sat"	"Midday"	"560"	5	6	0	11	"56"	"60"	11	6
"9271     Fri. Apr 02, 2010          5          9          4     "	9271	2010-04-02	"Fri"	"Evening"	"594"	5	9	4	18	"59"	"94"	14	13
"9270     Fri. Apr 02, 2010          8          3          2     "	9270	2010-04-02	"Fri"	"Midday"	"832"	8	3	2	13	"83"	"32"	11	5
"9269     Thu. Apr 01, 2010          5          4          0     "	9269	2010-04-01	"Thu"	"Evening"	"540"	5	4	0	9	"54"	"40"	9	4
"9268     Thu. Apr 01, 2010          9          3          1     "	9268	2010-04-01	"Thu"	"Midday"	"931"	9	3	1	13	"93"	"31"	12	4
"9267     Wed. Mar 31, 2010          0          1          3     "	9267	2010-03-31	"Wed"	"Evening"	"013"	0	1	3	4	"01"	"13"	1	4
"9266     Wed. Mar 31, 2010          7          0          8     "	9266	2010-03-31	"Wed"	"Midday"	"708"	7	0	8	15	"70"	"08"	7	8
"9265     Tue. Mar 30, 2010          3          6          6     "	9265	2010-03-30	"Tue"	"Evening"	"366"	3	6	6	15	"36"	"66"	9	12
"9264     Tue. Mar 30, 2010          4          5          3     "	9264	2010-03-30	"Tue"	"Midday"	"453"	4	5	3	12	"45"	"53"	9	8
"9263     Mon. Mar 29, 2010          3          7          2     "	9263	2010-03-29	"Mon"	"Evening"	"372"	3	7	2	12	"37"	"72"	10	9
"9262     Mon. Mar 29, 2010          0          3          8     "	9262	2010-03-29	"Mon"	"Midday"	"038"	0	3	8	11	"03"	"38"	3	11
"9261     Sun. Mar 28, 2010          9          5          4     "	9261	2010-03-28	"Sun"	"Evening"	"954"	9	5	4	18	"95"	"54"	14	9
"9260     Sun. Mar 28, 2010          0          2          0     "	9260	2010-03-28	"Sun"	"Midday"	"020"	0	2	0	2	"02"	"20"	2	2
"9259     Sat. Mar 27, 2010          3          6          2     "	9259	2010-03-27	"Sat"	"Evening"	"362"	3	6	2	11	"36"	"62"	9	8
"9258     Sat. Mar 27, 2010          0          2          8     "	9258	2010-03-27	"Sat"	"Midday"	"028"	0	2	8	10	"02"	"28"	2	10
"9257     Fri. Mar 26, 2010          4          2          1     "	9257	2010-03-26	"Fri"	"Evening"	"421"	4	2	1	7	"42"	"21"	6	3
"9256     Fri. Mar 26, 2010          7          5          0     "	9256	2010-03-26	"Fri"	"Midday"	"750"	7	5	0	12	"75"	"50"	12	5
"9255     Thu. Mar 25, 2010          1          2          1     "	9255	2010-03-25	"Thu"	"Evening"	"121"	1	2	1	4	"12"	"21"	3	3
"9254     Thu. Mar 25, 2010          9          9          1     "	9254	2010-03-25	"Thu"	"Midday"	"991"	9	9	1	19	"99"	"91"	18	10
"9253     Wed. Mar 24, 2010          9          6          6     "	9253	2010-03-24	"Wed"	"Evening"	"966"	9	6	6	21	"96"	"66"	15	12
"9252     Wed. Mar 24, 2010          3          8          4     "	9252	2010-03-24	"Wed"	"Midday"	"384"	3	8	4	15	"38"	"84"	11	12
"9251     Tue. Mar 23, 2010          2          2          5     "	9251	2010-03-23	"Tue"	"Evening"	"225"	2	2	5	9	"22"	"25"	4	7
"9250     Tue. Mar 23, 2010          1          2          0     "	9250	2010-03-23	"Tue"	"Midday"	"120"	1	2	0	3	"12"	"20"	3	2
"9249     Mon. Mar 22, 2010          3          1          6     "	9249	2010-03-22	"Mon"	"Evening"	"316"	3	1	6	10	"31"	"16"	4	7
"9248     Mon. Mar 22, 2010          4          2          7     "	9248	2010-03-22	"Mon"	"Midday"	"427"	4	2	7	13	"42"	"27"	6	9
"9247     Sun. Mar 21, 2010          4          6          8     "	9247	2010-03-21	"Sun"	"Evening"	"468"	4	6	8	18	"46"	"68"	10	14
"9246     Sun. Mar 21, 2010          6          6          5     "	9246	2010-03-21	"Sun"	"Midday"	"665"	6	6	5	17	"66"	"65"	12	11
"9245     Sat. Mar 20, 2010          9          0          0     "	9245	2010-03-20	"Sat"	"Evening"	"900"	9	0	0	9	"90"	"00"	9	0
"9244     Sat. Mar 20, 2010          6          4          7     "	9244	2010-03-20	"Sat"	"Midday"	"647"	6	4	7	17	"64"	"47"	10	11
"9243     Fri. Mar 19, 2010          5          3          9     "	9243	2010-03-19	"Fri"	"Evening"	"539"	5	3	9	17	"53"	"39"	8	12
"9242     Fri. Mar 19, 2010          4          5          7     "	9242	2010-03-19	"Fri"	"Midday"	"457"	4	5	7	16	"45"	"57"	9	12
"9241     Thu. Mar 18, 2010          4          3          7     "	9241	2010-03-18	"Thu"	"Evening"	"437"	4	3	7	14	"43"	"37"	7	10
"9240     Thu. Mar 18, 2010          8          0          5     "	9240	2010-03-18	"Thu"	"Midday"	"805"	8	0	5	13	"80"	"05"	8	5
"9239     Wed. Mar 17, 2010          3          7          8     "	9239	2010-03-17	"Wed"	"Evening"	"378"	3	7	8	18	"37"	"78"	10	15
"9238     Wed. Mar 17, 2010          7          8          3     "	9238	2010-03-17	"Wed"	"Midday"	"783"	7	8	3	18	"78"	"83"	15	11
"9237     Tue. Mar 16, 2010          2          4          2     "	9237	2010-03-16	"Tue"	"Evening"	"242"	2	4	2	8	"24"	"42"	6	6
"9236     Tue. Mar 16, 2010          5          2          8     "	9236	2010-03-16	"Tue"	"Midday"	"528"	5	2	8	15	"52"	"28"	7	10
"9235     Mon. Mar 15, 2010          2          6          0     "	9235	2010-03-15	"Mon"	"Evening"	"260"	2	6	0	8	"26"	"60"	8	6
"9234     Mon. Mar 15, 2010          0          8          0     "	9234	2010-03-15	"Mon"	"Midday"	"080"	0	8	0	8	"08"	"80"	8	8
"9233     Sun. Mar 14, 2010          0          9          4     "	9233	2010-03-14	"Sun"	"Evening"	"094"	0	9	4	13	"09"	"94"	9	13
"9232     Sun. Mar 14, 2010          7          6          4     "	9232	2010-03-14	"Sun"	"Midday"	"764"	7	6	4	17	"76"	"64"	13	10
"9231     Sat. Mar 13, 2010          8          9          3     "	9231	2010-03-13	"Sat"	"Evening"	"893"	8	9	3	20	"89"	"93"	17	12
"9230     Sat. Mar 13, 2010          5          4          3     "	9230	2010-03-13	"Sat"	"Midday"	"543"	5	4	3	12	"54"	"43"	9	7
"9229     Fri. Mar 12, 2010          1          5          3     "	9229	2010-03-12	"Fri"	"Evening"	"153"	1	5	3	9	"15"	"53"	6	8
"9228     Fri. Mar 12, 2010          9          8          4     "	9228	2010-03-12	"Fri"	"Midday"	"984"	9	8	4	21	"98"	"84"	17	12
"9227     Thu. Mar 11, 2010          0          4          2     "	9227	2010-03-11	"Thu"	"Evening"	"042"	0	4	2	6	"04"	"42"	4	6
"9226     Thu. Mar 11, 2010          0          6          4     "	9226	2010-03-11	"Thu"	"Midday"	"064"	0	6	4	10	"06"	"64"	6	10
"9225     Wed. Mar 10, 2010          0          3          2     "	9225	2010-03-10	"Wed"	"Evening"	"032"	0	3	2	5	"03"	"32"	3	5
"9224     Wed. Mar 10, 2010          1          9          9     "	9224	2010-03-10	"Wed"	"Midday"	"199"	1	9	9	19	"19"	"99"	10	18
"9223     Tue. Mar 09, 2010          4          2          6     "	9223	2010-03-09	"Tue"	"Evening"	"426"	4	2	6	12	"42"	"26"	6	8
"9222     Tue. Mar 09, 2010          2          3          0     "	9222	2010-03-09	"Tue"	"Midday"	"230"	2	3	0	5	"23"	"30"	5	3
"9221     Mon. Mar 08, 2010          7          8          2     "	9221	2010-03-08	"Mon"	"Evening"	"782"	7	8	2	17	"78"	"82"	15	10
"9220     Mon. Mar 08, 2010          7          6          9     "	9220	2010-03-08	"Mon"	"Midday"	"769"	7	6	9	22	"76"	"69"	13	15
"9219     Sun. Mar 07, 2010          6          7          2     "	9219	2010-03-07	"Sun"	"Evening"	"672"	6	7	2	15	"67"	"72"	13	9
"9218     Sun. Mar 07, 2010          8          3          2     "	9218	2010-03-07	"Sun"	"Midday"	"832"	8	3	2	13	"83"	"32"	11	5
"9217     Sat. Mar 06, 2010          5          1          7     "	9217	2010-03-06	"Sat"	"Evening"	"517"	5	1	7	13	"51"	"17"	6	8
"9216     Sat. Mar 06, 2010          2          2          4     "	9216	2010-03-06	"Sat"	"Midday"	"224"	2	2	4	8	"22"	"24"	4	6
"9215     Fri. Mar 05, 2010          4          2          9     "	9215	2010-03-05	"Fri"	"Evening"	"429"	4	2	9	15	"42"	"29"	6	11
"9214     Fri. Mar 05, 2010          0          3          3     "	9214	2010-03-05	"Fri"	"Midday"	"033"	0	3	3	6	"03"	"33"	3	6
"9213     Thu. Mar 04, 2010          1          1          6     "	9213	2010-03-04	"Thu"	"Evening"	"116"	1	1	6	8	"11"	"16"	2	7
"9212     Thu. Mar 04, 2010          7          3          3     "	9212	2010-03-04	"Thu"	"Midday"	"733"	7	3	3	13	"73"	"33"	10	6
"9211     Wed. Mar 03, 2010          8          4          9     "	9211	2010-03-03	"Wed"	"Evening"	"849"	8	4	9	21	"84"	"49"	12	13
"9210     Wed. Mar 03, 2010          2          9          5     "	9210	2010-03-03	"Wed"	"Midday"	"295"	2	9	5	16	"29"	"95"	11	14
"9209     Tue. Mar 02, 2010          5          5          3     "	9209	2010-03-02	"Tue"	"Evening"	"553"	5	5	3	13	"55"	"53"	10	8
"9208     Tue. Mar 02, 2010          6          2          7     "	9208	2010-03-02	"Tue"	"Midday"	"627"	6	2	7	15	"62"	"27"	8	9
"9207     Mon. Mar 01, 2010          0          3          0     "	9207	2010-03-01	"Mon"	"Evening"	"030"	0	3	0	3	"03"	"30"	3	3
"9206     Mon. Mar 01, 2010          6          9          4     "	9206	2010-03-01	"Mon"	"Midday"	"694"	6	9	4	19	"69"	"94"	15	13
"9205     Sun. Feb 28, 2010          6          5          0     "	9205	2010-02-28	"Sun"	"Evening"	"650"	6	5	0	11	"65"	"50"	11	5
"9204     Sun. Feb 28, 2010          0          4          1     "	9204	2010-02-28	"Sun"	"Midday"	"041"	0	4	1	5	"04"	"41"	4	5
"9203     Sat. Feb 27, 2010          2          5          7     "	9203	2010-02-27	"Sat"	"Evening"	"257"	2	5	7	14	"25"	"57"	7	12
"9202     Sat. Feb 27, 2010          3          5          3     "	9202	2010-02-27	"Sat"	"Midday"	"353"	3	5	3	11	"35"	"53"	8	8
"9201     Fri. Feb 26, 2010          8          6          3     "	9201	2010-02-26	"Fri"	"Evening"	"863"	8	6	3	17	"86"	"63"	14	9
"9200     Fri. Feb 26, 2010          3          1          6     "	9200	2010-02-26	"Fri"	"Midday"	"316"	3	1	6	10	"31"	"16"	4	7
"9199     Thu. Feb 25, 2010          5          3          3     "	9199	2010-02-25	"Thu"	"Evening"	"533"	5	3	3	11	"53"	"33"	8	6
"9198     Thu. Feb 25, 2010          7          9          0     "	9198	2010-02-25	"Thu"	"Midday"	"790"	7	9	0	16	"79"	"90"	16	9
"9197     Wed. Feb 24, 2010          5          7          9     "	9197	2010-02-24	"Wed"	"Evening"	"579"	5	7	9	21	"57"	"79"	12	16
"9196     Wed. Feb 24, 2010          7          5          2     "	9196	2010-02-24	"Wed"	"Midday"	"752"	7	5	2	14	"75"	"52"	12	7
"9195     Tue. Feb 23, 2010          1          7          9     "	9195	2010-02-23	"Tue"	"Evening"	"179"	1	7	9	17	"17"	"79"	8	16
"9194     Tue. Feb 23, 2010          6          9          9     "	9194	2010-02-23	"Tue"	"Midday"	"699"	6	9	9	24	"69"	"99"	15	18
"9193     Mon. Feb 22, 2010          0          8          2     "	9193	2010-02-22	"Mon"	"Evening"	"082"	0	8	2	10	"08"	"82"	8	10
"9192     Mon. Feb 22, 2010          7          7          9     "	9192	2010-02-22	"Mon"	"Midday"	"779"	7	7	9	23	"77"	"79"	14	16
"9191     Sun. Feb 21, 2010          3          7          6     "	9191	2010-02-21	"Sun"	"Evening"	"376"	3	7	6	16	"37"	"76"	10	13
"9190     Sun. Feb 21, 2010          5          5          3     "	9190	2010-02-21	"Sun"	"Midday"	"553"	5	5	3	13	"55"	"53"	10	8
"9189     Sat. Feb 20, 2010          3          6          8     "	9189	2010-02-20	"Sat"	"Evening"	"368"	3	6	8	17	"36"	"68"	9	14
"9188     Sat. Feb 20, 2010          0          0          5     "	9188	2010-02-20	"Sat"	"Midday"	"005"	0	0	5	5	"00"	"05"	0	5
"9187     Fri. Feb 19, 2010          1          6          2     "	9187	2010-02-19	"Fri"	"Evening"	"162"	1	6	2	9	"16"	"62"	7	8
"9186     Fri. Feb 19, 2010          0          8          6     "	9186	2010-02-19	"Fri"	"Midday"	"086"	0	8	6	14	"08"	"86"	8	14
"9185     Thu. Feb 18, 2010          8          8          8     "	9185	2010-02-18	"Thu"	"Evening"	"888"	8	8	8	24	"88"	"88"	16	16
"9184     Thu. Feb 18, 2010          1          3          9     "	9184	2010-02-18	"Thu"	"Midday"	"139"	1	3	9	13	"13"	"39"	4	12
"9183     Wed. Feb 17, 2010          1          9          7     "	9183	2010-02-17	"Wed"	"Evening"	"197"	1	9	7	17	"19"	"97"	10	16
"9182     Wed. Feb 17, 2010          7          7          4     "	9182	2010-02-17	"Wed"	"Midday"	"774"	7	7	4	18	"77"	"74"	14	11
"9181     Tue. Feb 16, 2010          6          1          4     "	9181	2010-02-16	"Tue"	"Evening"	"614"	6	1	4	11	"61"	"14"	7	5
"9180     Tue. Feb 16, 2010          9          1          6     "	9180	2010-02-16	"Tue"	"Midday"	"916"	9	1	6	16	"91"	"16"	10	7
"9179     Mon. Feb 15, 2010          6          5          5     "	9179	2010-02-15	"Mon"	"Evening"	"655"	6	5	5	16	"65"	"55"	11	10
"9178     Mon. Feb 15, 2010          6          9          3     "	9178	2010-02-15	"Mon"	"Midday"	"693"	6	9	3	18	"69"	"93"	15	12
"9177     Sun. Feb 14, 2010          7          0          6     "	9177	2010-02-14	"Sun"	"Evening"	"706"	7	0	6	13	"70"	"06"	7	6
"9176     Sun. Feb 14, 2010          8          0          5     "	9176	2010-02-14	"Sun"	"Midday"	"805"	8	0	5	13	"80"	"05"	8	5
"9175     Sat. Feb 13, 2010          3          8          1     "	9175	2010-02-13	"Sat"	"Evening"	"381"	3	8	1	12	"38"	"81"	11	9
"9174     Sat. Feb 13, 2010          8          0          8     "	9174	2010-02-13	"Sat"	"Midday"	"808"	8	0	8	16	"80"	"08"	8	8
"9173     Fri. Feb 12, 2010          8          6          5     "	9173	2010-02-12	"Fri"	"Evening"	"865"	8	6	5	19	"86"	"65"	14	11
"9172     Fri. Feb 12, 2010          9          1          8     "	9172	2010-02-12	"Fri"	"Midday"	"918"	9	1	8	18	"91"	"18"	10	9
"9171     Thu. Feb 11, 2010          1          0          2     "	9171	2010-02-11	"Thu"	"Evening"	"102"	1	0	2	3	"10"	"02"	1	2
"9170     Thu. Feb 11, 2010          5          4          2     "	9170	2010-02-11	"Thu"	"Midday"	"542"	5	4	2	11	"54"	"42"	9	6
"9169     Wed. Feb 10, 2010          2          8          5     "	9169	2010-02-10	"Wed"	"Evening"	"285"	2	8	5	15	"28"	"85"	10	13
"9168     Wed. Feb 10, 2010          5          7          0     "	9168	2010-02-10	"Wed"	"Midday"	"570"	5	7	0	12	"57"	"70"	12	7
"9167     Tue. Feb 09, 2010          9          3          9     "	9167	2010-02-09	"Tue"	"Evening"	"939"	9	3	9	21	"93"	"39"	12	12
"9166     Tue. Feb 09, 2010          2          9          5     "	9166	2010-02-09	"Tue"	"Midday"	"295"	2	9	5	16	"29"	"95"	11	14
"9165     Mon. Feb 08, 2010          4          5          3     "	9165	2010-02-08	"Mon"	"Evening"	"453"	4	5	3	12	"45"	"53"	9	8
"9164     Mon. Feb 08, 2010          4          2          5     "	9164	2010-02-08	"Mon"	"Midday"	"425"	4	2	5	11	"42"	"25"	6	7
"9163     Sun. Feb 07, 2010          0          1          0     "	9163	2010-02-07	"Sun"	"Evening"	"010"	0	1	0	1	"01"	"10"	1	1
"9162     Sun. Feb 07, 2010          9          1          9     "	9162	2010-02-07	"Sun"	"Midday"	"919"	9	1	9	19	"91"	"19"	10	10
"9161     Sat. Feb 06, 2010          8          6          2     "	9161	2010-02-06	"Sat"	"Evening"	"862"	8	6	2	16	"86"	"62"	14	8
"9160     Sat. Feb 06, 2010          4          4          4     "	9160	2010-02-06	"Sat"	"Midday"	"444"	4	4	4	12	"44"	"44"	8	8
"9159     Fri. Feb 05, 2010          8          9          1     "	9159	2010-02-05	"Fri"	"Evening"	"891"	8	9	1	18	"89"	"91"	17	10
"9158     Fri. Feb 05, 2010          0          7          2     "	9158	2010-02-05	"Fri"	"Midday"	"072"	0	7	2	9	"07"	"72"	7	9
"9157     Thu. Feb 04, 2010          5          6          9     "	9157	2010-02-04	"Thu"	"Evening"	"569"	5	6	9	20	"56"	"69"	11	15
"9156     Thu. Feb 04, 2010          1          2          7     "	9156	2010-02-04	"Thu"	"Midday"	"127"	1	2	7	10	"12"	"27"	3	9
"9155     Wed. Feb 03, 2010          6          4          6     "	9155	2010-02-03	"Wed"	"Evening"	"646"	6	4	6	16	"64"	"46"	10	10
"9154     Wed. Feb 03, 2010          6          9          6     "	9154	2010-02-03	"Wed"	"Midday"	"696"	6	9	6	21	"69"	"96"	15	15
"9153     Tue. Feb 02, 2010          3          7          6     "	9153	2010-02-02	"Tue"	"Evening"	"376"	3	7	6	16	"37"	"76"	10	13
"9152     Tue. Feb 02, 2010          2          7          5     "	9152	2010-02-02	"Tue"	"Midday"	"275"	2	7	5	14	"27"	"75"	9	12
"9151     Mon. Feb 01, 2010          2          1          5     "	9151	2010-02-01	"Mon"	"Evening"	"215"	2	1	5	8	"21"	"15"	3	6
"9150     Mon. Feb 01, 2010          3          4          9     "	9150	2010-02-01	"Mon"	"Midday"	"349"	3	4	9	16	"34"	"49"	7	13
"9149     Sun. Jan 31, 2010          6          6          2     "	9149	2010-01-31	"Sun"	"Evening"	"662"	6	6	2	14	"66"	"62"	12	8
"9148     Sun. Jan 31, 2010          9          6          0     "	9148	2010-01-31	"Sun"	"Midday"	"960"	9	6	0	15	"96"	"60"	15	6
"9147     Sat. Jan 30, 2010          2          5          7     "	9147	2010-01-30	"Sat"	"Evening"	"257"	2	5	7	14	"25"	"57"	7	12
"9146     Sat. Jan 30, 2010          6          1          9     "	9146	2010-01-30	"Sat"	"Midday"	"619"	6	1	9	16	"61"	"19"	7	10
"9145     Fri. Jan 29, 2010          3          0          5     "	9145	2010-01-29	"Fri"	"Evening"	"305"	3	0	5	8	"30"	"05"	3	5
"9144     Fri. Jan 29, 2010          1          1          4     "	9144	2010-01-29	"Fri"	"Midday"	"114"	1	1	4	6	"11"	"14"	2	5
"9143     Thu. Jan 28, 2010          9          4          5     "	9143	2010-01-28	"Thu"	"Evening"	"945"	9	4	5	18	"94"	"45"	13	9
"9142     Thu. Jan 28, 2010          2          6          8     "	9142	2010-01-28	"Thu"	"Midday"	"268"	2	6	8	16	"26"	"68"	8	14
"9141     Wed. Jan 27, 2010          5          7          8     "	9141	2010-01-27	"Wed"	"Evening"	"578"	5	7	8	20	"57"	"78"	12	15
"9140     Wed. Jan 27, 2010          3          3          3     "	9140	2010-01-27	"Wed"	"Midday"	"333"	3	3	3	9	"33"	"33"	6	6
"9139     Tue. Jan 26, 2010          7          0          7     "	9139	2010-01-26	"Tue"	"Evening"	"707"	7	0	7	14	"70"	"07"	7	7
"9138     Tue. Jan 26, 2010          8          4          0     "	9138	2010-01-26	"Tue"	"Midday"	"840"	8	4	0	12	"84"	"40"	12	4
"9137     Mon. Jan 25, 2010          7          9          5     "	9137	2010-01-25	"Mon"	"Evening"	"795"	7	9	5	21	"79"	"95"	16	14
"9136     Mon. Jan 25, 2010          0          6          8     "	9136	2010-01-25	"Mon"	"Midday"	"068"	0	6	8	14	"06"	"68"	6	14
"9135     Sun. Jan 24, 2010          1          6          0     "	9135	2010-01-24	"Sun"	"Evening"	"160"	1	6	0	7	"16"	"60"	7	6
"9134     Sun. Jan 24, 2010          4          5          0     "	9134	2010-01-24	"Sun"	"Midday"	"450"	4	5	0	9	"45"	"50"	9	5
"9133     Sat. Jan 23, 2010          0          1          2     "	9133	2010-01-23	"Sat"	"Evening"	"012"	0	1	2	3	"01"	"12"	1	3
"9132     Sat. Jan 23, 2010          5          2          4     "	9132	2010-01-23	"Sat"	"Midday"	"524"	5	2	4	11	"52"	"24"	7	6
"9131     Fri. Jan 22, 2010          0          0          7     "	9131	2010-01-22	"Fri"	"Evening"	"007"	0	0	7	7	"00"	"07"	0	7
"9130     Fri. Jan 22, 2010          4          5          0     "	9130	2010-01-22	"Fri"	"Midday"	"450"	4	5	0	9	"45"	"50"	9	5
"9129     Thu. Jan 21, 2010          9          0          6     "	9129	2010-01-21	"Thu"	"Evening"	"906"	9	0	6	15	"90"	"06"	9	6
"9128     Thu. Jan 21, 2010          2          4          5     "	9128	2010-01-21	"Thu"	"Midday"	"245"	2	4	5	11	"24"	"45"	6	9
"9127     Wed. Jan 20, 2010          9          6          8     "	9127	2010-01-20	"Wed"	"Evening"	"968"	9	6	8	23	"96"	"68"	15	14
"9126     Wed. Jan 20, 2010          2          8          3     "	9126	2010-01-20	"Wed"	"Midday"	"283"	2	8	3	13	"28"	"83"	10	11
"9125     Tue. Jan 19, 2010          8          2          7     "	9125	2010-01-19	"Tue"	"Evening"	"827"	8	2	7	17	"82"	"27"	10	9
"9124     Tue. Jan 19, 2010          3          3          5     "	9124	2010-01-19	"Tue"	"Midday"	"335"	3	3	5	11	"33"	"35"	6	8
"9123     Mon. Jan 18, 2010          3          7          0     "	9123	2010-01-18	"Mon"	"Evening"	"370"	3	7	0	10	"37"	"70"	10	7
"9122     Mon. Jan 18, 2010          2          2          9     "	9122	2010-01-18	"Mon"	"Midday"	"229"	2	2	9	13	"22"	"29"	4	11
"9121     Sun. Jan 17, 2010          8          4          9     "	9121	2010-01-17	"Sun"	"Evening"	"849"	8	4	9	21	"84"	"49"	12	13
"9120     Sun. Jan 17, 2010          9          9          3     "	9120	2010-01-17	"Sun"	"Midday"	"993"	9	9	3	21	"99"	"93"	18	12
"9119     Sat. Jan 16, 2010          4          4          9     "	9119	2010-01-16	"Sat"	"Evening"	"449"	4	4	9	17	"44"	"49"	8	13
"9118     Sat. Jan 16, 2010          2          9          7     "	9118	2010-01-16	"Sat"	"Midday"	"297"	2	9	7	18	"29"	"97"	11	16
"9117     Fri. Jan 15, 2010          3          1          5     "	9117	2010-01-15	"Fri"	"Evening"	"315"	3	1	5	9	"31"	"15"	4	6
"9116     Fri. Jan 15, 2010          1          3          6     "	9116	2010-01-15	"Fri"	"Midday"	"136"	1	3	6	10	"13"	"36"	4	9
"9115     Thu. Jan 14, 2010          3          5          4     "	9115	2010-01-14	"Thu"	"Evening"	"354"	3	5	4	12	"35"	"54"	8	9
"9114     Thu. Jan 14, 2010          2          0          4     "	9114	2010-01-14	"Thu"	"Midday"	"204"	2	0	4	6	"20"	"04"	2	4
"9113     Wed. Jan 13, 2010          3          6          7     "	9113	2010-01-13	"Wed"	"Evening"	"367"	3	6	7	16	"36"	"67"	9	13
"9112     Wed. Jan 13, 2010          0          2          5     "	9112	2010-01-13	"Wed"	"Midday"	"025"	0	2	5	7	"02"	"25"	2	7
"9111     Tue. Jan 12, 2010          1          4          7     "	9111	2010-01-12	"Tue"	"Evening"	"147"	1	4	7	12	"14"	"47"	5	11
"9110     Tue. Jan 12, 2010          4          4          7     "	9110	2010-01-12	"Tue"	"Midday"	"447"	4	4	7	15	"44"	"47"	8	11
"9109     Mon. Jan 11, 2010          3          5          3     "	9109	2010-01-11	"Mon"	"Evening"	"353"	3	5	3	11	"35"	"53"	8	8
"9108     Mon. Jan 11, 2010          6          8          1     "	9108	2010-01-11	"Mon"	"Midday"	"681"	6	8	1	15	"68"	"81"	14	9
"9107     Sun. Jan 10, 2010          6          7          9     "	9107	2010-01-10	"Sun"	"Evening"	"679"	6	7	9	22	"67"	"79"	13	16
"9106     Sun. Jan 10, 2010          5          5          8     "	9106	2010-01-10	"Sun"	"Midday"	"558"	5	5	8	18	"55"	"58"	10	13
"9105     Sat. Jan 09, 2010          1          7          5     "	9105	2010-01-09	"Sat"	"Evening"	"175"	1	7	5	13	"17"	"75"	8	12
"9104     Sat. Jan 09, 2010          5          3          7     "	9104	2010-01-09	"Sat"	"Midday"	"537"	5	3	7	15	"53"	"37"	8	10
"9103     Fri. Jan 08, 2010          5          5          4     "	9103	2010-01-08	"Fri"	"Evening"	"554"	5	5	4	14	"55"	"54"	10	9
"9102     Fri. Jan 08, 2010          3          4          2     "	9102	2010-01-08	"Fri"	"Midday"	"342"	3	4	2	9	"34"	"42"	7	6
"9101     Thu. Jan 07, 2010          8          6          5     "	9101	2010-01-07	"Thu"	"Evening"	"865"	8	6	5	19	"86"	"65"	14	11
"9100     Thu. Jan 07, 2010          6          9          5     "	9100	2010-01-07	"Thu"	"Midday"	"695"	6	9	5	20	"69"	"95"	15	14
"9099     Wed. Jan 06, 2010          6          4          2     "	9099	2010-01-06	"Wed"	"Evening"	"642"	6	4	2	12	"64"	"42"	10	6
"9098     Wed. Jan 06, 2010          7          1          2     "	9098	2010-01-06	"Wed"	"Midday"	"712"	7	1	2	10	"71"	"12"	8	3
"9097     Tue. Jan 05, 2010          0          9          4     "	9097	2010-01-05	"Tue"	"Evening"	"094"	0	9	4	13	"09"	"94"	9	13
"9096     Tue. Jan 05, 2010          7          4          1     "	9096	2010-01-05	"Tue"	"Midday"	"741"	7	4	1	12	"74"	"41"	11	5
"9095     Mon. Jan 04, 2010          3          0          1     "	9095	2010-01-04	"Mon"	"Evening"	"301"	3	0	1	4	"30"	"01"	3	1
"9094     Mon. Jan 04, 2010          8          8          8     "	9094	2010-01-04	"Mon"	"Midday"	"888"	8	8	8	24	"88"	"88"	16	16
"9093     Sun. Jan 03, 2010          1          5          1     "	9093	2010-01-03	"Sun"	"Evening"	"151"	1	5	1	7	"15"	"51"	6	6
"9092     Sun. Jan 03, 2010          4          3          3     "	9092	2010-01-03	"Sun"	"Midday"	"433"	4	3	3	10	"43"	"33"	7	6
"9091     Sat. Jan 02, 2010          3          0          2     "	9091	2010-01-02	"Sat"	"Evening"	"302"	3	0	2	5	"30"	"02"	3	2
"9090     Sat. Jan 02, 2010          4          2          6     "	9090	2010-01-02	"Sat"	"Midday"	"426"	4	2	6	12	"42"	"26"	6	8
"9089     Fri. Jan 01, 2010          6          6          3     "	9089	2010-01-01	"Fri"	"Evening"	"663"	6	6	3	15	"66"	"63"	12	9
"9088     Fri. Jan 01, 2010          1          3          8     "	9088	2010-01-01	"Fri"	"Midday"	"138"	1	3	8	12	"13"	"38"	4	11
"9087     Thu. Dec 31, 2009          5          9          5     "	9087	2009-12-31	"Thu"	"Evening"	"595"	5	9	5	19	"59"	"95"	14	14
"9086     Thu. Dec 31, 2009          9          5          5     "	9086	2009-12-31	"Thu"	"Midday"	"955"	9	5	5	19	"95"	"55"	14	10
"9085     Wed. Dec 30, 2009          7          2          6     "	9085	2009-12-30	"Wed"	"Evening"	"726"	7	2	6	15	"72"	"26"	9	8
"9084     Wed. Dec 30, 2009          0          9          3     "	9084	2009-12-30	"Wed"	"Midday"	"093"	0	9	3	12	"09"	"93"	9	12
"9083     Tue. Dec 29, 2009          0          7          8     "	9083	2009-12-29	"Tue"	"Evening"	"078"	0	7	8	15	"07"	"78"	7	15
"9082     Tue. Dec 29, 2009          7          4          1     "	9082	2009-12-29	"Tue"	"Midday"	"741"	7	4	1	12	"74"	"41"	11	5
"9081     Mon. Dec 28, 2009          5          3          3     "	9081	2009-12-28	"Mon"	"Evening"	"533"	5	3	3	11	"53"	"33"	8	6
"9080     Mon. Dec 28, 2009          7          9          6     "	9080	2009-12-28	"Mon"	"Midday"	"796"	7	9	6	22	"79"	"96"	16	15
"9079     Sun. Dec 27, 2009          2          2          2     "	9079	2009-12-27	"Sun"	"Evening"	"222"	2	2	2	6	"22"	"22"	4	4
"9078     Sun. Dec 27, 2009          6          0          9     "	9078	2009-12-27	"Sun"	"Midday"	"609"	6	0	9	15	"60"	"09"	6	9
"9077     Sat. Dec 26, 2009          7          3          7     "	9077	2009-12-26	"Sat"	"Evening"	"737"	7	3	7	17	"73"	"37"	10	10
"9076     Sat. Dec 26, 2009          2          7          9     "	9076	2009-12-26	"Sat"	"Midday"	"279"	2	7	9	18	"27"	"79"	9	16
"9075     Fri. Dec 25, 2009          5          1          6     "	9075	2009-12-25	"Fri"	"Evening"	"516"	5	1	6	12	"51"	"16"	6	7
"9074     Fri. Dec 25, 2009          4          2          4     "	9074	2009-12-25	"Fri"	"Midday"	"424"	4	2	4	10	"42"	"24"	6	6
"9073     Thu. Dec 24, 2009          5          5          1     "	9073	2009-12-24	"Thu"	"Evening"	"551"	5	5	1	11	"55"	"51"	10	6
"9072     Thu. Dec 24, 2009          5          2          9     "	9072	2009-12-24	"Thu"	"Midday"	"529"	5	2	9	16	"52"	"29"	7	11
"9071     Wed. Dec 23, 2009          3          8          8     "	9071	2009-12-23	"Wed"	"Evening"	"388"	3	8	8	19	"38"	"88"	11	16
"9070     Wed. Dec 23, 2009          7          9          2     "	9070	2009-12-23	"Wed"	"Midday"	"792"	7	9	2	18	"79"	"92"	16	11
"9069     Tue. Dec 22, 2009          9          7          5     "	9069	2009-12-22	"Tue"	"Evening"	"975"	9	7	5	21	"97"	"75"	16	12
"9068     Tue. Dec 22, 2009          3          0          3     "	9068	2009-12-22	"Tue"	"Midday"	"303"	3	0	3	6	"30"	"03"	3	3
"9067     Mon. Dec 21, 2009          3          1          8     "	9067	2009-12-21	"Mon"	"Evening"	"318"	3	1	8	12	"31"	"18"	4	9
"9066     Mon. Dec 21, 2009          0          5          3     "	9066	2009-12-21	"Mon"	"Midday"	"053"	0	5	3	8	"05"	"53"	5	8
"9065     Sun. Dec 20, 2009          3          5          2     "	9065	2009-12-20	"Sun"	"Evening"	"352"	3	5	2	10	"35"	"52"	8	7
"9064     Sun. Dec 20, 2009          0          3          0     "	9064	2009-12-20	"Sun"	"Midday"	"030"	0	3	0	3	"03"	"30"	3	3
"9063     Sat. Dec 19, 2009          0          8          0     "	9063	2009-12-19	"Sat"	"Evening"	"080"	0	8	0	8	"08"	"80"	8	8
"9062     Sat. Dec 19, 2009          5          4          4     "	9062	2009-12-19	"Sat"	"Midday"	"544"	5	4	4	13	"54"	"44"	9	8
"9061     Fri. Dec 18, 2009          9          3          4     "	9061	2009-12-18	"Fri"	"Evening"	"934"	9	3	4	16	"93"	"34"	12	7
"9060     Fri. Dec 18, 2009          4          8          2     "	9060	2009-12-18	"Fri"	"Midday"	"482"	4	8	2	14	"48"	"82"	12	10
"9059     Thu. Dec 17, 2009          0          3          0     "	9059	2009-12-17	"Thu"	"Evening"	"030"	0	3	0	3	"03"	"30"	3	3
"9058     Thu. Dec 17, 2009          4          0          7     "	9058	2009-12-17	"Thu"	"Midday"	"407"	4	0	7	11	"40"	"07"	4	7
"9057     Wed. Dec 16, 2009          9          2          5     "	9057	2009-12-16	"Wed"	"Evening"	"925"	9	2	5	16	"92"	"25"	11	7
"9056     Wed. Dec 16, 2009          2          4          9     "	9056	2009-12-16	"Wed"	"Midday"	"249"	2	4	9	15	"24"	"49"	6	13
"9055     Tue. Dec 15, 2009          2          6          2     "	9055	2009-12-15	"Tue"	"Evening"	"262"	2	6	2	10	"26"	"62"	8	8
"9054     Tue. Dec 15, 2009          5          8          1     "	9054	2009-12-15	"Tue"	"Midday"	"581"	5	8	1	14	"58"	"81"	13	9
"9053     Mon. Dec 14, 2009          2          0          1     "	9053	2009-12-14	"Mon"	"Evening"	"201"	2	0	1	3	"20"	"01"	2	1
"9052     Mon. Dec 14, 2009          6          2          2     "	9052	2009-12-14	"Mon"	"Midday"	"622"	6	2	2	10	"62"	"22"	8	4
"9051     Sun. Dec 13, 2009          9          8          0     "	9051	2009-12-13	"Sun"	"Evening"	"980"	9	8	0	17	"98"	"80"	17	8
"9050     Sun. Dec 13, 2009          4          7          8     "	9050	2009-12-13	"Sun"	"Midday"	"478"	4	7	8	19	"47"	"78"	11	15
"9049     Sat. Dec 12, 2009          7          6          8     "	9049	2009-12-12	"Sat"	"Evening"	"768"	7	6	8	21	"76"	"68"	13	14
"9048     Sat. Dec 12, 2009          2          7          8     "	9048	2009-12-12	"Sat"	"Midday"	"278"	2	7	8	17	"27"	"78"	9	15
"9047     Fri. Dec 11, 2009          2          6          2     "	9047	2009-12-11	"Fri"	"Evening"	"262"	2	6	2	10	"26"	"62"	8	8
"9046     Fri. Dec 11, 2009          0          2          3     "	9046	2009-12-11	"Fri"	"Midday"	"023"	0	2	3	5	"02"	"23"	2	5
"9045     Thu. Dec 10, 2009          2          8          7     "	9045	2009-12-10	"Thu"	"Evening"	"287"	2	8	7	17	"28"	"87"	10	15
"9044     Thu. Dec 10, 2009          6          5          0     "	9044	2009-12-10	"Thu"	"Midday"	"650"	6	5	0	11	"65"	"50"	11	5
"9043     Wed. Dec 09, 2009          7          0          7     "	9043	2009-12-09	"Wed"	"Evening"	"707"	7	0	7	14	"70"	"07"	7	7
"9042     Wed. Dec 09, 2009          7          4          8     "	9042	2009-12-09	"Wed"	"Midday"	"748"	7	4	8	19	"74"	"48"	11	12
"9041     Tue. Dec 08, 2009          5          0          3     "	9041	2009-12-08	"Tue"	"Evening"	"503"	5	0	3	8	"50"	"03"	5	3
"9040     Tue. Dec 08, 2009          5          2          4     "	9040	2009-12-08	"Tue"	"Midday"	"524"	5	2	4	11	"52"	"24"	7	6
"9039     Mon. Dec 07, 2009          5          6          0     "	9039	2009-12-07	"Mon"	"Evening"	"560"	5	6	0	11	"56"	"60"	11	6
"9038     Mon. Dec 07, 2009          8          9          8     "	9038	2009-12-07	"Mon"	"Midday"	"898"	8	9	8	25	"89"	"98"	17	17
"9037     Sun. Dec 06, 2009          0          5          0     "	9037	2009-12-06	"Sun"	"Evening"	"050"	0	5	0	5	"05"	"50"	5	5
"9036     Sun. Dec 06, 2009          0          2          1     "	9036	2009-12-06	"Sun"	"Midday"	"021"	0	2	1	3	"02"	"21"	2	3
"9035     Sat. Dec 05, 2009          3          7          5     "	9035	2009-12-05	"Sat"	"Evening"	"375"	3	7	5	15	"37"	"75"	10	12
"9034     Sat. Dec 05, 2009          0          3          3     "	9034	2009-12-05	"Sat"	"Midday"	"033"	0	3	3	6	"03"	"33"	3	6
"9033     Fri. Dec 04, 2009          5          8          0     "	9033	2009-12-04	"Fri"	"Evening"	"580"	5	8	0	13	"58"	"80"	13	8
"9032     Fri. Dec 04, 2009          9          7          1     "	9032	2009-12-04	"Fri"	"Midday"	"971"	9	7	1	17	"97"	"71"	16	8
"9031     Thu. Dec 03, 2009          5          0          7     "	9031	2009-12-03	"Thu"	"Evening"	"507"	5	0	7	12	"50"	"07"	5	7
"9030     Thu. Dec 03, 2009          6          5          4     "	9030	2009-12-03	"Thu"	"Midday"	"654"	6	5	4	15	"65"	"54"	11	9
"9029     Wed. Dec 02, 2009          0          4          9     "	9029	2009-12-02	"Wed"	"Evening"	"049"	0	4	9	13	"04"	"49"	4	13
"9028     Wed. Dec 02, 2009          4          5          0     "	9028	2009-12-02	"Wed"	"Midday"	"450"	4	5	0	9	"45"	"50"	9	5
"9027     Tue. Dec 01, 2009          1          2          5     "	9027	2009-12-01	"Tue"	"Evening"	"125"	1	2	5	8	"12"	"25"	3	7
"9026     Tue. Dec 01, 2009          9          7          4     "	9026	2009-12-01	"Tue"	"Midday"	"974"	9	7	4	20	"97"	"74"	16	11
"9025     Mon. Nov 30, 2009          2          3          0     "	9025	2009-11-30	"Mon"	"Evening"	"230"	2	3	0	5	"23"	"30"	5	3
"9024     Mon. Nov 30, 2009          9          6          5     "	9024	2009-11-30	"Mon"	"Midday"	"965"	9	6	5	20	"96"	"65"	15	11
"9023     Sun. Nov 29, 2009          7          2          4     "	9023	2009-11-29	"Sun"	"Evening"	"724"	7	2	4	13	"72"	"24"	9	6
"9022     Sun. Nov 29, 2009          5          0          1     "	9022	2009-11-29	"Sun"	"Midday"	"501"	5	0	1	6	"50"	"01"	5	1
"9021     Sat. Nov 28, 2009          5          0          2     "	9021	2009-11-28	"Sat"	"Evening"	"502"	5	0	2	7	"50"	"02"	5	2
"9020     Sat. Nov 28, 2009          8          0          2     "	9020	2009-11-28	"Sat"	"Midday"	"802"	8	0	2	10	"80"	"02"	8	2
"9019     Fri. Nov 27, 2009          3          8          0     "	9019	2009-11-27	"Fri"	"Evening"	"380"	3	8	0	11	"38"	"80"	11	8
"9018     Fri. Nov 27, 2009          8          9          9     "	9018	2009-11-27	"Fri"	"Midday"	"899"	8	9	9	26	"89"	"99"	17	18
"9017     Thu. Nov 26, 2009          8          3          9     "	9017	2009-11-26	"Thu"	"Evening"	"839"	8	3	9	20	"83"	"39"	11	12
"9016     Thu. Nov 26, 2009          3          5          1     "	9016	2009-11-26	"Thu"	"Midday"	"351"	3	5	1	9	"35"	"51"	8	6
"9015     Wed. Nov 25, 2009          2          5          3     "	9015	2009-11-25	"Wed"	"Evening"	"253"	2	5	3	10	"25"	"53"	7	8
"9014     Wed. Nov 25, 2009          0          2          7     "	9014	2009-11-25	"Wed"	"Midday"	"027"	0	2	7	9	"02"	"27"	2	9
"9013     Tue. Nov 24, 2009          9          7          9     "	9013	2009-11-24	"Tue"	"Evening"	"979"	9	7	9	25	"97"	"79"	16	16
"9012     Tue. Nov 24, 2009          6          0          2     "	9012	2009-11-24	"Tue"	"Midday"	"602"	6	0	2	8	"60"	"02"	6	2
"9011     Mon. Nov 23, 2009          5          0          4     "	9011	2009-11-23	"Mon"	"Evening"	"504"	5	0	4	9	"50"	"04"	5	4
"9010     Mon. Nov 23, 2009          6          6          9     "	9010	2009-11-23	"Mon"	"Midday"	"669"	6	6	9	21	"66"	"69"	12	15
"9009     Sun. Nov 22, 2009          2          0          6     "	9009	2009-11-22	"Sun"	"Evening"	"206"	2	0	6	8	"20"	"06"	2	6
"9008     Sun. Nov 22, 2009          2          6          8     "	9008	2009-11-22	"Sun"	"Midday"	"268"	2	6	8	16	"26"	"68"	8	14
"9007     Sat. Nov 21, 2009          6          8          6     "	9007	2009-11-21	"Sat"	"Evening"	"686"	6	8	6	20	"68"	"86"	14	14
"9006     Sat. Nov 21, 2009          6          0          2     "	9006	2009-11-21	"Sat"	"Midday"	"602"	6	0	2	8	"60"	"02"	6	2
"9005     Fri. Nov 20, 2009          9          7          6     "	9005	2009-11-20	"Fri"	"Evening"	"976"	9	7	6	22	"97"	"76"	16	13
"9004     Fri. Nov 20, 2009          5          5          9     "	9004	2009-11-20	"Fri"	"Midday"	"559"	5	5	9	19	"55"	"59"	10	14
"9003     Thu. Nov 19, 2009          5          2          3     "	9003	2009-11-19	"Thu"	"Evening"	"523"	5	2	3	10	"52"	"23"	7	5
"9002     Thu. Nov 19, 2009          1          2          1     "	9002	2009-11-19	"Thu"	"Midday"	"121"	1	2	1	4	"12"	"21"	3	3
"9001     Wed. Nov 18, 2009          5          3          6     "	9001	2009-11-18	"Wed"	"Evening"	"536"	5	3	6	14	"53"	"36"	8	9
"9000     Wed. Nov 18, 2009          9          9          0     "	9000	2009-11-18	"Wed"	"Midday"	"990"	9	9	0	18	"99"	"90"	18	9
"8999     Tue. Nov 17, 2009          0          2          0     "	8999	2009-11-17	"Tue"	"Evening"	"020"	0	2	0	2	"02"	"20"	2	2
"8998     Tue. Nov 17, 2009          2          9          3     "	8998	2009-11-17	"Tue"	"Midday"	"293"	2	9	3	14	"29"	"93"	11	12
"8997     Mon. Nov 16, 2009          9          7          5     "	8997	2009-11-16	"Mon"	"Evening"	"975"	9	7	5	21	"97"	"75"	16	12
"8996     Mon. Nov 16, 2009          8          2          5     "	8996	2009-11-16	"Mon"	"Midday"	"825"	8	2	5	15	"82"	"25"	10	7
"8995     Sun. Nov 15, 2009          3          2          9     "	8995	2009-11-15	"Sun"	"Evening"	"329"	3	2	9	14	"32"	"29"	5	11
"8994     Sun. Nov 15, 2009          5          0          8     "	8994	2009-11-15	"Sun"	"Midday"	"508"	5	0	8	13	"50"	"08"	5	8
"8993     Sat. Nov 14, 2009          6          3          6     "	8993	2009-11-14	"Sat"	"Evening"	"636"	6	3	6	15	"63"	"36"	9	9
"8992     Sat. Nov 14, 2009          3          0          6     "	8992	2009-11-14	"Sat"	"Midday"	"306"	3	0	6	9	"30"	"06"	3	6
"8991     Fri. Nov 13, 2009          5          1          1     "	8991	2009-11-13	"Fri"	"Evening"	"511"	5	1	1	7	"51"	"11"	6	2
"8990     Fri. Nov 13, 2009          1          6          7     "	8990	2009-11-13	"Fri"	"Midday"	"167"	1	6	7	14	"16"	"67"	7	13
"8989     Thu. Nov 12, 2009          5          7          1     "	8989	2009-11-12	"Thu"	"Evening"	"571"	5	7	1	13	"57"	"71"	12	8
"8988     Thu. Nov 12, 2009          8          1          1     "	8988	2009-11-12	"Thu"	"Midday"	"811"	8	1	1	10	"81"	"11"	9	2
"8987     Wed. Nov 11, 2009          6          7          4     "	8987	2009-11-11	"Wed"	"Evening"	"674"	6	7	4	17	"67"	"74"	13	11
"8986     Wed. Nov 11, 2009          9          6          1     "	8986	2009-11-11	"Wed"	"Midday"	"961"	9	6	1	16	"96"	"61"	15	7
"8985     Tue. Nov 10, 2009          3          1          8     "	8985	2009-11-10	"Tue"	"Evening"	"318"	3	1	8	12	"31"	"18"	4	9
"8984     Tue. Nov 10, 2009          9          7          5     "	8984	2009-11-10	"Tue"	"Midday"	"975"	9	7	5	21	"97"	"75"	16	12
"8983     Mon. Nov 09, 2009          2          6          4     "	8983	2009-11-09	"Mon"	"Evening"	"264"	2	6	4	12	"26"	"64"	8	10
"8982     Mon. Nov 09, 2009          8          1          5     "	8982	2009-11-09	"Mon"	"Midday"	"815"	8	1	5	14	"81"	"15"	9	6
"8981     Sun. Nov 08, 2009          1          6          7     "	8981	2009-11-08	"Sun"	"Evening"	"167"	1	6	7	14	"16"	"67"	7	13
"8980     Sun. Nov 08, 2009          2          5          6     "	8980	2009-11-08	"Sun"	"Midday"	"256"	2	5	6	13	"25"	"56"	7	11
"8979     Sat. Nov 07, 2009          3          5          0     "	8979	2009-11-07	"Sat"	"Evening"	"350"	3	5	0	8	"35"	"50"	8	5
"8978     Sat. Nov 07, 2009          9          3          5     "	8978	2009-11-07	"Sat"	"Midday"	"935"	9	3	5	17	"93"	"35"	12	8
"8977     Fri. Nov 06, 2009          6          0          4     "	8977	2009-11-06	"Fri"	"Evening"	"604"	6	0	4	10	"60"	"04"	6	4
"8976     Fri. Nov 06, 2009          7          2          8     "	8976	2009-11-06	"Fri"	"Midday"	"728"	7	2	8	17	"72"	"28"	9	10
"8975     Thu. Nov 05, 2009          4          9          9     "	8975	2009-11-05	"Thu"	"Evening"	"499"	4	9	9	22	"49"	"99"	13	18
"8974     Thu. Nov 05, 2009          0          0          0     "	8974	2009-11-05	"Thu"	"Midday"	"000"	0	0	0	0	"00"	"00"	0	0
"8973     Wed. Nov 04, 2009          7          6          3     "	8973	2009-11-04	"Wed"	"Evening"	"763"	7	6	3	16	"76"	"63"	13	9
"8972     Wed. Nov 04, 2009          6          1          7     "	8972	2009-11-04	"Wed"	"Midday"	"617"	6	1	7	14	"61"	"17"	7	8
"8971     Tue. Nov 03, 2009          1          8          4     "	8971	2009-11-03	"Tue"	"Evening"	"184"	1	8	4	13	"18"	"84"	9	12
"8970     Tue. Nov 03, 2009          1          6          3     "	8970	2009-11-03	"Tue"	"Midday"	"163"	1	6	3	10	"16"	"63"	7	9
"8969     Mon. Nov 02, 2009          8          7          8     "	8969	2009-11-02	"Mon"	"Evening"	"878"	8	7	8	23	"87"	"78"	15	15
"8968     Mon. Nov 02, 2009          4          0          8     "	8968	2009-11-02	"Mon"	"Midday"	"408"	4	0	8	12	"40"	"08"	4	8
"8967     Sun. Nov 01, 2009          3          0          9     "	8967	2009-11-01	"Sun"	"Evening"	"309"	3	0	9	12	"30"	"09"	3	9
"8966     Sun. Nov 01, 2009          9          7          0     "	8966	2009-11-01	"Sun"	"Midday"	"970"	9	7	0	16	"97"	"70"	16	7
"8965     Sat. Oct 31, 2009          9          7          5     "	8965	2009-10-31	"Sat"	"Evening"	"975"	9	7	5	21	"97"	"75"	16	12
"8964     Sat. Oct 31, 2009          8          8          3     "	8964	2009-10-31	"Sat"	"Midday"	"883"	8	8	3	19	"88"	"83"	16	11
"8963     Fri. Oct 30, 2009          7          2          7     "	8963	2009-10-30	"Fri"	"Evening"	"727"	7	2	7	16	"72"	"27"	9	9
"8962     Fri. Oct 30, 2009          3          9          2     "	8962	2009-10-30	"Fri"	"Midday"	"392"	3	9	2	14	"39"	"92"	12	11
"8961     Thu. Oct 29, 2009          1          2          3     "	8961	2009-10-29	"Thu"	"Evening"	"123"	1	2	3	6	"12"	"23"	3	5
"8960     Thu. Oct 29, 2009          2          2          5     "	8960	2009-10-29	"Thu"	"Midday"	"225"	2	2	5	9	"22"	"25"	4	7
"8959     Wed. Oct 28, 2009          4          7          6     "	8959	2009-10-28	"Wed"	"Evening"	"476"	4	7	6	17	"47"	"76"	11	13
"8958     Wed. Oct 28, 2009          6          0          0     "	8958	2009-10-28	"Wed"	"Midday"	"600"	6	0	0	6	"60"	"00"	6	0
"8957     Tue. Oct 27, 2009          4          2          5     "	8957	2009-10-27	"Tue"	"Evening"	"425"	4	2	5	11	"42"	"25"	6	7
"8956     Tue. Oct 27, 2009          1          4          9     "	8956	2009-10-27	"Tue"	"Midday"	"149"	1	4	9	14	"14"	"49"	5	13
"8955     Mon. Oct 26, 2009          9          8          8     "	8955	2009-10-26	"Mon"	"Evening"	"988"	9	8	8	25	"98"	"88"	17	16
"8954     Mon. Oct 26, 2009          0          5          6     "	8954	2009-10-26	"Mon"	"Midday"	"056"	0	5	6	11	"05"	"56"	5	11
"8953     Sun. Oct 25, 2009          0          2          4     "	8953	2009-10-25	"Sun"	"Evening"	"024"	0	2	4	6	"02"	"24"	2	6
"8952     Sun. Oct 25, 2009          2          5          4     "	8952	2009-10-25	"Sun"	"Midday"	"254"	2	5	4	11	"25"	"54"	7	9
"8951     Sat. Oct 24, 2009          6          3          1     "	8951	2009-10-24	"Sat"	"Evening"	"631"	6	3	1	10	"63"	"31"	9	4
"8950     Sat. Oct 24, 2009          7          9          0     "	8950	2009-10-24	"Sat"	"Midday"	"790"	7	9	0	16	"79"	"90"	16	9
"8949     Fri. Oct 23, 2009          6          4          7     "	8949	2009-10-23	"Fri"	"Evening"	"647"	6	4	7	17	"64"	"47"	10	11
"8948     Fri. Oct 23, 2009          0          3          0     "	8948	2009-10-23	"Fri"	"Midday"	"030"	0	3	0	3	"03"	"30"	3	3
"8947     Thu. Oct 22, 2009          8          6          6     "	8947	2009-10-22	"Thu"	"Evening"	"866"	8	6	6	20	"86"	"66"	14	12
"8946     Thu. Oct 22, 2009          7          2          4     "	8946	2009-10-22	"Thu"	"Midday"	"724"	7	2	4	13	"72"	"24"	9	6
"8945     Wed. Oct 21, 2009          8          2          1     "	8945	2009-10-21	"Wed"	"Evening"	"821"	8	2	1	11	"82"	"21"	10	3
"8944     Wed. Oct 21, 2009          4          1          4     "	8944	2009-10-21	"Wed"	"Midday"	"414"	4	1	4	9	"41"	"14"	5	5
"8943     Tue. Oct 20, 2009          1          5          4     "	8943	2009-10-20	"Tue"	"Evening"	"154"	1	5	4	10	"15"	"54"	6	9
"8942     Tue. Oct 20, 2009          0          8          8     "	8942	2009-10-20	"Tue"	"Midday"	"088"	0	8	8	16	"08"	"88"	8	16
"8941     Mon. Oct 19, 2009          0          2          6     "	8941	2009-10-19	"Mon"	"Evening"	"026"	0	2	6	8	"02"	"26"	2	8
"8940     Mon. Oct 19, 2009          4          9          5     "	8940	2009-10-19	"Mon"	"Midday"	"495"	4	9	5	18	"49"	"95"	13	14
"8939     Sun. Oct 18, 2009          4          0          5     "	8939	2009-10-18	"Sun"	"Evening"	"405"	4	0	5	9	"40"	"05"	4	5
"8938     Sun. Oct 18, 2009          9          1          8     "	8938	2009-10-18	"Sun"	"Midday"	"918"	9	1	8	18	"91"	"18"	10	9
"8937     Sat. Oct 17, 2009          7          0          6     "	8937	2009-10-17	"Sat"	"Evening"	"706"	7	0	6	13	"70"	"06"	7	6
"8936     Sat. Oct 17, 2009          4          2          3     "	8936	2009-10-17	"Sat"	"Midday"	"423"	4	2	3	9	"42"	"23"	6	5
"8935     Fri. Oct 16, 2009          4          8          6     "	8935	2009-10-16	"Fri"	"Evening"	"486"	4	8	6	18	"48"	"86"	12	14
"8934     Fri. Oct 16, 2009          5          3          2     "	8934	2009-10-16	"Fri"	"Midday"	"532"	5	3	2	10	"53"	"32"	8	5
"8933     Thu. Oct 15, 2009          9          9          0     "	8933	2009-10-15	"Thu"	"Evening"	"990"	9	9	0	18	"99"	"90"	18	9
"8932     Thu. Oct 15, 2009          9          1          0     "	8932	2009-10-15	"Thu"	"Midday"	"910"	9	1	0	10	"91"	"10"	10	1
"8931     Wed. Oct 14, 2009          5          5          7     "	8931	2009-10-14	"Wed"	"Evening"	"557"	5	5	7	17	"55"	"57"	10	12
"8930     Wed. Oct 14, 2009          1          7          7     "	8930	2009-10-14	"Wed"	"Midday"	"177"	1	7	7	15	"17"	"77"	8	14
"8929     Tue. Oct 13, 2009          6          2          0     "	8929	2009-10-13	"Tue"	"Evening"	"620"	6	2	0	8	"62"	"20"	8	2
"8928     Tue. Oct 13, 2009          9          6          3     "	8928	2009-10-13	"Tue"	"Midday"	"963"	9	6	3	18	"96"	"63"	15	9
"8927     Mon. Oct 12, 2009          9          0          3     "	8927	2009-10-12	"Mon"	"Evening"	"903"	9	0	3	12	"90"	"03"	9	3
"8926     Mon. Oct 12, 2009          4          8          6     "	8926	2009-10-12	"Mon"	"Midday"	"486"	4	8	6	18	"48"	"86"	12	14
"8925     Sun. Oct 11, 2009          9          6          7     "	8925	2009-10-11	"Sun"	"Evening"	"967"	9	6	7	22	"96"	"67"	15	13
"8924     Sun. Oct 11, 2009          6          3          0     "	8924	2009-10-11	"Sun"	"Midday"	"630"	6	3	0	9	"63"	"30"	9	3
"8923     Sat. Oct 10, 2009          5          7          9     "	8923	2009-10-10	"Sat"	"Evening"	"579"	5	7	9	21	"57"	"79"	12	16
"8922     Sat. Oct 10, 2009          2          2          6     "	8922	2009-10-10	"Sat"	"Midday"	"226"	2	2	6	10	"22"	"26"	4	8
"8921     Fri. Oct 09, 2009          5          7          4     "	8921	2009-10-09	"Fri"	"Evening"	"574"	5	7	4	16	"57"	"74"	12	11
"8920     Fri. Oct 09, 2009          1          9          5     "	8920	2009-10-09	"Fri"	"Midday"	"195"	1	9	5	15	"19"	"95"	10	14
"8919     Thu. Oct 08, 2009          1          7          9     "	8919	2009-10-08	"Thu"	"Evening"	"179"	1	7	9	17	"17"	"79"	8	16
"8918     Thu. Oct 08, 2009          1          2          8     "	8918	2009-10-08	"Thu"	"Midday"	"128"	1	2	8	11	"12"	"28"	3	10
"8917     Wed. Oct 07, 2009          8          4          7     "	8917	2009-10-07	"Wed"	"Evening"	"847"	8	4	7	19	"84"	"47"	12	11
"8916     Wed. Oct 07, 2009          8          8          5     "	8916	2009-10-07	"Wed"	"Midday"	"885"	8	8	5	21	"88"	"85"	16	13
"8915     Tue. Oct 06, 2009          0          1          9     "	8915	2009-10-06	"Tue"	"Evening"	"019"	0	1	9	10	"01"	"19"	1	10
"8914     Tue. Oct 06, 2009          1          6          0     "	8914	2009-10-06	"Tue"	"Midday"	"160"	1	6	0	7	"16"	"60"	7	6
"8913     Mon. Oct 05, 2009          7          4          4     "	8913	2009-10-05	"Mon"	"Evening"	"744"	7	4	4	15	"74"	"44"	11	8
"8912     Mon. Oct 05, 2009          7          3          0     "	8912	2009-10-05	"Mon"	"Midday"	"730"	7	3	0	10	"73"	"30"	10	3
"8911     Sun. Oct 04, 2009          3          8          8     "	8911	2009-10-04	"Sun"	"Evening"	"388"	3	8	8	19	"38"	"88"	11	16
"8910     Sun. Oct 04, 2009          8          6          8     "	8910	2009-10-04	"Sun"	"Midday"	"868"	8	6	8	22	"86"	"68"	14	14
"8909     Sat. Oct 03, 2009          3          4          5     "	8909	2009-10-03	"Sat"	"Evening"	"345"	3	4	5	12	"34"	"45"	7	9
"8908     Sat. Oct 03, 2009          2          5          0     "	8908	2009-10-03	"Sat"	"Midday"	"250"	2	5	0	7	"25"	"50"	7	5
"8907     Fri. Oct 02, 2009          7          2          9     "	8907	2009-10-02	"Fri"	"Evening"	"729"	7	2	9	18	"72"	"29"	9	11
"8906     Fri. Oct 02, 2009          0          8          1     "	8906	2009-10-02	"Fri"	"Midday"	"081"	0	8	1	9	"08"	"81"	8	9
"8905     Thu. Oct 01, 2009          9          2          1     "	8905	2009-10-01	"Thu"	"Evening"	"921"	9	2	1	12	"92"	"21"	11	3
"8904     Thu. Oct 01, 2009          5          4          0     "	8904	2009-10-01	"Thu"	"Midday"	"540"	5	4	0	9	"54"	"40"	9	4
"8903     Wed. Sep 30, 2009          9          8          3     "	8903	2009-09-30	"Wed"	"Evening"	"983"	9	8	3	20	"98"	"83"	17	11
"8902     Wed. Sep 30, 2009          3          0          0     "	8902	2009-09-30	"Wed"	"Midday"	"300"	3	0	0	3	"30"	"00"	3	0
"8901     Tue. Sep 29, 2009          1          4          7     "	8901	2009-09-29	"Tue"	"Evening"	"147"	1	4	7	12	"14"	"47"	5	11
"8900     Tue. Sep 29, 2009          3          2          5     "	8900	2009-09-29	"Tue"	"Midday"	"325"	3	2	5	10	"32"	"25"	5	7
"8899     Mon. Sep 28, 2009          3          4          2     "	8899	2009-09-28	"Mon"	"Evening"	"342"	3	4	2	9	"34"	"42"	7	6
"8898     Mon. Sep 28, 2009          1          5          0     "	8898	2009-09-28	"Mon"	"Midday"	"150"	1	5	0	6	"15"	"50"	6	5
"8897     Sun. Sep 27, 2009          4          5          7     "	8897	2009-09-27	"Sun"	"Evening"	"457"	4	5	7	16	"45"	"57"	9	12
"8896     Sun. Sep 27, 2009          4          4          5     "	8896	2009-09-27	"Sun"	"Midday"	"445"	4	4	5	13	"44"	"45"	8	9
"8895     Sat. Sep 26, 2009          8          5          4     "	8895	2009-09-26	"Sat"	"Evening"	"854"	8	5	4	17	"85"	"54"	13	9
"8894     Sat. Sep 26, 2009          9          9          6     "	8894	2009-09-26	"Sat"	"Midday"	"996"	9	9	6	24	"99"	"96"	18	15
"8893     Fri. Sep 25, 2009          7          3          0     "	8893	2009-09-25	"Fri"	"Evening"	"730"	7	3	0	10	"73"	"30"	10	3
"8892     Fri. Sep 25, 2009          6          7          3     "	8892	2009-09-25	"Fri"	"Midday"	"673"	6	7	3	16	"67"	"73"	13	10
"8891     Thu. Sep 24, 2009          5          9          4     "	8891	2009-09-24	"Thu"	"Evening"	"594"	5	9	4	18	"59"	"94"	14	13
"8890     Thu. Sep 24, 2009          5          9          6     "	8890	2009-09-24	"Thu"	"Midday"	"596"	5	9	6	20	"59"	"96"	14	15
"8889     Wed. Sep 23, 2009          0          4          9     "	8889	2009-09-23	"Wed"	"Evening"	"049"	0	4	9	13	"04"	"49"	4	13
"8888     Wed. Sep 23, 2009          9          0          9     "	8888	2009-09-23	"Wed"	"Midday"	"909"	9	0	9	18	"90"	"09"	9	9
"8887     Tue. Sep 22, 2009          2          5          9     "	8887	2009-09-22	"Tue"	"Evening"	"259"	2	5	9	16	"25"	"59"	7	14
"8886     Tue. Sep 22, 2009          6          7          7     "	8886	2009-09-22	"Tue"	"Midday"	"677"	6	7	7	20	"67"	"77"	13	14
"8885     Mon. Sep 21, 2009          6          6          4     "	8885	2009-09-21	"Mon"	"Evening"	"664"	6	6	4	16	"66"	"64"	12	10
"8884     Mon. Sep 21, 2009          5          7          5     "	8884	2009-09-21	"Mon"	"Midday"	"575"	5	7	5	17	"57"	"75"	12	12
"8883     Sun. Sep 20, 2009          4          3          2     "	8883	2009-09-20	"Sun"	"Evening"	"432"	4	3	2	9	"43"	"32"	7	5
"8882     Sun. Sep 20, 2009          5          5          6     "	8882	2009-09-20	"Sun"	"Midday"	"556"	5	5	6	16	"55"	"56"	10	11
"8881     Sat. Sep 19, 2009          9          0          8     "	8881	2009-09-19	"Sat"	"Evening"	"908"	9	0	8	17	"90"	"08"	9	8
"8880     Sat. Sep 19, 2009          3          2          5     "	8880	2009-09-19	"Sat"	"Midday"	"325"	3	2	5	10	"32"	"25"	5	7
"8879     Fri. Sep 18, 2009          7          3          2     "	8879	2009-09-18	"Fri"	"Evening"	"732"	7	3	2	12	"73"	"32"	10	5
"8878     Fri. Sep 18, 2009          2          4          9     "	8878	2009-09-18	"Fri"	"Midday"	"249"	2	4	9	15	"24"	"49"	6	13
"8877     Thu. Sep 17, 2009          6          3          7     "	8877	2009-09-17	"Thu"	"Evening"	"637"	6	3	7	16	"63"	"37"	9	10
"8876     Thu. Sep 17, 2009          8          9          3     "	8876	2009-09-17	"Thu"	"Midday"	"893"	8	9	3	20	"89"	"93"	17	12
"8875     Wed. Sep 16, 2009          7          9          4     "	8875	2009-09-16	"Wed"	"Evening"	"794"	7	9	4	20	"79"	"94"	16	13
"8874     Wed. Sep 16, 2009          7          6          3     "	8874	2009-09-16	"Wed"	"Midday"	"763"	7	6	3	16	"76"	"63"	13	9
"8873     Tue. Sep 15, 2009          4          0          0     "	8873	2009-09-15	"Tue"	"Evening"	"400"	4	0	0	4	"40"	"00"	4	0
"8872     Tue. Sep 15, 2009          3          0          9     "	8872	2009-09-15	"Tue"	"Midday"	"309"	3	0	9	12	"30"	"09"	3	9
"8871     Mon. Sep 14, 2009          8          2          4     "	8871	2009-09-14	"Mon"	"Evening"	"824"	8	2	4	14	"82"	"24"	10	6
"8870     Mon. Sep 14, 2009          7          3          2     "	8870	2009-09-14	"Mon"	"Midday"	"732"	7	3	2	12	"73"	"32"	10	5
"8869     Sun. Sep 13, 2009          6          4          7     "	8869	2009-09-13	"Sun"	"Evening"	"647"	6	4	7	17	"64"	"47"	10	11
"8868     Sun. Sep 13, 2009          3          7          6     "	8868	2009-09-13	"Sun"	"Midday"	"376"	3	7	6	16	"37"	"76"	10	13
"8867     Sat. Sep 12, 2009          4          2          2     "	8867	2009-09-12	"Sat"	"Evening"	"422"	4	2	2	8	"42"	"22"	6	4
"8866     Sat. Sep 12, 2009          2          4          9     "	8866	2009-09-12	"Sat"	"Midday"	"249"	2	4	9	15	"24"	"49"	6	13
"8865     Fri. Sep 11, 2009          0          4          7     "	8865	2009-09-11	"Fri"	"Evening"	"047"	0	4	7	11	"04"	"47"	4	11
"8864     Fri. Sep 11, 2009          2          8          6     "	8864	2009-09-11	"Fri"	"Midday"	"286"	2	8	6	16	"28"	"86"	10	14
"8863     Thu. Sep 10, 2009          8          2          3     "	8863	2009-09-10	"Thu"	"Evening"	"823"	8	2	3	13	"82"	"23"	10	5
"8862     Thu. Sep 10, 2009          1          4          9     "	8862	2009-09-10	"Thu"	"Midday"	"149"	1	4	9	14	"14"	"49"	5	13
"8861     Wed. Sep 09, 2009          7          3          2     "	8861	2009-09-09	"Wed"	"Evening"	"732"	7	3	2	12	"73"	"32"	10	5
"8860     Wed. Sep 09, 2009          8          9          6     "	8860	2009-09-09	"Wed"	"Midday"	"896"	8	9	6	23	"89"	"96"	17	15
"8859     Tue. Sep 08, 2009          3          1          8     "	8859	2009-09-08	"Tue"	"Evening"	"318"	3	1	8	12	"31"	"18"	4	9
"8858     Tue. Sep 08, 2009          0          4          0     "	8858	2009-09-08	"Tue"	"Midday"	"040"	0	4	0	4	"04"	"40"	4	4
"8857     Mon. Sep 07, 2009          7          1          5     "	8857	2009-09-07	"Mon"	"Evening"	"715"	7	1	5	13	"71"	"15"	8	6
"8856     Mon. Sep 07, 2009          0          5          6     "	8856	2009-09-07	"Mon"	"Midday"	"056"	0	5	6	11	"05"	"56"	5	11
"8855     Sun. Sep 06, 2009          8          2          4     "	8855	2009-09-06	"Sun"	"Evening"	"824"	8	2	4	14	"82"	"24"	10	6
"8854     Sun. Sep 06, 2009          7          2          4     "	8854	2009-09-06	"Sun"	"Midday"	"724"	7	2	4	13	"72"	"24"	9	6
"8853     Sat. Sep 05, 2009          2          8          5     "	8853	2009-09-05	"Sat"	"Evening"	"285"	2	8	5	15	"28"	"85"	10	13
"8852     Sat. Sep 05, 2009          0          1          5     "	8852	2009-09-05	"Sat"	"Midday"	"015"	0	1	5	6	"01"	"15"	1	6
"8851     Fri. Sep 04, 2009          7          3          0     "	8851	2009-09-04	"Fri"	"Evening"	"730"	7	3	0	10	"73"	"30"	10	3
"8850     Fri. Sep 04, 2009          7          8          4     "	8850	2009-09-04	"Fri"	"Midday"	"784"	7	8	4	19	"78"	"84"	15	12
"8849     Thu. Sep 03, 2009          7          2          0     "	8849	2009-09-03	"Thu"	"Evening"	"720"	7	2	0	9	"72"	"20"	9	2
"8848     Thu. Sep 03, 2009          1          3          5     "	8848	2009-09-03	"Thu"	"Midday"	"135"	1	3	5	9	"13"	"35"	4	8
"8847     Wed. Sep 02, 2009          0          5          9     "	8847	2009-09-02	"Wed"	"Evening"	"059"	0	5	9	14	"05"	"59"	5	14
"8846     Wed. Sep 02, 2009          2          5          4     "	8846	2009-09-02	"Wed"	"Midday"	"254"	2	5	4	11	"25"	"54"	7	9
"8845     Tue. Sep 01, 2009          7          6          3     "	8845	2009-09-01	"Tue"	"Evening"	"763"	7	6	3	16	"76"	"63"	13	9
"8844     Tue. Sep 01, 2009          7          6          7     "	8844	2009-09-01	"Tue"	"Midday"	"767"	7	6	7	20	"76"	"67"	13	13
"8843     Mon. Aug 31, 2009          4          7          2     "	8843	2009-08-31	"Mon"	"Evening"	"472"	4	7	2	13	"47"	"72"	11	9
"8842     Mon. Aug 31, 2009          9          4          9     "	8842	2009-08-31	"Mon"	"Midday"	"949"	9	4	9	22	"94"	"49"	13	13
"8841     Sun. Aug 30, 2009          2          8          3     "	8841	2009-08-30	"Sun"	"Evening"	"283"	2	8	3	13	"28"	"83"	10	11
"8840     Sun. Aug 30, 2009          6          7          9     "	8840	2009-08-30	"Sun"	"Midday"	"679"	6	7	9	22	"67"	"79"	13	16
"8839     Sat. Aug 29, 2009          1          2          6     "	8839	2009-08-29	"Sat"	"Evening"	"126"	1	2	6	9	"12"	"26"	3	8
"8838     Sat. Aug 29, 2009          2          0          0     "	8838	2009-08-29	"Sat"	"Midday"	"200"	2	0	0	2	"20"	"00"	2	0
"8837     Fri. Aug 28, 2009          5          8          0     "	8837	2009-08-28	"Fri"	"Evening"	"580"	5	8	0	13	"58"	"80"	13	8
"8836     Fri. Aug 28, 2009          5          4          6     "	8836	2009-08-28	"Fri"	"Midday"	"546"	5	4	6	15	"54"	"46"	9	10
"8835     Thu. Aug 27, 2009          6          5          9     "	8835	2009-08-27	"Thu"	"Evening"	"659"	6	5	9	20	"65"	"59"	11	14
"8834     Thu. Aug 27, 2009          3          6          9     "	8834	2009-08-27	"Thu"	"Midday"	"369"	3	6	9	18	"36"	"69"	9	15
"8833     Wed. Aug 26, 2009          0          3          7     "	8833	2009-08-26	"Wed"	"Evening"	"037"	0	3	7	10	"03"	"37"	3	10
"8832     Wed. Aug 26, 2009          3          6          4     "	8832	2009-08-26	"Wed"	"Midday"	"364"	3	6	4	13	"36"	"64"	9	10
"8831     Tue. Aug 25, 2009          1          2          9     "	8831	2009-08-25	"Tue"	"Evening"	"129"	1	2	9	12	"12"	"29"	3	11
"8830     Tue. Aug 25, 2009          2          6          2     "	8830	2009-08-25	"Tue"	"Midday"	"262"	2	6	2	10	"26"	"62"	8	8
"8829     Mon. Aug 24, 2009          5          8          3     "	8829	2009-08-24	"Mon"	"Evening"	"583"	5	8	3	16	"58"	"83"	13	11
"8828     Mon. Aug 24, 2009          5          9          4     "	8828	2009-08-24	"Mon"	"Midday"	"594"	5	9	4	18	"59"	"94"	14	13
"8827     Sun. Aug 23, 2009          1          9          2     "	8827	2009-08-23	"Sun"	"Evening"	"192"	1	9	2	12	"19"	"92"	10	11
"8826     Sun. Aug 23, 2009          8          6          9     "	8826	2009-08-23	"Sun"	"Midday"	"869"	8	6	9	23	"86"	"69"	14	15
"8825     Sat. Aug 22, 2009          2          0          6     "	8825	2009-08-22	"Sat"	"Evening"	"206"	2	0	6	8	"20"	"06"	2	6
"8824     Sat. Aug 22, 2009          1          6          8     "	8824	2009-08-22	"Sat"	"Midday"	"168"	1	6	8	15	"16"	"68"	7	14
"8823     Fri. Aug 21, 2009          6          0          1     "	8823	2009-08-21	"Fri"	"Evening"	"601"	6	0	1	7	"60"	"01"	6	1
"8822     Fri. Aug 21, 2009          7          3          2     "	8822	2009-08-21	"Fri"	"Midday"	"732"	7	3	2	12	"73"	"32"	10	5
"8821     Thu. Aug 20, 2009          9          5          7     "	8821	2009-08-20	"Thu"	"Evening"	"957"	9	5	7	21	"95"	"57"	14	12
"8820     Thu. Aug 20, 2009          5          9          8     "	8820	2009-08-20	"Thu"	"Midday"	"598"	5	9	8	22	"59"	"98"	14	17
"8819     Wed. Aug 19, 2009          3          9          9     "	8819	2009-08-19	"Wed"	"Evening"	"399"	3	9	9	21	"39"	"99"	12	18
"8818     Wed. Aug 19, 2009          3          4          3     "	8818	2009-08-19	"Wed"	"Midday"	"343"	3	4	3	10	"34"	"43"	7	7
"8817     Tue. Aug 18, 2009          3          4          2     "	8817	2009-08-18	"Tue"	"Evening"	"342"	3	4	2	9	"34"	"42"	7	6
"8816     Tue. Aug 18, 2009          3          9          3     "	8816	2009-08-18	"Tue"	"Midday"	"393"	3	9	3	15	"39"	"93"	12	12
"8815     Mon. Aug 17, 2009          2          8          0     "	8815	2009-08-17	"Mon"	"Evening"	"280"	2	8	0	10	"28"	"80"	10	8
"8814     Mon. Aug 17, 2009          5          4          3     "	8814	2009-08-17	"Mon"	"Midday"	"543"	5	4	3	12	"54"	"43"	9	7
"8813     Sun. Aug 16, 2009          8          4          8     "	8813	2009-08-16	"Sun"	"Evening"	"848"	8	4	8	20	"84"	"48"	12	12
"8812     Sun. Aug 16, 2009          6          1          8     "	8812	2009-08-16	"Sun"	"Midday"	"618"	6	1	8	15	"61"	"18"	7	9
"8811     Sat. Aug 15, 2009          2          6          0     "	8811	2009-08-15	"Sat"	"Evening"	"260"	2	6	0	8	"26"	"60"	8	6
"8810     Sat. Aug 15, 2009          6          0          6     "	8810	2009-08-15	"Sat"	"Midday"	"606"	6	0	6	12	"60"	"06"	6	6
"8809     Fri. Aug 14, 2009          8          7          6     "	8809	2009-08-14	"Fri"	"Evening"	"876"	8	7	6	21	"87"	"76"	15	13
"8808     Fri. Aug 14, 2009          2          9          8     "	8808	2009-08-14	"Fri"	"Midday"	"298"	2	9	8	19	"29"	"98"	11	17
"8807     Thu. Aug 13, 2009          4          9          7     "	8807	2009-08-13	"Thu"	"Evening"	"497"	4	9	7	20	"49"	"97"	13	16
"8806     Thu. Aug 13, 2009          0          6          6     "	8806	2009-08-13	"Thu"	"Midday"	"066"	0	6	6	12	"06"	"66"	6	12
"8805     Wed. Aug 12, 2009          4          5          6     "	8805	2009-08-12	"Wed"	"Evening"	"456"	4	5	6	15	"45"	"56"	9	11
"8804     Wed. Aug 12, 2009          4          6          0     "	8804	2009-08-12	"Wed"	"Midday"	"460"	4	6	0	10	"46"	"60"	10	6
"8803     Tue. Aug 11, 2009          7          4          8     "	8803	2009-08-11	"Tue"	"Evening"	"748"	7	4	8	19	"74"	"48"	11	12
"8802     Tue. Aug 11, 2009          0          8          3     "	8802	2009-08-11	"Tue"	"Midday"	"083"	0	8	3	11	"08"	"83"	8	11
"8801     Mon. Aug 10, 2009          7          3          3     "	8801	2009-08-10	"Mon"	"Evening"	"733"	7	3	3	13	"73"	"33"	10	6
"8800     Mon. Aug 10, 2009          5          3          2     "	8800	2009-08-10	"Mon"	"Midday"	"532"	5	3	2	10	"53"	"32"	8	5
"8799     Sun. Aug 09, 2009          5          5          3     "	8799	2009-08-09	"Sun"	"Evening"	"553"	5	5	3	13	"55"	"53"	10	8
"8798     Sun. Aug 09, 2009          7          2          9     "	8798	2009-08-09	"Sun"	"Midday"	"729"	7	2	9	18	"72"	"29"	9	11
"8797     Sat. Aug 08, 2009          0          2          4     "	8797	2009-08-08	"Sat"	"Evening"	"024"	0	2	4	6	"02"	"24"	2	6
"8796     Sat. Aug 08, 2009          8          8          3     "	8796	2009-08-08	"Sat"	"Midday"	"883"	8	8	3	19	"88"	"83"	16	11
"8795     Fri. Aug 07, 2009          5          0          5     "	8795	2009-08-07	"Fri"	"Evening"	"505"	5	0	5	10	"50"	"05"	5	5
"8794     Fri. Aug 07, 2009          3          9          4     "	8794	2009-08-07	"Fri"	"Midday"	"394"	3	9	4	16	"39"	"94"	12	13
"8793     Thu. Aug 06, 2009          1          3          0     "	8793	2009-08-06	"Thu"	"Evening"	"130"	1	3	0	4	"13"	"30"	4	3
"8792     Thu. Aug 06, 2009          1          1          2     "	8792	2009-08-06	"Thu"	"Midday"	"112"	1	1	2	4	"11"	"12"	2	3
"8791     Wed. Aug 05, 2009          1          2          6     "	8791	2009-08-05	"Wed"	"Evening"	"126"	1	2	6	9	"12"	"26"	3	8
"8790     Wed. Aug 05, 2009          8          8          4     "	8790	2009-08-05	"Wed"	"Midday"	"884"	8	8	4	20	"88"	"84"	16	12
"8789     Tue. Aug 04, 2009          3          0          6     "	8789	2009-08-04	"Tue"	"Evening"	"306"	3	0	6	9	"30"	"06"	3	6
"8788     Tue. Aug 04, 2009          4          7          1     "	8788	2009-08-04	"Tue"	"Midday"	"471"	4	7	1	12	"47"	"71"	11	8
"8787     Mon. Aug 03, 2009          7          4          4     "	8787	2009-08-03	"Mon"	"Evening"	"744"	7	4	4	15	"74"	"44"	11	8
"8786     Mon. Aug 03, 2009          4          0          7     "	8786	2009-08-03	"Mon"	"Midday"	"407"	4	0	7	11	"40"	"07"	4	7
"8785     Sun. Aug 02, 2009          7          6          5     "	8785	2009-08-02	"Sun"	"Evening"	"765"	7	6	5	18	"76"	"65"	13	11
"8784     Sun. Aug 02, 2009          5          0          1     "	8784	2009-08-02	"Sun"	"Midday"	"501"	5	0	1	6	"50"	"01"	5	1
"8783     Sat. Aug 01, 2009          0          7          3     "	8783	2009-08-01	"Sat"	"Evening"	"073"	0	7	3	10	"07"	"73"	7	10
"8782     Sat. Aug 01, 2009          1          8          9     "	8782	2009-08-01	"Sat"	"Midday"	"189"	1	8	9	18	"18"	"89"	9	17
"8781     Fri. Jul 31, 2009          9          0          8     "	8781	2009-07-31	"Fri"	"Evening"	"908"	9	0	8	17	"90"	"08"	9	8
"8780     Fri. Jul 31, 2009          3          8          1     "	8780	2009-07-31	"Fri"	"Midday"	"381"	3	8	1	12	"38"	"81"	11	9
"8779     Thu. Jul 30, 2009          8          6          0     "	8779	2009-07-30	"Thu"	"Evening"	"860"	8	6	0	14	"86"	"60"	14	6
"8778     Thu. Jul 30, 2009          8          1          8     "	8778	2009-07-30	"Thu"	"Midday"	"818"	8	1	8	17	"81"	"18"	9	9
"8777     Wed. Jul 29, 2009          3          8          7     "	8777	2009-07-29	"Wed"	"Evening"	"387"	3	8	7	18	"38"	"87"	11	15
"8776     Wed. Jul 29, 2009          5          4          3     "	8776	2009-07-29	"Wed"	"Midday"	"543"	5	4	3	12	"54"	"43"	9	7
"8775     Tue. Jul 28, 2009          8          0          2     "	8775	2009-07-28	"Tue"	"Evening"	"802"	8	0	2	10	"80"	"02"	8	2
"8774     Tue. Jul 28, 2009          4          3          9     "	8774	2009-07-28	"Tue"	"Midday"	"439"	4	3	9	16	"43"	"39"	7	12
"8773     Mon. Jul 27, 2009          0          9          4     "	8773	2009-07-27	"Mon"	"Evening"	"094"	0	9	4	13	"09"	"94"	9	13
"8772     Mon. Jul 27, 2009          9          4          3     "	8772	2009-07-27	"Mon"	"Midday"	"943"	9	4	3	16	"94"	"43"	13	7
"8771     Sun. Jul 26, 2009          4          1          2     "	8771	2009-07-26	"Sun"	"Evening"	"412"	4	1	2	7	"41"	"12"	5	3
"8770     Sun. Jul 26, 2009          0          2          4     "	8770	2009-07-26	"Sun"	"Midday"	"024"	0	2	4	6	"02"	"24"	2	6
"8769     Sat. Jul 25, 2009          5          6          2     "	8769	2009-07-25	"Sat"	"Evening"	"562"	5	6	2	13	"56"	"62"	11	8
"8768     Sat. Jul 25, 2009          1          0          7     "	8768	2009-07-25	"Sat"	"Midday"	"107"	1	0	7	8	"10"	"07"	1	7
"8767     Fri. Jul 24, 2009          9          8          6     "	8767	2009-07-24	"Fri"	"Evening"	"986"	9	8	6	23	"98"	"86"	17	14
"8766     Fri. Jul 24, 2009          3          1          6     "	8766	2009-07-24	"Fri"	"Midday"	"316"	3	1	6	10	"31"	"16"	4	7
"8765     Thu. Jul 23, 2009          0          4          3     "	8765	2009-07-23	"Thu"	"Evening"	"043"	0	4	3	7	"04"	"43"	4	7
"8764     Thu. Jul 23, 2009          1          6          3     "	8764	2009-07-23	"Thu"	"Midday"	"163"	1	6	3	10	"16"	"63"	7	9
"8763     Wed. Jul 22, 2009          7          0          2     "	8763	2009-07-22	"Wed"	"Evening"	"702"	7	0	2	9	"70"	"02"	7	2
"8762     Wed. Jul 22, 2009          8          9          2     "	8762	2009-07-22	"Wed"	"Midday"	"892"	8	9	2	19	"89"	"92"	17	11
"8761     Tue. Jul 21, 2009          2          4          5     "	8761	2009-07-21	"Tue"	"Evening"	"245"	2	4	5	11	"24"	"45"	6	9
"8760     Tue. Jul 21, 2009          7          5          2     "	8760	2009-07-21	"Tue"	"Midday"	"752"	7	5	2	14	"75"	"52"	12	7
"8759     Mon. Jul 20, 2009          4          5          9     "	8759	2009-07-20	"Mon"	"Evening"	"459"	4	5	9	18	"45"	"59"	9	14
"8758     Mon. Jul 20, 2009          9          0          3     "	8758	2009-07-20	"Mon"	"Midday"	"903"	9	0	3	12	"90"	"03"	9	3
"8757     Sun. Jul 19, 2009          6          8          2     "	8757	2009-07-19	"Sun"	"Evening"	"682"	6	8	2	16	"68"	"82"	14	10
"8756     Sun. Jul 19, 2009          2          5          2     "	8756	2009-07-19	"Sun"	"Midday"	"252"	2	5	2	9	"25"	"52"	7	7
"8755     Sat. Jul 18, 2009          6          3          8     "	8755	2009-07-18	"Sat"	"Evening"	"638"	6	3	8	17	"63"	"38"	9	11
"8754     Sat. Jul 18, 2009          6          0          0     "	8754	2009-07-18	"Sat"	"Midday"	"600"	6	0	0	6	"60"	"00"	6	0
"8753     Fri. Jul 17, 2009          6          9          0     "	8753	2009-07-17	"Fri"	"Evening"	"690"	6	9	0	15	"69"	"90"	15	9
"8752     Fri. Jul 17, 2009          8          5          9     "	8752	2009-07-17	"Fri"	"Midday"	"859"	8	5	9	22	"85"	"59"	13	14
"8751     Thu. Jul 16, 2009          3          8          8     "	8751	2009-07-16	"Thu"	"Evening"	"388"	3	8	8	19	"38"	"88"	11	16
"8750     Thu. Jul 16, 2009          1          1          0     "	8750	2009-07-16	"Thu"	"Midday"	"110"	1	1	0	2	"11"	"10"	2	1
"8749     Wed. Jul 15, 2009          9          8          6     "	8749	2009-07-15	"Wed"	"Evening"	"986"	9	8	6	23	"98"	"86"	17	14
"8748     Wed. Jul 15, 2009          7          6          8     "	8748	2009-07-15	"Wed"	"Midday"	"768"	7	6	8	21	"76"	"68"	13	14
"8747     Tue. Jul 14, 2009          7          2          8     "	8747	2009-07-14	"Tue"	"Evening"	"728"	7	2	8	17	"72"	"28"	9	10
"8746     Tue. Jul 14, 2009          8          7          4     "	8746	2009-07-14	"Tue"	"Midday"	"874"	8	7	4	19	"87"	"74"	15	11
"8745     Mon. Jul 13, 2009          7          8          2     "	8745	2009-07-13	"Mon"	"Evening"	"782"	7	8	2	17	"78"	"82"	15	10
"8744     Mon. Jul 13, 2009          1          2          1     "	8744	2009-07-13	"Mon"	"Midday"	"121"	1	2	1	4	"12"	"21"	3	3
"8743     Sun. Jul 12, 2009          2          9          7     "	8743	2009-07-12	"Sun"	"Evening"	"297"	2	9	7	18	"29"	"97"	11	16
"8742     Sun. Jul 12, 2009          6          3          2     "	8742	2009-07-12	"Sun"	"Midday"	"632"	6	3	2	11	"63"	"32"	9	5
"8741     Sat. Jul 11, 2009          6          5          0     "	8741	2009-07-11	"Sat"	"Evening"	"650"	6	5	0	11	"65"	"50"	11	5
"8740     Sat. Jul 11, 2009          3          7          2     "	8740	2009-07-11	"Sat"	"Midday"	"372"	3	7	2	12	"37"	"72"	10	9
"8739     Fri. Jul 10, 2009          8          3          5     "	8739	2009-07-10	"Fri"	"Evening"	"835"	8	3	5	16	"83"	"35"	11	8
"8738     Fri. Jul 10, 2009          7          8          9     "	8738	2009-07-10	"Fri"	"Midday"	"789"	7	8	9	24	"78"	"89"	15	17
"8737     Thu. Jul 09, 2009          7          3          3     "	8737	2009-07-09	"Thu"	"Evening"	"733"	7	3	3	13	"73"	"33"	10	6
"8736     Thu. Jul 09, 2009          5          5          1     "	8736	2009-07-09	"Thu"	"Midday"	"551"	5	5	1	11	"55"	"51"	10	6
"8735     Wed. Jul 08, 2009          4          1          5     "	8735	2009-07-08	"Wed"	"Evening"	"415"	4	1	5	10	"41"	"15"	5	6
"8734     Wed. Jul 08, 2009          4          0          5     "	8734	2009-07-08	"Wed"	"Midday"	"405"	4	0	5	9	"40"	"05"	4	5
"8733     Tue. Jul 07, 2009          9          7          4     "	8733	2009-07-07	"Tue"	"Evening"	"974"	9	7	4	20	"97"	"74"	16	11
"8732     Tue. Jul 07, 2009          6          9          3     "	8732	2009-07-07	"Tue"	"Midday"	"693"	6	9	3	18	"69"	"93"	15	12
"8731     Mon. Jul 06, 2009          0          4          3     "	8731	2009-07-06	"Mon"	"Evening"	"043"	0	4	3	7	"04"	"43"	4	7
"8730     Mon. Jul 06, 2009          7          3          2     "	8730	2009-07-06	"Mon"	"Midday"	"732"	7	3	2	12	"73"	"32"	10	5
"8729     Sun. Jul 05, 2009          0          3          3     "	8729	2009-07-05	"Sun"	"Evening"	"033"	0	3	3	6	"03"	"33"	3	6
"8728     Sun. Jul 05, 2009          7          6          0     "	8728	2009-07-05	"Sun"	"Midday"	"760"	7	6	0	13	"76"	"60"	13	6
"8727     Sat. Jul 04, 2009          8          8          0     "	8727	2009-07-04	"Sat"	"Evening"	"880"	8	8	0	16	"88"	"80"	16	8
"8726     Sat. Jul 04, 2009          1          7          5     "	8726	2009-07-04	"Sat"	"Midday"	"175"	1	7	5	13	"17"	"75"	8	12
"8725     Fri. Jul 03, 2009          5          0          5     "	8725	2009-07-03	"Fri"	"Evening"	"505"	5	0	5	10	"50"	"05"	5	5
"8724     Fri. Jul 03, 2009          8          4          5     "	8724	2009-07-03	"Fri"	"Midday"	"845"	8	4	5	17	"84"	"45"	12	9
"8723     Thu. Jul 02, 2009          6          6          7     "	8723	2009-07-02	"Thu"	"Evening"	"667"	6	6	7	19	"66"	"67"	12	13
"8722     Thu. Jul 02, 2009          5          2          9     "	8722	2009-07-02	"Thu"	"Midday"	"529"	5	2	9	16	"52"	"29"	7	11
"8721     Wed. Jul 01, 2009          2          8          3     "	8721	2009-07-01	"Wed"	"Evening"	"283"	2	8	3	13	"28"	"83"	10	11
"8720     Wed. Jul 01, 2009          6          4          2     "	8720	2009-07-01	"Wed"	"Midday"	"642"	6	4	2	12	"64"	"42"	10	6
"8719     Tue. Jun 30, 2009          4          4          1     "	8719	2009-06-30	"Tue"	"Evening"	"441"	4	4	1	9	"44"	"41"	8	5
"8718     Tue. Jun 30, 2009          8          8          0     "	8718	2009-06-30	"Tue"	"Midday"	"880"	8	8	0	16	"88"	"80"	16	8
"8717     Mon. Jun 29, 2009          7          6          5     "	8717	2009-06-29	"Mon"	"Evening"	"765"	7	6	5	18	"76"	"65"	13	11
"8716     Mon. Jun 29, 2009          4          8          7     "	8716	2009-06-29	"Mon"	"Midday"	"487"	4	8	7	19	"48"	"87"	12	15
"8715     Sun. Jun 28, 2009          8          2          9     "	8715	2009-06-28	"Sun"	"Evening"	"829"	8	2	9	19	"82"	"29"	10	11
"8714     Sun. Jun 28, 2009          6          3          3     "	8714	2009-06-28	"Sun"	"Midday"	"633"	6	3	3	12	"63"	"33"	9	6
"8713     Sat. Jun 27, 2009          8          6          3     "	8713	2009-06-27	"Sat"	"Evening"	"863"	8	6	3	17	"86"	"63"	14	9
"8712     Sat. Jun 27, 2009          2          3          6     "	8712	2009-06-27	"Sat"	"Midday"	"236"	2	3	6	11	"23"	"36"	5	9
"8711     Fri. Jun 26, 2009          1          6          6     "	8711	2009-06-26	"Fri"	"Evening"	"166"	1	6	6	13	"16"	"66"	7	12
"8710     Fri. Jun 26, 2009          7          4          2     "	8710	2009-06-26	"Fri"	"Midday"	"742"	7	4	2	13	"74"	"42"	11	6
"8709     Thu. Jun 25, 2009          0          6          7     "	8709	2009-06-25	"Thu"	"Evening"	"067"	0	6	7	13	"06"	"67"	6	13
"8708     Thu. Jun 25, 2009          6          6          7     "	8708	2009-06-25	"Thu"	"Midday"	"667"	6	6	7	19	"66"	"67"	12	13
"8707     Wed. Jun 24, 2009          4          8          3     "	8707	2009-06-24	"Wed"	"Evening"	"483"	4	8	3	15	"48"	"83"	12	11
"8706     Wed. Jun 24, 2009          4          3          4     "	8706	2009-06-24	"Wed"	"Midday"	"434"	4	3	4	11	"43"	"34"	7	7
"8705     Tue. Jun 23, 2009          1          2          1     "	8705	2009-06-23	"Tue"	"Evening"	"121"	1	2	1	4	"12"	"21"	3	3
"8704     Tue. Jun 23, 2009          5          1          4     "	8704	2009-06-23	"Tue"	"Midday"	"514"	5	1	4	10	"51"	"14"	6	5
"8703     Mon. Jun 22, 2009          0          0          3     "	8703	2009-06-22	"Mon"	"Evening"	"003"	0	0	3	3	"00"	"03"	0	3
"8702     Mon. Jun 22, 2009          7          4          2     "	8702	2009-06-22	"Mon"	"Midday"	"742"	7	4	2	13	"74"	"42"	11	6
"8701     Sun. Jun 21, 2009          1          6          8     "	8701	2009-06-21	"Sun"	"Evening"	"168"	1	6	8	15	"16"	"68"	7	14
"8700     Sun. Jun 21, 2009          0          1          1     "	8700	2009-06-21	"Sun"	"Midday"	"011"	0	1	1	2	"01"	"11"	1	2
"8699     Sat. Jun 20, 2009          8          0          0     "	8699	2009-06-20	"Sat"	"Evening"	"800"	8	0	0	8	"80"	"00"	8	0
"8698     Sat. Jun 20, 2009          6          7          3     "	8698	2009-06-20	"Sat"	"Midday"	"673"	6	7	3	16	"67"	"73"	13	10
"8697     Fri. Jun 19, 2009          5          7          5     "	8697	2009-06-19	"Fri"	"Evening"	"575"	5	7	5	17	"57"	"75"	12	12
"8696     Fri. Jun 19, 2009          2          7          5     "	8696	2009-06-19	"Fri"	"Midday"	"275"	2	7	5	14	"27"	"75"	9	12
"8695     Thu. Jun 18, 2009          8          6          0     "	8695	2009-06-18	"Thu"	"Evening"	"860"	8	6	0	14	"86"	"60"	14	6
"8694     Thu. Jun 18, 2009          0          8          6     "	8694	2009-06-18	"Thu"	"Midday"	"086"	0	8	6	14	"08"	"86"	8	14
"8693     Wed. Jun 17, 2009          5          0          3     "	8693	2009-06-17	"Wed"	"Evening"	"503"	5	0	3	8	"50"	"03"	5	3
"8692     Wed. Jun 17, 2009          6          5          9     "	8692	2009-06-17	"Wed"	"Midday"	"659"	6	5	9	20	"65"	"59"	11	14
"8691     Tue. Jun 16, 2009          8          7          3     "	8691	2009-06-16	"Tue"	"Evening"	"873"	8	7	3	18	"87"	"73"	15	10
"8690     Tue. Jun 16, 2009          9          9          5     "	8690	2009-06-16	"Tue"	"Midday"	"995"	9	9	5	23	"99"	"95"	18	14
"8689     Mon. Jun 15, 2009          4          9          9     "	8689	2009-06-15	"Mon"	"Evening"	"499"	4	9	9	22	"49"	"99"	13	18
"8688     Mon. Jun 15, 2009          6          0          3     "	8688	2009-06-15	"Mon"	"Midday"	"603"	6	0	3	9	"60"	"03"	6	3
"8687     Sun. Jun 14, 2009          8          1          7     "	8687	2009-06-14	"Sun"	"Evening"	"817"	8	1	7	16	"81"	"17"	9	8
"8686     Sun. Jun 14, 2009          8          6          8     "	8686	2009-06-14	"Sun"	"Midday"	"868"	8	6	8	22	"86"	"68"	14	14
"8685     Sat. Jun 13, 2009          5          0          8     "	8685	2009-06-13	"Sat"	"Evening"	"508"	5	0	8	13	"50"	"08"	5	8
"8684     Sat. Jun 13, 2009          4          0          9     "	8684	2009-06-13	"Sat"	"Midday"	"409"	4	0	9	13	"40"	"09"	4	9
"8683     Fri. Jun 12, 2009          5          1          4     "	8683	2009-06-12	"Fri"	"Evening"	"514"	5	1	4	10	"51"	"14"	6	5
"8682     Fri. Jun 12, 2009          9          9          8     "	8682	2009-06-12	"Fri"	"Midday"	"998"	9	9	8	26	"99"	"98"	18	17
"8681     Thu. Jun 11, 2009          2          6          0     "	8681	2009-06-11	"Thu"	"Evening"	"260"	2	6	0	8	"26"	"60"	8	6
"8680     Thu. Jun 11, 2009          1          3          7     "	8680	2009-06-11	"Thu"	"Midday"	"137"	1	3	7	11	"13"	"37"	4	10
"8679     Wed. Jun 10, 2009          0          8          7     "	8679	2009-06-10	"Wed"	"Evening"	"087"	0	8	7	15	"08"	"87"	8	15
"8678     Wed. Jun 10, 2009          4          4          6     "	8678	2009-06-10	"Wed"	"Midday"	"446"	4	4	6	14	"44"	"46"	8	10
"8677     Tue. Jun 09, 2009          2          4          0     "	8677	2009-06-09	"Tue"	"Evening"	"240"	2	4	0	6	"24"	"40"	6	4
"8676     Tue. Jun 09, 2009          5          2          7     "	8676	2009-06-09	"Tue"	"Midday"	"527"	5	2	7	14	"52"	"27"	7	9
"8675     Mon. Jun 08, 2009          3          2          7     "	8675	2009-06-08	"Mon"	"Evening"	"327"	3	2	7	12	"32"	"27"	5	9
"8674     Mon. Jun 08, 2009          9          2          3     "	8674	2009-06-08	"Mon"	"Midday"	"923"	9	2	3	14	"92"	"23"	11	5
"8673     Sun. Jun 07, 2009          7          6          8     "	8673	2009-06-07	"Sun"	"Evening"	"768"	7	6	8	21	"76"	"68"	13	14
"8672     Sun. Jun 07, 2009          6          6          4     "	8672	2009-06-07	"Sun"	"Midday"	"664"	6	6	4	16	"66"	"64"	12	10
"8671     Sat. Jun 06, 2009          2          6          2     "	8671	2009-06-06	"Sat"	"Evening"	"262"	2	6	2	10	"26"	"62"	8	8
"8670     Sat. Jun 06, 2009          5          1          0     "	8670	2009-06-06	"Sat"	"Midday"	"510"	5	1	0	6	"51"	"10"	6	1
"8669     Fri. Jun 05, 2009          4          7          6     "	8669	2009-06-05	"Fri"	"Evening"	"476"	4	7	6	17	"47"	"76"	11	13
"8668     Fri. Jun 05, 2009          6          3          8     "	8668	2009-06-05	"Fri"	"Midday"	"638"	6	3	8	17	"63"	"38"	9	11
"8667     Thu. Jun 04, 2009          4          9          3     "	8667	2009-06-04	"Thu"	"Evening"	"493"	4	9	3	16	"49"	"93"	13	12
"8666     Thu. Jun 04, 2009          1          5          8     "	8666	2009-06-04	"Thu"	"Midday"	"158"	1	5	8	14	"15"	"58"	6	13
"8665     Wed. Jun 03, 2009          4          1          1     "	8665	2009-06-03	"Wed"	"Evening"	"411"	4	1	1	6	"41"	"11"	5	2
"8664     Wed. Jun 03, 2009          1          5          5     "	8664	2009-06-03	"Wed"	"Midday"	"155"	1	5	5	11	"15"	"55"	6	10
"8663     Tue. Jun 02, 2009          7          2          5     "	8663	2009-06-02	"Tue"	"Evening"	"725"	7	2	5	14	"72"	"25"	9	7
"8662     Tue. Jun 02, 2009          4          1          3     "	8662	2009-06-02	"Tue"	"Midday"	"413"	4	1	3	8	"41"	"13"	5	4
"8661     Mon. Jun 01, 2009          9          7          9     "	8661	2009-06-01	"Mon"	"Evening"	"979"	9	7	9	25	"97"	"79"	16	16
"8660     Mon. Jun 01, 2009          4          2          2     "	8660	2009-06-01	"Mon"	"Midday"	"422"	4	2	2	8	"42"	"22"	6	4
"8659     Sun. May 31, 2009          2          8          2     "	8659	2009-05-31	"Sun"	"Evening"	"282"	2	8	2	12	"28"	"82"	10	10
"8658     Sun. May 31, 2009          1          4          8     "	8658	2009-05-31	"Sun"	"Midday"	"148"	1	4	8	13	"14"	"48"	5	12
"8657     Sat. May 30, 2009          9          0          1     "	8657	2009-05-30	"Sat"	"Evening"	"901"	9	0	1	10	"90"	"01"	9	1
"8656     Sat. May 30, 2009          6          9          2     "	8656	2009-05-30	"Sat"	"Midday"	"692"	6	9	2	17	"69"	"92"	15	11
"8655     Fri. May 29, 2009          7          1          9     "	8655	2009-05-29	"Fri"	"Evening"	"719"	7	1	9	17	"71"	"19"	8	10
"8654     Fri. May 29, 2009          1          2          2     "	8654	2009-05-29	"Fri"	"Midday"	"122"	1	2	2	5	"12"	"22"	3	4
"8653     Thu. May 28, 2009          1          8          0     "	8653	2009-05-28	"Thu"	"Evening"	"180"	1	8	0	9	"18"	"80"	9	8
"8652     Thu. May 28, 2009          2          7          6     "	8652	2009-05-28	"Thu"	"Midday"	"276"	2	7	6	15	"27"	"76"	9	13
"8651     Wed. May 27, 2009          0          5          8     "	8651	2009-05-27	"Wed"	"Evening"	"058"	0	5	8	13	"05"	"58"	5	13
"8650     Wed. May 27, 2009          3          3          9     "	8650	2009-05-27	"Wed"	"Midday"	"339"	3	3	9	15	"33"	"39"	6	12
"8649     Tue. May 26, 2009          0          7          5     "	8649	2009-05-26	"Tue"	"Evening"	"075"	0	7	5	12	"07"	"75"	7	12
"8648     Tue. May 26, 2009          4          4          1     "	8648	2009-05-26	"Tue"	"Midday"	"441"	4	4	1	9	"44"	"41"	8	5
"8647     Mon. May 25, 2009          8          9          4     "	8647	2009-05-25	"Mon"	"Evening"	"894"	8	9	4	21	"89"	"94"	17	13
"8646     Mon. May 25, 2009          3          1          8     "	8646	2009-05-25	"Mon"	"Midday"	"318"	3	1	8	12	"31"	"18"	4	9
"8645     Sun. May 24, 2009          4          5          5     "	8645	2009-05-24	"Sun"	"Evening"	"455"	4	5	5	14	"45"	"55"	9	10
"8644     Sun. May 24, 2009          6          9          6     "	8644	2009-05-24	"Sun"	"Midday"	"696"	6	9	6	21	"69"	"96"	15	15
"8643     Sat. May 23, 2009          5          5          0     "	8643	2009-05-23	"Sat"	"Evening"	"550"	5	5	0	10	"55"	"50"	10	5
"8642     Sat. May 23, 2009          4          6          2     "	8642	2009-05-23	"Sat"	"Midday"	"462"	4	6	2	12	"46"	"62"	10	8
"8641     Fri. May 22, 2009          6          0          1     "	8641	2009-05-22	"Fri"	"Evening"	"601"	6	0	1	7	"60"	"01"	6	1
"8640     Fri. May 22, 2009          8          0          4     "	8640	2009-05-22	"Fri"	"Midday"	"804"	8	0	4	12	"80"	"04"	8	4
"8639     Thu. May 21, 2009          9          3          9     "	8639	2009-05-21	"Thu"	"Evening"	"939"	9	3	9	21	"93"	"39"	12	12
"8638     Thu. May 21, 2009          3          1          2     "	8638	2009-05-21	"Thu"	"Midday"	"312"	3	1	2	6	"31"	"12"	4	3
"8637     Wed. May 20, 2009          7          6          2     "	8637	2009-05-20	"Wed"	"Evening"	"762"	7	6	2	15	"76"	"62"	13	8
"8636     Wed. May 20, 2009          8          8          0     "	8636	2009-05-20	"Wed"	"Midday"	"880"	8	8	0	16	"88"	"80"	16	8
"8635     Tue. May 19, 2009          0          3          0     "	8635	2009-05-19	"Tue"	"Evening"	"030"	0	3	0	3	"03"	"30"	3	3
"8634     Tue. May 19, 2009          3          6          7     "	8634	2009-05-19	"Tue"	"Midday"	"367"	3	6	7	16	"36"	"67"	9	13
"8633     Mon. May 18, 2009          6          5          3     "	8633	2009-05-18	"Mon"	"Evening"	"653"	6	5	3	14	"65"	"53"	11	8
"8632     Mon. May 18, 2009          5          8          1     "	8632	2009-05-18	"Mon"	"Midday"	"581"	5	8	1	14	"58"	"81"	13	9
"8631     Sun. May 17, 2009          0          4          7     "	8631	2009-05-17	"Sun"	"Evening"	"047"	0	4	7	11	"04"	"47"	4	11
"8630     Sun. May 17, 2009          0          5          5     "	8630	2009-05-17	"Sun"	"Midday"	"055"	0	5	5	10	"05"	"55"	5	10
"8629     Sat. May 16, 2009          2          5          9     "	8629	2009-05-16	"Sat"	"Evening"	"259"	2	5	9	16	"25"	"59"	7	14
"8628     Sat. May 16, 2009          0          0          1     "	8628	2009-05-16	"Sat"	"Midday"	"001"	0	0	1	1	"00"	"01"	0	1
"8627     Fri. May 15, 2009          6          6          8     "	8627	2009-05-15	"Fri"	"Evening"	"668"	6	6	8	20	"66"	"68"	12	14
"8626     Fri. May 15, 2009          7          7          5     "	8626	2009-05-15	"Fri"	"Midday"	"775"	7	7	5	19	"77"	"75"	14	12
"8625     Thu. May 14, 2009          3          7          9     "	8625	2009-05-14	"Thu"	"Evening"	"379"	3	7	9	19	"37"	"79"	10	16
"8624     Thu. May 14, 2009          5          7          7     "	8624	2009-05-14	"Thu"	"Midday"	"577"	5	7	7	19	"57"	"77"	12	14
"8623     Wed. May 13, 2009          5          7          4     "	8623	2009-05-13	"Wed"	"Evening"	"574"	5	7	4	16	"57"	"74"	12	11
"8622     Wed. May 13, 2009          5          0          8     "	8622	2009-05-13	"Wed"	"Midday"	"508"	5	0	8	13	"50"	"08"	5	8
"8621     Tue. May 12, 2009          0          6          9     "	8621	2009-05-12	"Tue"	"Evening"	"069"	0	6	9	15	"06"	"69"	6	15
"8620     Tue. May 12, 2009          1          0          0     "	8620	2009-05-12	"Tue"	"Midday"	"100"	1	0	0	1	"10"	"00"	1	0
"8619     Mon. May 11, 2009          8          6          9     "	8619	2009-05-11	"Mon"	"Evening"	"869"	8	6	9	23	"86"	"69"	14	15
"8618     Mon. May 11, 2009          0          6          5     "	8618	2009-05-11	"Mon"	"Midday"	"065"	0	6	5	11	"06"	"65"	6	11
"8617     Sun. May 10, 2009          8          5          4     "	8617	2009-05-10	"Sun"	"Evening"	"854"	8	5	4	17	"85"	"54"	13	9
"8616     Sun. May 10, 2009          9          0          9     "	8616	2009-05-10	"Sun"	"Midday"	"909"	9	0	9	18	"90"	"09"	9	9
"8615     Sat. May 09, 2009          8          0          6     "	8615	2009-05-09	"Sat"	"Evening"	"806"	8	0	6	14	"80"	"06"	8	6
"8614     Sat. May 09, 2009          5          0          0     "	8614	2009-05-09	"Sat"	"Midday"	"500"	5	0	0	5	"50"	"00"	5	0
"8613     Fri. May 08, 2009          2          4          1     "	8613	2009-05-08	"Fri"	"Evening"	"241"	2	4	1	7	"24"	"41"	6	5
"8612     Fri. May 08, 2009          3          2          1     "	8612	2009-05-08	"Fri"	"Midday"	"321"	3	2	1	6	"32"	"21"	5	3
"8611     Thu. May 07, 2009          8          5          9     "	8611	2009-05-07	"Thu"	"Evening"	"859"	8	5	9	22	"85"	"59"	13	14
"8610     Thu. May 07, 2009          9          9          0     "	8610	2009-05-07	"Thu"	"Midday"	"990"	9	9	0	18	"99"	"90"	18	9
"8609     Wed. May 06, 2009          2          0          4     "	8609	2009-05-06	"Wed"	"Evening"	"204"	2	0	4	6	"20"	"04"	2	4
"8608     Wed. May 06, 2009          9          4          5     "	8608	2009-05-06	"Wed"	"Midday"	"945"	9	4	5	18	"94"	"45"	13	9
"8607     Tue. May 05, 2009          2          0          9     "	8607	2009-05-05	"Tue"	"Evening"	"209"	2	0	9	11	"20"	"09"	2	9
"8606     Tue. May 05, 2009          1          8          2     "	8606	2009-05-05	"Tue"	"Midday"	"182"	1	8	2	11	"18"	"82"	9	10
"8605     Mon. May 04, 2009          7          4          9     "	8605	2009-05-04	"Mon"	"Evening"	"749"	7	4	9	20	"74"	"49"	11	13
"8604     Mon. May 04, 2009          1          9          7     "	8604	2009-05-04	"Mon"	"Midday"	"197"	1	9	7	17	"19"	"97"	10	16
"8603     Sun. May 03, 2009          8          8          7     "	8603	2009-05-03	"Sun"	"Evening"	"887"	8	8	7	23	"88"	"87"	16	15
"8602     Sun. May 03, 2009          6          1          1     "	8602	2009-05-03	"Sun"	"Midday"	"611"	6	1	1	8	"61"	"11"	7	2
"8601     Sat. May 02, 2009          6          1          9     "	8601	2009-05-02	"Sat"	"Evening"	"619"	6	1	9	16	"61"	"19"	7	10
"8600     Sat. May 02, 2009          4          3          8     "	8600	2009-05-02	"Sat"	"Midday"	"438"	4	3	8	15	"43"	"38"	7	11
"8599     Fri. May 01, 2009          2          5          3     "	8599	2009-05-01	"Fri"	"Evening"	"253"	2	5	3	10	"25"	"53"	7	8
"8598     Fri. May 01, 2009          0          7          9     "	8598	2009-05-01	"Fri"	"Midday"	"079"	0	7	9	16	"07"	"79"	7	16
"8597     Thu. Apr 30, 2009          9          4          6     "	8597	2009-04-30	"Thu"	"Evening"	"946"	9	4	6	19	"94"	"46"	13	10
"8596     Thu. Apr 30, 2009          7          2          3     "	8596	2009-04-30	"Thu"	"Midday"	"723"	7	2	3	12	"72"	"23"	9	5
"8595     Wed. Apr 29, 2009          8          6          2     "	8595	2009-04-29	"Wed"	"Evening"	"862"	8	6	2	16	"86"	"62"	14	8
"8594     Wed. Apr 29, 2009          2          6          0     "	8594	2009-04-29	"Wed"	"Midday"	"260"	2	6	0	8	"26"	"60"	8	6
"8593     Tue. Apr 28, 2009          0          2          5     "	8593	2009-04-28	"Tue"	"Evening"	"025"	0	2	5	7	"02"	"25"	2	7
"8592     Tue. Apr 28, 2009          3          7          4     "	8592	2009-04-28	"Tue"	"Midday"	"374"	3	7	4	14	"37"	"74"	10	11
"8591     Mon. Apr 27, 2009          8          4          7     "	8591	2009-04-27	"Mon"	"Evening"	"847"	8	4	7	19	"84"	"47"	12	11
"8590     Mon. Apr 27, 2009          4          0          7     "	8590	2009-04-27	"Mon"	"Midday"	"407"	4	0	7	11	"40"	"07"	4	7
"8589     Sun. Apr 26, 2009          1          5          2     "	8589	2009-04-26	"Sun"	"Evening"	"152"	1	5	2	8	"15"	"52"	6	7
"8588     Sun. Apr 26, 2009          7          0          2     "	8588	2009-04-26	"Sun"	"Midday"	"702"	7	0	2	9	"70"	"02"	7	2
"8587     Sat. Apr 25, 2009          3          0          0     "	8587	2009-04-25	"Sat"	"Evening"	"300"	3	0	0	3	"30"	"00"	3	0
"8586     Sat. Apr 25, 2009          1          1          4     "	8586	2009-04-25	"Sat"	"Midday"	"114"	1	1	4	6	"11"	"14"	2	5
"8585     Fri. Apr 24, 2009          0          0          4     "	8585	2009-04-24	"Fri"	"Evening"	"004"	0	0	4	4	"00"	"04"	0	4
"8584     Fri. Apr 24, 2009          8          8          3     "	8584	2009-04-24	"Fri"	"Midday"	"883"	8	8	3	19	"88"	"83"	16	11
"8583     Thu. Apr 23, 2009          9          5          9     "	8583	2009-04-23	"Thu"	"Evening"	"959"	9	5	9	23	"95"	"59"	14	14
"8582     Thu. Apr 23, 2009          9          3          6     "	8582	2009-04-23	"Thu"	"Midday"	"936"	9	3	6	18	"93"	"36"	12	9
"8581     Wed. Apr 22, 2009          6          2          0     "	8581	2009-04-22	"Wed"	"Evening"	"620"	6	2	0	8	"62"	"20"	8	2
"8580     Wed. Apr 22, 2009          0          8          8     "	8580	2009-04-22	"Wed"	"Midday"	"088"	0	8	8	16	"08"	"88"	8	16
"8579     Tue. Apr 21, 2009          7          6          6     "	8579	2009-04-21	"Tue"	"Evening"	"766"	7	6	6	19	"76"	"66"	13	12
"8578     Tue. Apr 21, 2009          0          9          9     "	8578	2009-04-21	"Tue"	"Midday"	"099"	0	9	9	18	"09"	"99"	9	18
"8577     Mon. Apr 20, 2009          9          2          0     "	8577	2009-04-20	"Mon"	"Evening"	"920"	9	2	0	11	"92"	"20"	11	2
"8576     Mon. Apr 20, 2009          2          6          3     "	8576	2009-04-20	"Mon"	"Midday"	"263"	2	6	3	11	"26"	"63"	8	9
"8575     Sun. Apr 19, 2009          9          4          8     "	8575	2009-04-19	"Sun"	"Evening"	"948"	9	4	8	21	"94"	"48"	13	12
"8574     Sun. Apr 19, 2009          4          9          0     "	8574	2009-04-19	"Sun"	"Midday"	"490"	4	9	0	13	"49"	"90"	13	9
"8573     Sat. Apr 18, 2009          1          9          0     "	8573	2009-04-18	"Sat"	"Evening"	"190"	1	9	0	10	"19"	"90"	10	9
"8572     Sat. Apr 18, 2009          8          6          1     "	8572	2009-04-18	"Sat"	"Midday"	"861"	8	6	1	15	"86"	"61"	14	7
"8571     Fri. Apr 17, 2009          4          0          6     "	8571	2009-04-17	"Fri"	"Evening"	"406"	4	0	6	10	"40"	"06"	4	6
"8570     Fri. Apr 17, 2009          8          7          9     "	8570	2009-04-17	"Fri"	"Midday"	"879"	8	7	9	24	"87"	"79"	15	16
"8569     Thu. Apr 16, 2009          3          2          3     "	8569	2009-04-16	"Thu"	"Evening"	"323"	3	2	3	8	"32"	"23"	5	5
"8568     Thu. Apr 16, 2009          1          8          1     "	8568	2009-04-16	"Thu"	"Midday"	"181"	1	8	1	10	"18"	"81"	9	9
"8567     Wed. Apr 15, 2009          1          1          1     "	8567	2009-04-15	"Wed"	"Evening"	"111"	1	1	1	3	"11"	"11"	2	2
"8566     Wed. Apr 15, 2009          6          6          6     "	8566	2009-04-15	"Wed"	"Midday"	"666"	6	6	6	18	"66"	"66"	12	12
"8565     Tue. Apr 14, 2009          6          9          2     "	8565	2009-04-14	"Tue"	"Evening"	"692"	6	9	2	17	"69"	"92"	15	11
"8564     Tue. Apr 14, 2009          2          5          1     "	8564	2009-04-14	"Tue"	"Midday"	"251"	2	5	1	8	"25"	"51"	7	6
"8563     Mon. Apr 13, 2009          8          6          9     "	8563	2009-04-13	"Mon"	"Evening"	"869"	8	6	9	23	"86"	"69"	14	15
"8562     Mon. Apr 13, 2009          1          8          9     "	8562	2009-04-13	"Mon"	"Midday"	"189"	1	8	9	18	"18"	"89"	9	17
"8561     Sun. Apr 12, 2009          1          6          6     "	8561	2009-04-12	"Sun"	"Evening"	"166"	1	6	6	13	"16"	"66"	7	12
"8560     Sun. Apr 12, 2009          5          1          0     "	8560	2009-04-12	"Sun"	"Midday"	"510"	5	1	0	6	"51"	"10"	6	1
"8559     Sat. Apr 11, 2009          8          4          4     "	8559	2009-04-11	"Sat"	"Evening"	"844"	8	4	4	16	"84"	"44"	12	8
"8558     Sat. Apr 11, 2009          8          0          0     "	8558	2009-04-11	"Sat"	"Midday"	"800"	8	0	0	8	"80"	"00"	8	0
"8557     Fri. Apr 10, 2009          2          6          3     "	8557	2009-04-10	"Fri"	"Evening"	"263"	2	6	3	11	"26"	"63"	8	9
"8556     Fri. Apr 10, 2009          2          7          3     "	8556	2009-04-10	"Fri"	"Midday"	"273"	2	7	3	12	"27"	"73"	9	10
"8555     Thu. Apr 09, 2009          2          3          4     "	8555	2009-04-09	"Thu"	"Evening"	"234"	2	3	4	9	"23"	"34"	5	7
"8554     Thu. Apr 09, 2009          3          6          0     "	8554	2009-04-09	"Thu"	"Midday"	"360"	3	6	0	9	"36"	"60"	9	6
"8553     Wed. Apr 08, 2009          0          3          0     "	8553	2009-04-08	"Wed"	"Evening"	"030"	0	3	0	3	"03"	"30"	3	3
"8552     Wed. Apr 08, 2009          1          7          1     "	8552	2009-04-08	"Wed"	"Midday"	"171"	1	7	1	9	"17"	"71"	8	8
"8551     Tue. Apr 07, 2009          2          9          9     "	8551	2009-04-07	"Tue"	"Evening"	"299"	2	9	9	20	"29"	"99"	11	18
"8550     Tue. Apr 07, 2009          7          3          8     "	8550	2009-04-07	"Tue"	"Midday"	"738"	7	3	8	18	"73"	"38"	10	11
"8549     Mon. Apr 06, 2009          1          2          4     "	8549	2009-04-06	"Mon"	"Evening"	"124"	1	2	4	7	"12"	"24"	3	6
"8548     Mon. Apr 06, 2009          2          5          2     "	8548	2009-04-06	"Mon"	"Midday"	"252"	2	5	2	9	"25"	"52"	7	7
"8547     Sun. Apr 05, 2009          8          7          0     "	8547	2009-04-05	"Sun"	"Evening"	"870"	8	7	0	15	"87"	"70"	15	7
"8546     Sun. Apr 05, 2009          8          3          8     "	8546	2009-04-05	"Sun"	"Midday"	"838"	8	3	8	19	"83"	"38"	11	11
"8545     Sat. Apr 04, 2009          2          9          8     "	8545	2009-04-04	"Sat"	"Evening"	"298"	2	9	8	19	"29"	"98"	11	17
"8544     Sat. Apr 04, 2009          4          3          8     "	8544	2009-04-04	"Sat"	"Midday"	"438"	4	3	8	15	"43"	"38"	7	11
"8543     Fri. Apr 03, 2009          3          0          8     "	8543	2009-04-03	"Fri"	"Evening"	"308"	3	0	8	11	"30"	"08"	3	8
"8542     Fri. Apr 03, 2009          1          9          1     "	8542	2009-04-03	"Fri"	"Midday"	"191"	1	9	1	11	"19"	"91"	10	10
"8541     Thu. Apr 02, 2009          7          8          4     "	8541	2009-04-02	"Thu"	"Evening"	"784"	7	8	4	19	"78"	"84"	15	12
"8540     Thu. Apr 02, 2009          8          3          3     "	8540	2009-04-02	"Thu"	"Midday"	"833"	8	3	3	14	"83"	"33"	11	6
"8539     Wed. Apr 01, 2009          2          4          0     "	8539	2009-04-01	"Wed"	"Evening"	"240"	2	4	0	6	"24"	"40"	6	4
"8538     Wed. Apr 01, 2009          1          0          3     "	8538	2009-04-01	"Wed"	"Midday"	"103"	1	0	3	4	"10"	"03"	1	3
"8537     Tue. Mar 31, 2009          9          3          4     "	8537	2009-03-31	"Tue"	"Evening"	"934"	9	3	4	16	"93"	"34"	12	7
"8536     Tue. Mar 31, 2009          3          9          6     "	8536	2009-03-31	"Tue"	"Midday"	"396"	3	9	6	18	"39"	"96"	12	15
"8535     Mon. Mar 30, 2009          9          6          7     "	8535	2009-03-30	"Mon"	"Evening"	"967"	9	6	7	22	"96"	"67"	15	13
"8534     Mon. Mar 30, 2009          0          2          1     "	8534	2009-03-30	"Mon"	"Midday"	"021"	0	2	1	3	"02"	"21"	2	3
"8533     Sun. Mar 29, 2009          9          2          0     "	8533	2009-03-29	"Sun"	"Evening"	"920"	9	2	0	11	"92"	"20"	11	2
"8532     Sun. Mar 29, 2009          3          0          8     "	8532	2009-03-29	"Sun"	"Midday"	"308"	3	0	8	11	"30"	"08"	3	8
"8531     Sat. Mar 28, 2009          8          3          3     "	8531	2009-03-28	"Sat"	"Evening"	"833"	8	3	3	14	"83"	"33"	11	6
"8530     Sat. Mar 28, 2009          0          4          7     "	8530	2009-03-28	"Sat"	"Midday"	"047"	0	4	7	11	"04"	"47"	4	11
"8529     Fri. Mar 27, 2009          4          5          4     "	8529	2009-03-27	"Fri"	"Evening"	"454"	4	5	4	13	"45"	"54"	9	9
"8528     Fri. Mar 27, 2009          5          6          3     "	8528	2009-03-27	"Fri"	"Midday"	"563"	5	6	3	14	"56"	"63"	11	9
"8527     Thu. Mar 26, 2009          8          0          2     "	8527	2009-03-26	"Thu"	"Evening"	"802"	8	0	2	10	"80"	"02"	8	2
"8526     Thu. Mar 26, 2009          1          1          9     "	8526	2009-03-26	"Thu"	"Midday"	"119"	1	1	9	11	"11"	"19"	2	10
"8525     Wed. Mar 25, 2009          2          4          6     "	8525	2009-03-25	"Wed"	"Evening"	"246"	2	4	6	12	"24"	"46"	6	10
"8524     Wed. Mar 25, 2009          0          8          2     "	8524	2009-03-25	"Wed"	"Midday"	"082"	0	8	2	10	"08"	"82"	8	10
"8523     Tue. Mar 24, 2009          1          1          1     "	8523	2009-03-24	"Tue"	"Evening"	"111"	1	1	1	3	"11"	"11"	2	2
"8522     Tue. Mar 24, 2009          0          2          5     "	8522	2009-03-24	"Tue"	"Midday"	"025"	0	2	5	7	"02"	"25"	2	7
"8521     Mon. Mar 23, 2009          6          9          3     "	8521	2009-03-23	"Mon"	"Evening"	"693"	6	9	3	18	"69"	"93"	15	12
"8520     Mon. Mar 23, 2009          1          2          0     "	8520	2009-03-23	"Mon"	"Midday"	"120"	1	2	0	3	"12"	"20"	3	2
"8519     Sun. Mar 22, 2009          0          2          2     "	8519	2009-03-22	"Sun"	"Evening"	"022"	0	2	2	4	"02"	"22"	2	4
"8518     Sun. Mar 22, 2009          7          1          6     "	8518	2009-03-22	"Sun"	"Midday"	"716"	7	1	6	14	"71"	"16"	8	7
"8517     Sat. Mar 21, 2009          2          8          6     "	8517	2009-03-21	"Sat"	"Evening"	"286"	2	8	6	16	"28"	"86"	10	14
"8516     Sat. Mar 21, 2009          5          1          1     "	8516	2009-03-21	"Sat"	"Midday"	"511"	5	1	1	7	"51"	"11"	6	2
"8515     Fri. Mar 20, 2009          4          4          5     "	8515	2009-03-20	"Fri"	"Evening"	"445"	4	4	5	13	"44"	"45"	8	9
"8514     Fri. Mar 20, 2009          7          3          7     "	8514	2009-03-20	"Fri"	"Midday"	"737"	7	3	7	17	"73"	"37"	10	10
"8513     Thu. Mar 19, 2009          1          4          3     "	8513	2009-03-19	"Thu"	"Evening"	"143"	1	4	3	8	"14"	"43"	5	7
"8512     Thu. Mar 19, 2009          3          0          3     "	8512	2009-03-19	"Thu"	"Midday"	"303"	3	0	3	6	"30"	"03"	3	3
"8511     Wed. Mar 18, 2009          2          4          1     "	8511	2009-03-18	"Wed"	"Evening"	"241"	2	4	1	7	"24"	"41"	6	5
"8510     Wed. Mar 18, 2009          0          2          9     "	8510	2009-03-18	"Wed"	"Midday"	"029"	0	2	9	11	"02"	"29"	2	11
"8509     Tue. Mar 17, 2009          3          2          2     "	8509	2009-03-17	"Tue"	"Evening"	"322"	3	2	2	7	"32"	"22"	5	4
"8508     Tue. Mar 17, 2009          5          6          7     "	8508	2009-03-17	"Tue"	"Midday"	"567"	5	6	7	18	"56"	"67"	11	13
"8507     Mon. Mar 16, 2009          3          4          5     "	8507	2009-03-16	"Mon"	"Evening"	"345"	3	4	5	12	"34"	"45"	7	9
"8506     Mon. Mar 16, 2009          4          7          0     "	8506	2009-03-16	"Mon"	"Midday"	"470"	4	7	0	11	"47"	"70"	11	7
"8505     Sun. Mar 15, 2009          3          8          6     "	8505	2009-03-15	"Sun"	"Evening"	"386"	3	8	6	17	"38"	"86"	11	14
"8504     Sun. Mar 15, 2009          5          7          5     "	8504	2009-03-15	"Sun"	"Midday"	"575"	5	7	5	17	"57"	"75"	12	12
"8503     Sat. Mar 14, 2009          4          1          1     "	8503	2009-03-14	"Sat"	"Evening"	"411"	4	1	1	6	"41"	"11"	5	2
"8502     Sat. Mar 14, 2009          1          1          5     "	8502	2009-03-14	"Sat"	"Midday"	"115"	1	1	5	7	"11"	"15"	2	6
"8501     Fri. Mar 13, 2009          0          0          3     "	8501	2009-03-13	"Fri"	"Evening"	"003"	0	0	3	3	"00"	"03"	0	3
"8500     Fri. Mar 13, 2009          1          8          9     "	8500	2009-03-13	"Fri"	"Midday"	"189"	1	8	9	18	"18"	"89"	9	17
"8499     Thu. Mar 12, 2009          3          8          1     "	8499	2009-03-12	"Thu"	"Evening"	"381"	3	8	1	12	"38"	"81"	11	9
"8498     Thu. Mar 12, 2009          1          6          6     "	8498	2009-03-12	"Thu"	"Midday"	"166"	1	6	6	13	"16"	"66"	7	12
"8497     Wed. Mar 11, 2009          2          1          2     "	8497	2009-03-11	"Wed"	"Evening"	"212"	2	1	2	5	"21"	"12"	3	3
"8496     Wed. Mar 11, 2009          2          3          8     "	8496	2009-03-11	"Wed"	"Midday"	"238"	2	3	8	13	"23"	"38"	5	11
"8495     Tue. Mar 10, 2009          3          0          6     "	8495	2009-03-10	"Tue"	"Evening"	"306"	3	0	6	9	"30"	"06"	3	6
"8494     Tue. Mar 10, 2009          0          9          2     "	8494	2009-03-10	"Tue"	"Midday"	"092"	0	9	2	11	"09"	"92"	9	11
"8493     Mon. Mar 09, 2009          3          1          1     "	8493	2009-03-09	"Mon"	"Evening"	"311"	3	1	1	5	"31"	"11"	4	2
"8492     Mon. Mar 09, 2009          3          8          7     "	8492	2009-03-09	"Mon"	"Midday"	"387"	3	8	7	18	"38"	"87"	11	15
"8491     Sun. Mar 08, 2009          8          1          6     "	8491	2009-03-08	"Sun"	"Evening"	"816"	8	1	6	15	"81"	"16"	9	7
"8490     Sun. Mar 08, 2009          0          3          0     "	8490	2009-03-08	"Sun"	"Midday"	"030"	0	3	0	3	"03"	"30"	3	3
"8489     Sat. Mar 07, 2009          1          0          6     "	8489	2009-03-07	"Sat"	"Evening"	"106"	1	0	6	7	"10"	"06"	1	6
"8488     Sat. Mar 07, 2009          9          2          1     "	8488	2009-03-07	"Sat"	"Midday"	"921"	9	2	1	12	"92"	"21"	11	3
"8487     Fri. Mar 06, 2009          3          6          8     "	8487	2009-03-06	"Fri"	"Evening"	"368"	3	6	8	17	"36"	"68"	9	14
"8486     Fri. Mar 06, 2009          4          9          5     "	8486	2009-03-06	"Fri"	"Midday"	"495"	4	9	5	18	"49"	"95"	13	14
"8485     Thu. Mar 05, 2009          4          0          6     "	8485	2009-03-05	"Thu"	"Evening"	"406"	4	0	6	10	"40"	"06"	4	6
"8484     Thu. Mar 05, 2009          4          4          7     "	8484	2009-03-05	"Thu"	"Midday"	"447"	4	4	7	15	"44"	"47"	8	11
"8483     Wed. Mar 04, 2009          6          7          6     "	8483	2009-03-04	"Wed"	"Evening"	"676"	6	7	6	19	"67"	"76"	13	13
"8482     Wed. Mar 04, 2009          2          4          0     "	8482	2009-03-04	"Wed"	"Midday"	"240"	2	4	0	6	"24"	"40"	6	4
"8481     Tue. Mar 03, 2009          2          6          6     "	8481	2009-03-03	"Tue"	"Evening"	"266"	2	6	6	14	"26"	"66"	8	12
"8480     Tue. Mar 03, 2009          9          1          4     "	8480	2009-03-03	"Tue"	"Midday"	"914"	9	1	4	14	"91"	"14"	10	5
"8479     Mon. Mar 02, 2009          2          3          9     "	8479	2009-03-02	"Mon"	"Evening"	"239"	2	3	9	14	"23"	"39"	5	12
"8478     Mon. Mar 02, 2009          6          3          6     "	8478	2009-03-02	"Mon"	"Midday"	"636"	6	3	6	15	"63"	"36"	9	9
"8477     Sun. Mar 01, 2009          5          5          3     "	8477	2009-03-01	"Sun"	"Evening"	"553"	5	5	3	13	"55"	"53"	10	8
"8476     Sun. Mar 01, 2009          9          4          7     "	8476	2009-03-01	"Sun"	"Midday"	"947"	9	4	7	20	"94"	"47"	13	11
"8475     Sat. Feb 28, 2009          0          0          9     "	8475	2009-02-28	"Sat"	"Evening"	"009"	0	0	9	9	"00"	"09"	0	9
"8474     Sat. Feb 28, 2009          6          6          7     "	8474	2009-02-28	"Sat"	"Midday"	"667"	6	6	7	19	"66"	"67"	12	13
"8473     Fri. Feb 27, 2009          4          5          5     "	8473	2009-02-27	"Fri"	"Evening"	"455"	4	5	5	14	"45"	"55"	9	10
"8472     Fri. Feb 27, 2009          9          8          6     "	8472	2009-02-27	"Fri"	"Midday"	"986"	9	8	6	23	"98"	"86"	17	14
"8471     Thu. Feb 26, 2009          1          6          0     "	8471	2009-02-26	"Thu"	"Evening"	"160"	1	6	0	7	"16"	"60"	7	6
"8470     Thu. Feb 26, 2009          5          1          0     "	8470	2009-02-26	"Thu"	"Midday"	"510"	5	1	0	6	"51"	"10"	6	1
"8469     Wed. Feb 25, 2009          4          0          8     "	8469	2009-02-25	"Wed"	"Evening"	"408"	4	0	8	12	"40"	"08"	4	8
"8468     Wed. Feb 25, 2009          7          2          7     "	8468	2009-02-25	"Wed"	"Midday"	"727"	7	2	7	16	"72"	"27"	9	9
"8467     Tue. Feb 24, 2009          2          2          8     "	8467	2009-02-24	"Tue"	"Evening"	"228"	2	2	8	12	"22"	"28"	4	10
"8466     Tue. Feb 24, 2009          4          7          8     "	8466	2009-02-24	"Tue"	"Midday"	"478"	4	7	8	19	"47"	"78"	11	15
"8465     Mon. Feb 23, 2009          1          1          0     "	8465	2009-02-23	"Mon"	"Evening"	"110"	1	1	0	2	"11"	"10"	2	1
"8464     Mon. Feb 23, 2009          6          7          0     "	8464	2009-02-23	"Mon"	"Midday"	"670"	6	7	0	13	"67"	"70"	13	7
"8463     Sun. Feb 22, 2009          4          6          2     "	8463	2009-02-22	"Sun"	"Evening"	"462"	4	6	2	12	"46"	"62"	10	8
"8462     Sun. Feb 22, 2009          4          2          9     "	8462	2009-02-22	"Sun"	"Midday"	"429"	4	2	9	15	"42"	"29"	6	11
"8461     Sat. Feb 21, 2009          2          6          5     "	8461	2009-02-21	"Sat"	"Evening"	"265"	2	6	5	13	"26"	"65"	8	11
"8460     Sat. Feb 21, 2009          0          6          8     "	8460	2009-02-21	"Sat"	"Midday"	"068"	0	6	8	14	"06"	"68"	6	14
"8459     Fri. Feb 20, 2009          8          0          8     "	8459	2009-02-20	"Fri"	"Evening"	"808"	8	0	8	16	"80"	"08"	8	8
"8458     Fri. Feb 20, 2009          3          1          8     "	8458	2009-02-20	"Fri"	"Midday"	"318"	3	1	8	12	"31"	"18"	4	9
"8457     Thu. Feb 19, 2009          3          9          2     "	8457	2009-02-19	"Thu"	"Evening"	"392"	3	9	2	14	"39"	"92"	12	11
"8456     Thu. Feb 19, 2009          2          1          7     "	8456	2009-02-19	"Thu"	"Midday"	"217"	2	1	7	10	"21"	"17"	3	8
"8455     Wed. Feb 18, 2009          2          0          2     "	8455	2009-02-18	"Wed"	"Evening"	"202"	2	0	2	4	"20"	"02"	2	2
"8454     Wed. Feb 18, 2009          0          9          4     "	8454	2009-02-18	"Wed"	"Midday"	"094"	0	9	4	13	"09"	"94"	9	13
"8453     Tue. Feb 17, 2009          6          5          8     "	8453	2009-02-17	"Tue"	"Evening"	"658"	6	5	8	19	"65"	"58"	11	13
"8452     Tue. Feb 17, 2009          8          4          3     "	8452	2009-02-17	"Tue"	"Midday"	"843"	8	4	3	15	"84"	"43"	12	7
"8451     Mon. Feb 16, 2009          9          7          2     "	8451	2009-02-16	"Mon"	"Evening"	"972"	9	7	2	18	"97"	"72"	16	9
"8450     Mon. Feb 16, 2009          1          6          6     "	8450	2009-02-16	"Mon"	"Midday"	"166"	1	6	6	13	"16"	"66"	7	12
"8449     Sun. Feb 15, 2009          6          5          9     "	8449	2009-02-15	"Sun"	"Evening"	"659"	6	5	9	20	"65"	"59"	11	14
"8448     Sun. Feb 15, 2009          2          3          9     "	8448	2009-02-15	"Sun"	"Midday"	"239"	2	3	9	14	"23"	"39"	5	12
"8447     Sat. Feb 14, 2009          1          9          5     "	8447	2009-02-14	"Sat"	"Evening"	"195"	1	9	5	15	"19"	"95"	10	14
"8446     Sat. Feb 14, 2009          6          1          2     "	8446	2009-02-14	"Sat"	"Midday"	"612"	6	1	2	9	"61"	"12"	7	3
"8445     Fri. Feb 13, 2009          7          6          9     "	8445	2009-02-13	"Fri"	"Evening"	"769"	7	6	9	22	"76"	"69"	13	15
"8444     Fri. Feb 13, 2009          6          6          9     "	8444	2009-02-13	"Fri"	"Midday"	"669"	6	6	9	21	"66"	"69"	12	15
"8443     Thu. Feb 12, 2009          4          0          5     "	8443	2009-02-12	"Thu"	"Evening"	"405"	4	0	5	9	"40"	"05"	4	5
"8442     Thu. Feb 12, 2009          6          1          0     "	8442	2009-02-12	"Thu"	"Midday"	"610"	6	1	0	7	"61"	"10"	7	1
"8441     Wed. Feb 11, 2009          4          2          1     "	8441	2009-02-11	"Wed"	"Evening"	"421"	4	2	1	7	"42"	"21"	6	3
"8440     Wed. Feb 11, 2009          3          8          9     "	8440	2009-02-11	"Wed"	"Midday"	"389"	3	8	9	20	"38"	"89"	11	17
"8439     Tue. Feb 10, 2009          4          8          2     "	8439	2009-02-10	"Tue"	"Evening"	"482"	4	8	2	14	"48"	"82"	12	10
"8438     Tue. Feb 10, 2009          8          0          2     "	8438	2009-02-10	"Tue"	"Midday"	"802"	8	0	2	10	"80"	"02"	8	2
"8437     Mon. Feb 09, 2009          5          6          8     "	8437	2009-02-09	"Mon"	"Evening"	"568"	5	6	8	19	"56"	"68"	11	14
"8436     Mon. Feb 09, 2009          2          0          4     "	8436	2009-02-09	"Mon"	"Midday"	"204"	2	0	4	6	"20"	"04"	2	4
"8435     Sun. Feb 08, 2009          1          0          8     "	8435	2009-02-08	"Sun"	"Evening"	"108"	1	0	8	9	"10"	"08"	1	8
"8434     Sun. Feb 08, 2009          6          5          3     "	8434	2009-02-08	"Sun"	"Midday"	"653"	6	5	3	14	"65"	"53"	11	8
"8433     Sat. Feb 07, 2009          8          7          5     "	8433	2009-02-07	"Sat"	"Evening"	"875"	8	7	5	20	"87"	"75"	15	12
"8432     Sat. Feb 07, 2009          3          6          6     "	8432	2009-02-07	"Sat"	"Midday"	"366"	3	6	6	15	"36"	"66"	9	12
"8431     Fri. Feb 06, 2009          1          1          9     "	8431	2009-02-06	"Fri"	"Evening"	"119"	1	1	9	11	"11"	"19"	2	10
"8430     Fri. Feb 06, 2009          1          9          8     "	8430	2009-02-06	"Fri"	"Midday"	"198"	1	9	8	18	"19"	"98"	10	17
"8429     Thu. Feb 05, 2009          9          7          5     "	8429	2009-02-05	"Thu"	"Evening"	"975"	9	7	5	21	"97"	"75"	16	12
"8428     Thu. Feb 05, 2009          7          1          9     "	8428	2009-02-05	"Thu"	"Midday"	"719"	7	1	9	17	"71"	"19"	8	10
"8427     Wed. Feb 04, 2009          8          2          2     "	8427	2009-02-04	"Wed"	"Evening"	"822"	8	2	2	12	"82"	"22"	10	4
"8426     Wed. Feb 04, 2009          2          8          5     "	8426	2009-02-04	"Wed"	"Midday"	"285"	2	8	5	15	"28"	"85"	10	13
"8425     Tue. Feb 03, 2009          8          3          9     "	8425	2009-02-03	"Tue"	"Evening"	"839"	8	3	9	20	"83"	"39"	11	12
"8424     Tue. Feb 03, 2009          5          5          1     "	8424	2009-02-03	"Tue"	"Midday"	"551"	5	5	1	11	"55"	"51"	10	6
"8423     Mon. Feb 02, 2009          9          4          7     "	8423	2009-02-02	"Mon"	"Evening"	"947"	9	4	7	20	"94"	"47"	13	11
"8422     Mon. Feb 02, 2009          1          6          0     "	8422	2009-02-02	"Mon"	"Midday"	"160"	1	6	0	7	"16"	"60"	7	6
"8421     Sun. Feb 01, 2009          6          4          2     "	8421	2009-02-01	"Sun"	"Evening"	"642"	6	4	2	12	"64"	"42"	10	6
"8420     Sun. Feb 01, 2009          9          1          2     "	8420	2009-02-01	"Sun"	"Midday"	"912"	9	1	2	12	"91"	"12"	10	3
"8419     Sat. Jan 31, 2009          6          8          6     "	8419	2009-01-31	"Sat"	"Evening"	"686"	6	8	6	20	"68"	"86"	14	14
"8418     Sat. Jan 31, 2009          3          9          0     "	8418	2009-01-31	"Sat"	"Midday"	"390"	3	9	0	12	"39"	"90"	12	9
"8417     Fri. Jan 30, 2009          7          8          4     "	8417	2009-01-30	"Fri"	"Evening"	"784"	7	8	4	19	"78"	"84"	15	12
"8416     Fri. Jan 30, 2009          9          0          0     "	8416	2009-01-30	"Fri"	"Midday"	"900"	9	0	0	9	"90"	"00"	9	0
"8415     Thu. Jan 29, 2009          7          6          4     "	8415	2009-01-29	"Thu"	"Evening"	"764"	7	6	4	17	"76"	"64"	13	10
"8414     Thu. Jan 29, 2009          9          2          0     "	8414	2009-01-29	"Thu"	"Midday"	"920"	9	2	0	11	"92"	"20"	11	2
"8413     Wed. Jan 28, 2009          1          5          8     "	8413	2009-01-28	"Wed"	"Evening"	"158"	1	5	8	14	"15"	"58"	6	13
"8412     Wed. Jan 28, 2009          6          4          8     "	8412	2009-01-28	"Wed"	"Midday"	"648"	6	4	8	18	"64"	"48"	10	12
"8411     Tue. Jan 27, 2009          4          5          2     "	8411	2009-01-27	"Tue"	"Evening"	"452"	4	5	2	11	"45"	"52"	9	7
"8410     Tue. Jan 27, 2009          0          9          4     "	8410	2009-01-27	"Tue"	"Midday"	"094"	0	9	4	13	"09"	"94"	9	13
"8409     Mon. Jan 26, 2009          2          3          9     "	8409	2009-01-26	"Mon"	"Evening"	"239"	2	3	9	14	"23"	"39"	5	12
"8408     Mon. Jan 26, 2009          4          2          3     "	8408	2009-01-26	"Mon"	"Midday"	"423"	4	2	3	9	"42"	"23"	6	5
"8407     Sun. Jan 25, 2009          5          0          3     "	8407	2009-01-25	"Sun"	"Evening"	"503"	5	0	3	8	"50"	"03"	5	3
"8406     Sun. Jan 25, 2009          4          9          4     "	8406	2009-01-25	"Sun"	"Midday"	"494"	4	9	4	17	"49"	"94"	13	13
"8405     Sat. Jan 24, 2009          2          6          7     "	8405	2009-01-24	"Sat"	"Evening"	"267"	2	6	7	15	"26"	"67"	8	13
"8404     Sat. Jan 24, 2009          0          2          9     "	8404	2009-01-24	"Sat"	"Midday"	"029"	0	2	9	11	"02"	"29"	2	11
"8403     Fri. Jan 23, 2009          8          4          3     "	8403	2009-01-23	"Fri"	"Evening"	"843"	8	4	3	15	"84"	"43"	12	7
"8402     Fri. Jan 23, 2009          4          6          6     "	8402	2009-01-23	"Fri"	"Midday"	"466"	4	6	6	16	"46"	"66"	10	12
"8401     Thu. Jan 22, 2009          6          2          7     "	8401	2009-01-22	"Thu"	"Evening"	"627"	6	2	7	15	"62"	"27"	8	9
"8400     Thu. Jan 22, 2009          5          0          5     "	8400	2009-01-22	"Thu"	"Midday"	"505"	5	0	5	10	"50"	"05"	5	5
"8399     Wed. Jan 21, 2009          3          1          5     "	8399	2009-01-21	"Wed"	"Evening"	"315"	3	1	5	9	"31"	"15"	4	6
"8398     Wed. Jan 21, 2009          4          5          1     "	8398	2009-01-21	"Wed"	"Midday"	"451"	4	5	1	10	"45"	"51"	9	6
"8397     Tue. Jan 20, 2009          1          3          1     "	8397	2009-01-20	"Tue"	"Evening"	"131"	1	3	1	5	"13"	"31"	4	4
"8396     Tue. Jan 20, 2009          5          9          0     "	8396	2009-01-20	"Tue"	"Midday"	"590"	5	9	0	14	"59"	"90"	14	9
"8395     Mon. Jan 19, 2009          1          5          9     "	8395	2009-01-19	"Mon"	"Evening"	"159"	1	5	9	15	"15"	"59"	6	14
"8394     Mon. Jan 19, 2009          7          6          6     "	8394	2009-01-19	"Mon"	"Midday"	"766"	7	6	6	19	"76"	"66"	13	12
"8393     Sun. Jan 18, 2009          3          5          2     "	8393	2009-01-18	"Sun"	"Evening"	"352"	3	5	2	10	"35"	"52"	8	7
"8392     Sun. Jan 18, 2009          3          6          4     "	8392	2009-01-18	"Sun"	"Midday"	"364"	3	6	4	13	"36"	"64"	9	10
"8391     Sat. Jan 17, 2009          7          8          6     "	8391	2009-01-17	"Sat"	"Evening"	"786"	7	8	6	21	"78"	"86"	15	14
"8390     Sat. Jan 17, 2009          2          7          0     "	8390	2009-01-17	"Sat"	"Midday"	"270"	2	7	0	9	"27"	"70"	9	7
"8389     Fri. Jan 16, 2009          5          9          5     "	8389	2009-01-16	"Fri"	"Evening"	"595"	5	9	5	19	"59"	"95"	14	14
"8388     Fri. Jan 16, 2009          0          4          8     "	8388	2009-01-16	"Fri"	"Midday"	"048"	0	4	8	12	"04"	"48"	4	12
"8387     Thu. Jan 15, 2009          0          5          6     "	8387	2009-01-15	"Thu"	"Evening"	"056"	0	5	6	11	"05"	"56"	5	11
"8386     Thu. Jan 15, 2009          3          0          6     "	8386	2009-01-15	"Thu"	"Midday"	"306"	3	0	6	9	"30"	"06"	3	6
"8385     Wed. Jan 14, 2009          5          3          1     "	8385	2009-01-14	"Wed"	"Evening"	"531"	5	3	1	9	"53"	"31"	8	4
"8384     Wed. Jan 14, 2009          8          8          1     "	8384	2009-01-14	"Wed"	"Midday"	"881"	8	8	1	17	"88"	"81"	16	9
"8383     Tue. Jan 13, 2009          0          6          7     "	8383	2009-01-13	"Tue"	"Evening"	"067"	0	6	7	13	"06"	"67"	6	13
"8382     Tue. Jan 13, 2009          7          0          7     "	8382	2009-01-13	"Tue"	"Midday"	"707"	7	0	7	14	"70"	"07"	7	7
"8381     Mon. Jan 12, 2009          5          1          8     "	8381	2009-01-12	"Mon"	"Evening"	"518"	5	1	8	14	"51"	"18"	6	9
"8380     Mon. Jan 12, 2009          2          1          6     "	8380	2009-01-12	"Mon"	"Midday"	"216"	2	1	6	9	"21"	"16"	3	7
"8379     Sun. Jan 11, 2009          9          1          4     "	8379	2009-01-11	"Sun"	"Evening"	"914"	9	1	4	14	"91"	"14"	10	5
"8378     Sun. Jan 11, 2009          0          5          8     "	8378	2009-01-11	"Sun"	"Midday"	"058"	0	5	8	13	"05"	"58"	5	13
"8377     Sat. Jan 10, 2009          3          6          2     "	8377	2009-01-10	"Sat"	"Evening"	"362"	3	6	2	11	"36"	"62"	9	8
"8376     Sat. Jan 10, 2009          9          3          1     "	8376	2009-01-10	"Sat"	"Midday"	"931"	9	3	1	13	"93"	"31"	12	4
"8375     Fri. Jan 09, 2009          5          3          3     "	8375	2009-01-09	"Fri"	"Evening"	"533"	5	3	3	11	"53"	"33"	8	6
"8374     Fri. Jan 09, 2009          2          1          3     "	8374	2009-01-09	"Fri"	"Midday"	"213"	2	1	3	6	"21"	"13"	3	4
"8373     Thu. Jan 08, 2009          7          1          3     "	8373	2009-01-08	"Thu"	"Evening"	"713"	7	1	3	11	"71"	"13"	8	4
"8372     Thu. Jan 08, 2009          1          8          6     "	8372	2009-01-08	"Thu"	"Midday"	"186"	1	8	6	15	"18"	"86"	9	14
"8371     Wed. Jan 07, 2009          6          8          9     "	8371	2009-01-07	"Wed"	"Evening"	"689"	6	8	9	23	"68"	"89"	14	17
"8370     Wed. Jan 07, 2009          3          0          5     "	8370	2009-01-07	"Wed"	"Midday"	"305"	3	0	5	8	"30"	"05"	3	5
"8369     Tue. Jan 06, 2009          7          9          8     "	8369	2009-01-06	"Tue"	"Evening"	"798"	7	9	8	24	"79"	"98"	16	17
"8368     Tue. Jan 06, 2009          8          9          6     "	8368	2009-01-06	"Tue"	"Midday"	"896"	8	9	6	23	"89"	"96"	17	15
"8367     Mon. Jan 05, 2009          6          8          6     "	8367	2009-01-05	"Mon"	"Evening"	"686"	6	8	6	20	"68"	"86"	14	14
"8366     Mon. Jan 05, 2009          6          4          5     "	8366	2009-01-05	"Mon"	"Midday"	"645"	6	4	5	15	"64"	"45"	10	9
"8365     Sun. Jan 04, 2009          4          3          6     "	8365	2009-01-04	"Sun"	"Evening"	"436"	4	3	6	13	"43"	"36"	7	9
"8364     Sun. Jan 04, 2009          7          6          0     "	8364	2009-01-04	"Sun"	"Midday"	"760"	7	6	0	13	"76"	"60"	13	6
"8363     Sat. Jan 03, 2009          6          5          9     "	8363	2009-01-03	"Sat"	"Evening"	"659"	6	5	9	20	"65"	"59"	11	14
"8362     Sat. Jan 03, 2009          7          6          8     "	8362	2009-01-03	"Sat"	"Midday"	"768"	7	6	8	21	"76"	"68"	13	14
"8361     Fri. Jan 02, 2009          9          6          9     "	8361	2009-01-02	"Fri"	"Evening"	"969"	9	6	9	24	"96"	"69"	15	15
"8360     Fri. Jan 02, 2009          5          4          4     "	8360	2009-01-02	"Fri"	"Midday"	"544"	5	4	4	13	"54"	"44"	9	8
"8359     Thu. Jan 01, 2009          6          2          1     "	8359	2009-01-01	"Thu"	"Evening"	"621"	6	2	1	9	"62"	"21"	8	3
"8358     Thu. Jan 01, 2009          0          7          3     "	8358	2009-01-01	"Thu"	"Midday"	"073"	0	7	3	10	"07"	"73"	7	10
"8357     Wed. Dec 31, 2008          6          6          3     "	8357	2008-12-31	"Wed"	"Evening"	"663"	6	6	3	15	"66"	"63"	12	9
"8356     Wed. Dec 31, 2008          6          7          9     "	8356	2008-12-31	"Wed"	"Midday"	"679"	6	7	9	22	"67"	"79"	13	16
"8355     Tue. Dec 30, 2008          9          5          4     "	8355	2008-12-30	"Tue"	"Evening"	"954"	9	5	4	18	"95"	"54"	14	9
"8354     Tue. Dec 30, 2008          3          7          2     "	8354	2008-12-30	"Tue"	"Midday"	"372"	3	7	2	12	"37"	"72"	10	9
"8353     Mon. Dec 29, 2008          2          1          2     "	8353	2008-12-29	"Mon"	"Evening"	"212"	2	1	2	5	"21"	"12"	3	3
"8352     Mon. Dec 29, 2008          9          5          8     "	8352	2008-12-29	"Mon"	"Midday"	"958"	9	5	8	22	"95"	"58"	14	13
"8351     Sun. Dec 28, 2008          3          9          6     "	8351	2008-12-28	"Sun"	"Evening"	"396"	3	9	6	18	"39"	"96"	12	15
"8350     Sun. Dec 28, 2008          4          7          5     "	8350	2008-12-28	"Sun"	"Midday"	"475"	4	7	5	16	"47"	"75"	11	12
"8349     Sat. Dec 27, 2008          3          4          5     "	8349	2008-12-27	"Sat"	"Evening"	"345"	3	4	5	12	"34"	"45"	7	9
"8348     Sat. Dec 27, 2008          0          8          1     "	8348	2008-12-27	"Sat"	"Midday"	"081"	0	8	1	9	"08"	"81"	8	9
"8347     Fri. Dec 26, 2008          8          5          3     "	8347	2008-12-26	"Fri"	"Evening"	"853"	8	5	3	16	"85"	"53"	13	8
"8346     Fri. Dec 26, 2008          6          1          4     "	8346	2008-12-26	"Fri"	"Midday"	"614"	6	1	4	11	"61"	"14"	7	5
"8345     Thu. Dec 25, 2008          0          3          4     "	8345	2008-12-25	"Thu"	"Evening"	"034"	0	3	4	7	"03"	"34"	3	7
"8344     Thu. Dec 25, 2008          1          1          0     "	8344	2008-12-25	"Thu"	"Midday"	"110"	1	1	0	2	"11"	"10"	2	1
"8343     Wed. Dec 24, 2008          1          3          2     "	8343	2008-12-24	"Wed"	"Evening"	"132"	1	3	2	6	"13"	"32"	4	5
"8342     Wed. Dec 24, 2008          9          1          3     "	8342	2008-12-24	"Wed"	"Midday"	"913"	9	1	3	13	"91"	"13"	10	4
"8341     Tue. Dec 23, 2008          6          8          3     "	8341	2008-12-23	"Tue"	"Evening"	"683"	6	8	3	17	"68"	"83"	14	11
"8340     Tue. Dec 23, 2008          0          8          2     "	8340	2008-12-23	"Tue"	"Midday"	"082"	0	8	2	10	"08"	"82"	8	10
"8339     Mon. Dec 22, 2008          4          3          3     "	8339	2008-12-22	"Mon"	"Evening"	"433"	4	3	3	10	"43"	"33"	7	6
"8338     Mon. Dec 22, 2008          9          5          6     "	8338	2008-12-22	"Mon"	"Midday"	"956"	9	5	6	20	"95"	"56"	14	11
"8337     Sun. Dec 21, 2008          7          9          7     "	8337	2008-12-21	"Sun"	"Evening"	"797"	7	9	7	23	"79"	"97"	16	16
"8336     Sun. Dec 21, 2008          7          2          8     "	8336	2008-12-21	"Sun"	"Midday"	"728"	7	2	8	17	"72"	"28"	9	10
"8335     Sat. Dec 20, 2008          9          8          0     "	8335	2008-12-20	"Sat"	"Evening"	"980"	9	8	0	17	"98"	"80"	17	8
"8334     Sat. Dec 20, 2008          9          1          7     "	8334	2008-12-20	"Sat"	"Midday"	"917"	9	1	7	17	"91"	"17"	10	8
"8333     Fri. Dec 19, 2008          6          0          5     "	8333	2008-12-19	"Fri"	"Evening"	"605"	6	0	5	11	"60"	"05"	6	5
"8332     Fri. Dec 19, 2008          5          1          9     "	8332	2008-12-19	"Fri"	"Midday"	"519"	5	1	9	15	"51"	"19"	6	10
"8331     Thu. Dec 18, 2008          6          7          4     "	8331	2008-12-18	"Thu"	"Evening"	"674"	6	7	4	17	"67"	"74"	13	11
"8330     Thu. Dec 18, 2008          4          0          3     "	8330	2008-12-18	"Thu"	"Midday"	"403"	4	0	3	7	"40"	"03"	4	3
"8329     Wed. Dec 17, 2008          5          1          7     "	8329	2008-12-17	"Wed"	"Evening"	"517"	5	1	7	13	"51"	"17"	6	8
"8328     Wed. Dec 17, 2008          5          9          0     "	8328	2008-12-17	"Wed"	"Midday"	"590"	5	9	0	14	"59"	"90"	14	9
"8327     Tue. Dec 16, 2008          6          5          4     "	8327	2008-12-16	"Tue"	"Evening"	"654"	6	5	4	15	"65"	"54"	11	9
"8326     Tue. Dec 16, 2008          5          4          5     "	8326	2008-12-16	"Tue"	"Midday"	"545"	5	4	5	14	"54"	"45"	9	9
"8325     Mon. Dec 15, 2008          7          5          0     "	8325	2008-12-15	"Mon"	"Evening"	"750"	7	5	0	12	"75"	"50"	12	5
"8324     Mon. Dec 15, 2008          8          2          9     "	8324	2008-12-15	"Mon"	"Midday"	"829"	8	2	9	19	"82"	"29"	10	11
"8323     Sun. Dec 14, 2008          3          9          3     "	8323	2008-12-14	"Sun"	"Evening"	"393"	3	9	3	15	"39"	"93"	12	12
"8322     Sun. Dec 14, 2008          5          3          1     "	8322	2008-12-14	"Sun"	"Midday"	"531"	5	3	1	9	"53"	"31"	8	4
"8321     Sat. Dec 13, 2008          6          2          2     "	8321	2008-12-13	"Sat"	"Evening"	"622"	6	2	2	10	"62"	"22"	8	4
"8320     Sat. Dec 13, 2008          5          4          7     "	8320	2008-12-13	"Sat"	"Midday"	"547"	5	4	7	16	"54"	"47"	9	11
"8319     Fri. Dec 12, 2008          3          6          8     "	8319	2008-12-12	"Fri"	"Evening"	"368"	3	6	8	17	"36"	"68"	9	14
"8318     Fri. Dec 12, 2008          3          7          4     "	8318	2008-12-12	"Fri"	"Midday"	"374"	3	7	4	14	"37"	"74"	10	11
"8317     Thu. Dec 11, 2008          9          6          6     "	8317	2008-12-11	"Thu"	"Evening"	"966"	9	6	6	21	"96"	"66"	15	12
"8316     Thu. Dec 11, 2008          1          5          8     "	8316	2008-12-11	"Thu"	"Midday"	"158"	1	5	8	14	"15"	"58"	6	13
"8315     Wed. Dec 10, 2008          4          9          3     "	8315	2008-12-10	"Wed"	"Evening"	"493"	4	9	3	16	"49"	"93"	13	12
"8314     Wed. Dec 10, 2008          2          0          8     "	8314	2008-12-10	"Wed"	"Midday"	"208"	2	0	8	10	"20"	"08"	2	8
"8313     Tue. Dec 09, 2008          2          3          6     "	8313	2008-12-09	"Tue"	"Evening"	"236"	2	3	6	11	"23"	"36"	5	9
"8312     Tue. Dec 09, 2008          7          7          7     "	8312	2008-12-09	"Tue"	"Midday"	"777"	7	7	7	21	"77"	"77"	14	14
"8311     Mon. Dec 08, 2008          1          2          6     "	8311	2008-12-08	"Mon"	"Evening"	"126"	1	2	6	9	"12"	"26"	3	8
"8310     Mon. Dec 08, 2008          6          6          0     "	8310	2008-12-08	"Mon"	"Midday"	"660"	6	6	0	12	"66"	"60"	12	6
"8309     Sun. Dec 07, 2008          1          3          5     "	8309	2008-12-07	"Sun"	"Evening"	"135"	1	3	5	9	"13"	"35"	4	8
"8308     Sun. Dec 07, 2008          2          4          5     "	8308	2008-12-07	"Sun"	"Midday"	"245"	2	4	5	11	"24"	"45"	6	9
"8307     Sat. Dec 06, 2008          4          0          1     "	8307	2008-12-06	"Sat"	"Evening"	"401"	4	0	1	5	"40"	"01"	4	1
"8306     Sat. Dec 06, 2008          6          4          9     "	8306	2008-12-06	"Sat"	"Midday"	"649"	6	4	9	19	"64"	"49"	10	13
"8305     Fri. Dec 05, 2008          9          4          7     "	8305	2008-12-05	"Fri"	"Evening"	"947"	9	4	7	20	"94"	"47"	13	11
"8304     Fri. Dec 05, 2008          5          9          8     "	8304	2008-12-05	"Fri"	"Midday"	"598"	5	9	8	22	"59"	"98"	14	17
"8303     Thu. Dec 04, 2008          5          4          0     "	8303	2008-12-04	"Thu"	"Evening"	"540"	5	4	0	9	"54"	"40"	9	4
"8302     Thu. Dec 04, 2008          0          8          0     "	8302	2008-12-04	"Thu"	"Midday"	"080"	0	8	0	8	"08"	"80"	8	8
"8301     Wed. Dec 03, 2008          8          2          6     "	8301	2008-12-03	"Wed"	"Evening"	"826"	8	2	6	16	"82"	"26"	10	8
"8300     Wed. Dec 03, 2008          3          6          9     "	8300	2008-12-03	"Wed"	"Midday"	"369"	3	6	9	18	"36"	"69"	9	15
"8299     Tue. Dec 02, 2008          7          3          9     "	8299	2008-12-02	"Tue"	"Evening"	"739"	7	3	9	19	"73"	"39"	10	12
"8298     Tue. Dec 02, 2008          4          5          2     "	8298	2008-12-02	"Tue"	"Midday"	"452"	4	5	2	11	"45"	"52"	9	7
"8297     Mon. Dec 01, 2008          1          6          4     "	8297	2008-12-01	"Mon"	"Evening"	"164"	1	6	4	11	"16"	"64"	7	10
"8296     Mon. Dec 01, 2008          8          1          2     "	8296	2008-12-01	"Mon"	"Midday"	"812"	8	1	2	11	"81"	"12"	9	3
"8295     Sun. Nov 30, 2008          9          4          5     "	8295	2008-11-30	"Sun"	"Evening"	"945"	9	4	5	18	"94"	"45"	13	9
"8294     Sun. Nov 30, 2008          2          3          2     "	8294	2008-11-30	"Sun"	"Midday"	"232"	2	3	2	7	"23"	"32"	5	5
"8293     Sat. Nov 29, 2008          7          2          0     "	8293	2008-11-29	"Sat"	"Evening"	"720"	7	2	0	9	"72"	"20"	9	2
"8292     Sat. Nov 29, 2008          2          6          3     "	8292	2008-11-29	"Sat"	"Midday"	"263"	2	6	3	11	"26"	"63"	8	9
"8291     Fri. Nov 28, 2008          8          8          7     "	8291	2008-11-28	"Fri"	"Evening"	"887"	8	8	7	23	"88"	"87"	16	15
"8290     Fri. Nov 28, 2008          7          9          6     "	8290	2008-11-28	"Fri"	"Midday"	"796"	7	9	6	22	"79"	"96"	16	15
"8289     Thu. Nov 27, 2008          1          8          0     "	8289	2008-11-27	"Thu"	"Evening"	"180"	1	8	0	9	"18"	"80"	9	8
"8288     Thu. Nov 27, 2008          2          1          1     "	8288	2008-11-27	"Thu"	"Midday"	"211"	2	1	1	4	"21"	"11"	3	2
"8287     Wed. Nov 26, 2008          5          9          4     "	8287	2008-11-26	"Wed"	"Evening"	"594"	5	9	4	18	"59"	"94"	14	13
"8286     Wed. Nov 26, 2008          7          0          0     "	8286	2008-11-26	"Wed"	"Midday"	"700"	7	0	0	7	"70"	"00"	7	0
"8285     Tue. Nov 25, 2008          0          6          1     "	8285	2008-11-25	"Tue"	"Evening"	"061"	0	6	1	7	"06"	"61"	6	7
"8284     Tue. Nov 25, 2008          2          4          9     "	8284	2008-11-25	"Tue"	"Midday"	"249"	2	4	9	15	"24"	"49"	6	13
"8283     Mon. Nov 24, 2008          4          6          1     "	8283	2008-11-24	"Mon"	"Evening"	"461"	4	6	1	11	"46"	"61"	10	7
"8282     Mon. Nov 24, 2008          3          5          5     "	8282	2008-11-24	"Mon"	"Midday"	"355"	3	5	5	13	"35"	"55"	8	10
"8281     Sun. Nov 23, 2008          4          3          5     "	8281	2008-11-23	"Sun"	"Evening"	"435"	4	3	5	12	"43"	"35"	7	8
"8280     Sun. Nov 23, 2008          5          5          7     "	8280	2008-11-23	"Sun"	"Midday"	"557"	5	5	7	17	"55"	"57"	10	12
"8279     Sat. Nov 22, 2008          8          3          2     "	8279	2008-11-22	"Sat"	"Evening"	"832"	8	3	2	13	"83"	"32"	11	5
"8278     Sat. Nov 22, 2008          3          4          8     "	8278	2008-11-22	"Sat"	"Midday"	"348"	3	4	8	15	"34"	"48"	7	12
"8277     Fri. Nov 21, 2008          1          0          9     "	8277	2008-11-21	"Fri"	"Evening"	"109"	1	0	9	10	"10"	"09"	1	9
"8276     Fri. Nov 21, 2008          1          5          4     "	8276	2008-11-21	"Fri"	"Midday"	"154"	1	5	4	10	"15"	"54"	6	9
"8275     Thu. Nov 20, 2008          9          9          5     "	8275	2008-11-20	"Thu"	"Evening"	"995"	9	9	5	23	"99"	"95"	18	14
"8274     Thu. Nov 20, 2008          4          6          4     "	8274	2008-11-20	"Thu"	"Midday"	"464"	4	6	4	14	"46"	"64"	10	10
"8273     Wed. Nov 19, 2008          0          1          1     "	8273	2008-11-19	"Wed"	"Evening"	"011"	0	1	1	2	"01"	"11"	1	2
"8272     Wed. Nov 19, 2008          7          1          1     "	8272	2008-11-19	"Wed"	"Midday"	"711"	7	1	1	9	"71"	"11"	8	2
"8271     Tue. Nov 18, 2008          5          4          2     "	8271	2008-11-18	"Tue"	"Evening"	"542"	5	4	2	11	"54"	"42"	9	6
"8270     Tue. Nov 18, 2008          3          2          4     "	8270	2008-11-18	"Tue"	"Midday"	"324"	3	2	4	9	"32"	"24"	5	6
"8269     Mon. Nov 17, 2008          9          9          1     "	8269	2008-11-17	"Mon"	"Evening"	"991"	9	9	1	19	"99"	"91"	18	10
"8268     Mon. Nov 17, 2008          9          4          3     "	8268	2008-11-17	"Mon"	"Midday"	"943"	9	4	3	16	"94"	"43"	13	7
"8267     Sun. Nov 16, 2008          4          2          1     "	8267	2008-11-16	"Sun"	"Evening"	"421"	4	2	1	7	"42"	"21"	6	3
"8266     Sun. Nov 16, 2008          4          7          0     "	8266	2008-11-16	"Sun"	"Midday"	"470"	4	7	0	11	"47"	"70"	11	7
"8265     Sat. Nov 15, 2008          6          6          8     "	8265	2008-11-15	"Sat"	"Evening"	"668"	6	6	8	20	"66"	"68"	12	14
"8264     Sat. Nov 15, 2008          0          5          2     "	8264	2008-11-15	"Sat"	"Midday"	"052"	0	5	2	7	"05"	"52"	5	7
"8263     Fri. Nov 14, 2008          7          7          7     "	8263	2008-11-14	"Fri"	"Evening"	"777"	7	7	7	21	"77"	"77"	14	14
"8262     Fri. Nov 14, 2008          2          6          6     "	8262	2008-11-14	"Fri"	"Midday"	"266"	2	6	6	14	"26"	"66"	8	12
"8261     Thu. Nov 13, 2008          5          3          2     "	8261	2008-11-13	"Thu"	"Evening"	"532"	5	3	2	10	"53"	"32"	8	5
"8260     Thu. Nov 13, 2008          4          9          1     "	8260	2008-11-13	"Thu"	"Midday"	"491"	4	9	1	14	"49"	"91"	13	10
"8259     Wed. Nov 12, 2008          5          7          0     "	8259	2008-11-12	"Wed"	"Evening"	"570"	5	7	0	12	"57"	"70"	12	7
"8258     Wed. Nov 12, 2008          9          3          4     "	8258	2008-11-12	"Wed"	"Midday"	"934"	9	3	4	16	"93"	"34"	12	7
"8257     Tue. Nov 11, 2008          1          4          1     "	8257	2008-11-11	"Tue"	"Evening"	"141"	1	4	1	6	"14"	"41"	5	5
"8256     Tue. Nov 11, 2008          2          2          2     "	8256	2008-11-11	"Tue"	"Midday"	"222"	2	2	2	6	"22"	"22"	4	4
"8255     Mon. Nov 10, 2008          3          0          9     "	8255	2008-11-10	"Mon"	"Evening"	"309"	3	0	9	12	"30"	"09"	3	9
"8254     Mon. Nov 10, 2008          6          0          8     "	8254	2008-11-10	"Mon"	"Midday"	"608"	6	0	8	14	"60"	"08"	6	8
"8253     Sun. Nov 09, 2008          1          6          4     "	8253	2008-11-09	"Sun"	"Evening"	"164"	1	6	4	11	"16"	"64"	7	10
"8252     Sun. Nov 09, 2008          5          4          2     "	8252	2008-11-09	"Sun"	"Midday"	"542"	5	4	2	11	"54"	"42"	9	6
"8251     Sat. Nov 08, 2008          4          1          9     "	8251	2008-11-08	"Sat"	"Evening"	"419"	4	1	9	14	"41"	"19"	5	10
"8250     Sat. Nov 08, 2008          9          9          8     "	8250	2008-11-08	"Sat"	"Midday"	"998"	9	9	8	26	"99"	"98"	18	17
"8249     Fri. Nov 07, 2008          7          5          3     "	8249	2008-11-07	"Fri"	"Evening"	"753"	7	5	3	15	"75"	"53"	12	8
"8248     Fri. Nov 07, 2008          0          1          7     "	8248	2008-11-07	"Fri"	"Midday"	"017"	0	1	7	8	"01"	"17"	1	8
"8247     Thu. Nov 06, 2008          9          8          6     "	8247	2008-11-06	"Thu"	"Evening"	"986"	9	8	6	23	"98"	"86"	17	14
"8246     Thu. Nov 06, 2008          7          9          6     "	8246	2008-11-06	"Thu"	"Midday"	"796"	7	9	6	22	"79"	"96"	16	15
"8245     Wed. Nov 05, 2008          5          2          8     "	8245	2008-11-05	"Wed"	"Evening"	"528"	5	2	8	15	"52"	"28"	7	10
"8244     Wed. Nov 05, 2008          3          5          5     "	8244	2008-11-05	"Wed"	"Midday"	"355"	3	5	5	13	"35"	"55"	8	10
"8243     Tue. Nov 04, 2008          8          3          8     "	8243	2008-11-04	"Tue"	"Evening"	"838"	8	3	8	19	"83"	"38"	11	11
"8242     Tue. Nov 04, 2008          0          5          1     "	8242	2008-11-04	"Tue"	"Midday"	"051"	0	5	1	6	"05"	"51"	5	6
"8241     Mon. Nov 03, 2008          6          2          3     "	8241	2008-11-03	"Mon"	"Evening"	"623"	6	2	3	11	"62"	"23"	8	5
"8240     Mon. Nov 03, 2008          9          4          0     "	8240	2008-11-03	"Mon"	"Midday"	"940"	9	4	0	13	"94"	"40"	13	4
"8239     Sun. Nov 02, 2008          2          4          1     "	8239	2008-11-02	"Sun"	"Evening"	"241"	2	4	1	7	"24"	"41"	6	5
"8238     Sun. Nov 02, 2008          1          4          6     "	8238	2008-11-02	"Sun"	"Midday"	"146"	1	4	6	11	"14"	"46"	5	10
"8237     Sat. Nov 01, 2008          8          6          6     "	8237	2008-11-01	"Sat"	"Evening"	"866"	8	6	6	20	"86"	"66"	14	12
"8236     Sat. Nov 01, 2008          3          8          2     "	8236	2008-11-01	"Sat"	"Midday"	"382"	3	8	2	13	"38"	"82"	11	10
"8235     Fri. Oct 31, 2008          5          7          5     "	8235	2008-10-31	"Fri"	"Evening"	"575"	5	7	5	17	"57"	"75"	12	12
"8234     Fri. Oct 31, 2008          7          6          8     "	8234	2008-10-31	"Fri"	"Midday"	"768"	7	6	8	21	"76"	"68"	13	14
"8233     Thu. Oct 30, 2008          3          0          3     "	8233	2008-10-30	"Thu"	"Evening"	"303"	3	0	3	6	"30"	"03"	3	3
"8232     Thu. Oct 30, 2008          8          8          4     "	8232	2008-10-30	"Thu"	"Midday"	"884"	8	8	4	20	"88"	"84"	16	12
"8231     Wed. Oct 29, 2008          7          7          3     "	8231	2008-10-29	"Wed"	"Evening"	"773"	7	7	3	17	"77"	"73"	14	10
"8230     Wed. Oct 29, 2008          9          9          4     "	8230	2008-10-29	"Wed"	"Midday"	"994"	9	9	4	22	"99"	"94"	18	13
"8229     Tue. Oct 28, 2008          9          3          2     "	8229	2008-10-28	"Tue"	"Evening"	"932"	9	3	2	14	"93"	"32"	12	5
"8228     Tue. Oct 28, 2008          4          7          5     "	8228	2008-10-28	"Tue"	"Midday"	"475"	4	7	5	16	"47"	"75"	11	12
"8227     Mon. Oct 27, 2008          8          2          7     "	8227	2008-10-27	"Mon"	"Evening"	"827"	8	2	7	17	"82"	"27"	10	9
"8226     Mon. Oct 27, 2008          7          6          2     "	8226	2008-10-27	"Mon"	"Midday"	"762"	7	6	2	15	"76"	"62"	13	8
"8225     Sun. Oct 26, 2008          2          0          0     "	8225	2008-10-26	"Sun"	"Evening"	"200"	2	0	0	2	"20"	"00"	2	0
"8224     Sun. Oct 26, 2008          8          7          4     "	8224	2008-10-26	"Sun"	"Midday"	"874"	8	7	4	19	"87"	"74"	15	11
"8223     Sat. Oct 25, 2008          7          0          3     "	8223	2008-10-25	"Sat"	"Evening"	"703"	7	0	3	10	"70"	"03"	7	3
"8222     Sat. Oct 25, 2008          6          3          3     "	8222	2008-10-25	"Sat"	"Midday"	"633"	6	3	3	12	"63"	"33"	9	6
"8221     Fri. Oct 24, 2008          2          0          0     "	8221	2008-10-24	"Fri"	"Evening"	"200"	2	0	0	2	"20"	"00"	2	0
"8220     Fri. Oct 24, 2008          3          4          4     "	8220	2008-10-24	"Fri"	"Midday"	"344"	3	4	4	11	"34"	"44"	7	8
"8219     Thu. Oct 23, 2008          8          2          1     "	8219	2008-10-23	"Thu"	"Evening"	"821"	8	2	1	11	"82"	"21"	10	3
"8218     Thu. Oct 23, 2008          3          9          4     "	8218	2008-10-23	"Thu"	"Midday"	"394"	3	9	4	16	"39"	"94"	12	13
"8217     Wed. Oct 22, 2008          1          9          1     "	8217	2008-10-22	"Wed"	"Evening"	"191"	1	9	1	11	"19"	"91"	10	10
"8216     Wed. Oct 22, 2008          1          9          0     "	8216	2008-10-22	"Wed"	"Midday"	"190"	1	9	0	10	"19"	"90"	10	9
"8215     Tue. Oct 21, 2008          6          4          5     "	8215	2008-10-21	"Tue"	"Evening"	"645"	6	4	5	15	"64"	"45"	10	9
"8214     Tue. Oct 21, 2008          6          7          6     "	8214	2008-10-21	"Tue"	"Midday"	"676"	6	7	6	19	"67"	"76"	13	13
"8213     Mon. Oct 20, 2008          9          6          8     "	8213	2008-10-20	"Mon"	"Evening"	"968"	9	6	8	23	"96"	"68"	15	14
"8212     Mon. Oct 20, 2008          6          2          1     "	8212	2008-10-20	"Mon"	"Midday"	"621"	6	2	1	9	"62"	"21"	8	3
"8211     Sun. Oct 19, 2008          4          4          4     "	8211	2008-10-19	"Sun"	"Evening"	"444"	4	4	4	12	"44"	"44"	8	8
"8210     Sun. Oct 19, 2008          1          7          4     "	8210	2008-10-19	"Sun"	"Midday"	"174"	1	7	4	12	"17"	"74"	8	11
"8209     Sat. Oct 18, 2008          0          5          0     "	8209	2008-10-18	"Sat"	"Evening"	"050"	0	5	0	5	"05"	"50"	5	5
"8208     Sat. Oct 18, 2008          9          1          6     "	8208	2008-10-18	"Sat"	"Midday"	"916"	9	1	6	16	"91"	"16"	10	7
"8207     Fri. Oct 17, 2008          7          7          5     "	8207	2008-10-17	"Fri"	"Evening"	"775"	7	7	5	19	"77"	"75"	14	12
"8206     Fri. Oct 17, 2008          9          1          3     "	8206	2008-10-17	"Fri"	"Midday"	"913"	9	1	3	13	"91"	"13"	10	4
"8205     Thu. Oct 16, 2008          4          1          5     "	8205	2008-10-16	"Thu"	"Evening"	"415"	4	1	5	10	"41"	"15"	5	6
"8204     Thu. Oct 16, 2008          5          2          5     "	8204	2008-10-16	"Thu"	"Midday"	"525"	5	2	5	12	"52"	"25"	7	7
"8203     Wed. Oct 15, 2008          3          7          6     "	8203	2008-10-15	"Wed"	"Evening"	"376"	3	7	6	16	"37"	"76"	10	13
"8202     Wed. Oct 15, 2008          5          3          9     "	8202	2008-10-15	"Wed"	"Midday"	"539"	5	3	9	17	"53"	"39"	8	12
"8201     Tue. Oct 14, 2008          8          3          8     "	8201	2008-10-14	"Tue"	"Evening"	"838"	8	3	8	19	"83"	"38"	11	11
"8200     Tue. Oct 14, 2008          5          4          7     "	8200	2008-10-14	"Tue"	"Midday"	"547"	5	4	7	16	"54"	"47"	9	11
"8199     Mon. Oct 13, 2008          0          6          0     "	8199	2008-10-13	"Mon"	"Evening"	"060"	0	6	0	6	"06"	"60"	6	6
"8198     Mon. Oct 13, 2008          2          2          0     "	8198	2008-10-13	"Mon"	"Midday"	"220"	2	2	0	4	"22"	"20"	4	2
"8197     Sun. Oct 12, 2008          6          5          9     "	8197	2008-10-12	"Sun"	"Evening"	"659"	6	5	9	20	"65"	"59"	11	14
"8196     Sun. Oct 12, 2008          0          7          9     "	8196	2008-10-12	"Sun"	"Midday"	"079"	0	7	9	16	"07"	"79"	7	16
"8195     Sat. Oct 11, 2008          7          8          5     "	8195	2008-10-11	"Sat"	"Evening"	"785"	7	8	5	20	"78"	"85"	15	13
"8194     Sat. Oct 11, 2008          6          4          1     "	8194	2008-10-11	"Sat"	"Midday"	"641"	6	4	1	11	"64"	"41"	10	5
"8193     Fri. Oct 10, 2008          2          6          1     "	8193	2008-10-10	"Fri"	"Evening"	"261"	2	6	1	9	"26"	"61"	8	7
"8192     Fri. Oct 10, 2008          4          5          6     "	8192	2008-10-10	"Fri"	"Midday"	"456"	4	5	6	15	"45"	"56"	9	11
"8191     Thu. Oct 09, 2008          0          4          9     "	8191	2008-10-09	"Thu"	"Evening"	"049"	0	4	9	13	"04"	"49"	4	13
"8190     Thu. Oct 09, 2008          7          6          4     "	8190	2008-10-09	"Thu"	"Midday"	"764"	7	6	4	17	"76"	"64"	13	10
"8189     Wed. Oct 08, 2008          3          5          9     "	8189	2008-10-08	"Wed"	"Evening"	"359"	3	5	9	17	"35"	"59"	8	14
"8188     Wed. Oct 08, 2008          6          0          2     "	8188	2008-10-08	"Wed"	"Midday"	"602"	6	0	2	8	"60"	"02"	6	2
"8187     Tue. Oct 07, 2008          3          1          8     "	8187	2008-10-07	"Tue"	"Evening"	"318"	3	1	8	12	"31"	"18"	4	9
"8186     Tue. Oct 07, 2008          2          2          0     "	8186	2008-10-07	"Tue"	"Midday"	"220"	2	2	0	4	"22"	"20"	4	2
"8185     Mon. Oct 06, 2008          5          1          7     "	8185	2008-10-06	"Mon"	"Evening"	"517"	5	1	7	13	"51"	"17"	6	8
"8184     Mon. Oct 06, 2008          5          0          3     "	8184	2008-10-06	"Mon"	"Midday"	"503"	5	0	3	8	"50"	"03"	5	3
"8183     Sun. Oct 05, 2008          6          1          7     "	8183	2008-10-05	"Sun"	"Evening"	"617"	6	1	7	14	"61"	"17"	7	8
"8182     Sun. Oct 05, 2008          3          5          5     "	8182	2008-10-05	"Sun"	"Midday"	"355"	3	5	5	13	"35"	"55"	8	10
"8181     Sat. Oct 04, 2008          0          6          6     "	8181	2008-10-04	"Sat"	"Evening"	"066"	0	6	6	12	"06"	"66"	6	12
"8180     Sat. Oct 04, 2008          6          7          6     "	8180	2008-10-04	"Sat"	"Midday"	"676"	6	7	6	19	"67"	"76"	13	13
"8179     Fri. Oct 03, 2008          5          1          8     "	8179	2008-10-03	"Fri"	"Evening"	"518"	5	1	8	14	"51"	"18"	6	9
"8178     Fri. Oct 03, 2008          5          6          5     "	8178	2008-10-03	"Fri"	"Midday"	"565"	5	6	5	16	"56"	"65"	11	11
"8177     Thu. Oct 02, 2008          7          2          8     "	8177	2008-10-02	"Thu"	"Evening"	"728"	7	2	8	17	"72"	"28"	9	10
"8176     Thu. Oct 02, 2008          7          1          1     "	8176	2008-10-02	"Thu"	"Midday"	"711"	7	1	1	9	"71"	"11"	8	2
"8175     Wed. Oct 01, 2008          2          5          1     "	8175	2008-10-01	"Wed"	"Evening"	"251"	2	5	1	8	"25"	"51"	7	6
"8174     Wed. Oct 01, 2008          8          2          2     "	8174	2008-10-01	"Wed"	"Midday"	"822"	8	2	2	12	"82"	"22"	10	4
"8173     Tue. Sep 30, 2008          1          1          1     "	8173	2008-09-30	"Tue"	"Evening"	"111"	1	1	1	3	"11"	"11"	2	2
"8172     Tue. Sep 30, 2008          9          8          1     "	8172	2008-09-30	"Tue"	"Midday"	"981"	9	8	1	18	"98"	"81"	17	9
"8171     Mon. Sep 29, 2008          0          1          1     "	8171	2008-09-29	"Mon"	"Evening"	"011"	0	1	1	2	"01"	"11"	1	2
"8170     Mon. Sep 29, 2008          5          9          0     "	8170	2008-09-29	"Mon"	"Midday"	"590"	5	9	0	14	"59"	"90"	14	9
"8169     Sun. Sep 28, 2008          9          8          3     "	8169	2008-09-28	"Sun"	"Evening"	"983"	9	8	3	20	"98"	"83"	17	11
"8168     Sun. Sep 28, 2008          9          7          8     "	8168	2008-09-28	"Sun"	"Midday"	"978"	9	7	8	24	"97"	"78"	16	15
"8167     Sat. Sep 27, 2008          5          7          3     "	8167	2008-09-27	"Sat"	"Evening"	"573"	5	7	3	15	"57"	"73"	12	10
"8166     Sat. Sep 27, 2008          5          6          7     "	8166	2008-09-27	"Sat"	"Midday"	"567"	5	6	7	18	"56"	"67"	11	13
"8165     Fri. Sep 26, 2008          7          6          4     "	8165	2008-09-26	"Fri"	"Evening"	"764"	7	6	4	17	"76"	"64"	13	10
"8164     Fri. Sep 26, 2008          6          3          3     "	8164	2008-09-26	"Fri"	"Midday"	"633"	6	3	3	12	"63"	"33"	9	6
"8163     Thu. Sep 25, 2008          2          1          9     "	8163	2008-09-25	"Thu"	"Evening"	"219"	2	1	9	12	"21"	"19"	3	10
"8162     Thu. Sep 25, 2008          3          3          6     "	8162	2008-09-25	"Thu"	"Midday"	"336"	3	3	6	12	"33"	"36"	6	9
"8161     Wed. Sep 24, 2008          0          6          0     "	8161	2008-09-24	"Wed"	"Evening"	"060"	0	6	0	6	"06"	"60"	6	6
"8160     Wed. Sep 24, 2008          8          0          3     "	8160	2008-09-24	"Wed"	"Midday"	"803"	8	0	3	11	"80"	"03"	8	3
"8159     Tue. Sep 23, 2008          5          0          4     "	8159	2008-09-23	"Tue"	"Evening"	"504"	5	0	4	9	"50"	"04"	5	4
"8158     Tue. Sep 23, 2008          5          8          4     "	8158	2008-09-23	"Tue"	"Midday"	"584"	5	8	4	17	"58"	"84"	13	12
"8157     Mon. Sep 22, 2008          4          3          6     "	8157	2008-09-22	"Mon"	"Evening"	"436"	4	3	6	13	"43"	"36"	7	9
"8156     Mon. Sep 22, 2008          2          3          3     "	8156	2008-09-22	"Mon"	"Midday"	"233"	2	3	3	8	"23"	"33"	5	6
"8155     Sun. Sep 21, 2008          3          9          4     "	8155	2008-09-21	"Sun"	"Evening"	"394"	3	9	4	16	"39"	"94"	12	13
"8154     Sun. Sep 21, 2008          4          7          3     "	8154	2008-09-21	"Sun"	"Midday"	"473"	4	7	3	14	"47"	"73"	11	10
"8153     Sat. Sep 20, 2008          6          4          2     "	8153	2008-09-20	"Sat"	"Evening"	"642"	6	4	2	12	"64"	"42"	10	6
"8152     Sat. Sep 20, 2008          1          4          7     "	8152	2008-09-20	"Sat"	"Midday"	"147"	1	4	7	12	"14"	"47"	5	11
"8151     Fri. Sep 19, 2008          0          0          7     "	8151	2008-09-19	"Fri"	"Evening"	"007"	0	0	7	7	"00"	"07"	0	7
"8150     Fri. Sep 19, 2008          1          8          0     "	8150	2008-09-19	"Fri"	"Midday"	"180"	1	8	0	9	"18"	"80"	9	8
"8149     Thu. Sep 18, 2008          6          5          0     "	8149	2008-09-18	"Thu"	"Evening"	"650"	6	5	0	11	"65"	"50"	11	5
"8148     Thu. Sep 18, 2008          5          7          1     "	8148	2008-09-18	"Thu"	"Midday"	"571"	5	7	1	13	"57"	"71"	12	8
"8147     Wed. Sep 17, 2008          6          1          4     "	8147	2008-09-17	"Wed"	"Evening"	"614"	6	1	4	11	"61"	"14"	7	5
"8146     Wed. Sep 17, 2008          3          3          3     "	8146	2008-09-17	"Wed"	"Midday"	"333"	3	3	3	9	"33"	"33"	6	6
"8145     Tue. Sep 16, 2008          0          5          8     "	8145	2008-09-16	"Tue"	"Evening"	"058"	0	5	8	13	"05"	"58"	5	13
"8144     Tue. Sep 16, 2008          9          2          9     "	8144	2008-09-16	"Tue"	"Midday"	"929"	9	2	9	20	"92"	"29"	11	11
"8143     Mon. Sep 15, 2008          1          3          9     "	8143	2008-09-15	"Mon"	"Evening"	"139"	1	3	9	13	"13"	"39"	4	12
"8142     Mon. Sep 15, 2008          0          9          0     "	8142	2008-09-15	"Mon"	"Midday"	"090"	0	9	0	9	"09"	"90"	9	9
"8141     Sun. Sep 14, 2008          4          8          5     "	8141	2008-09-14	"Sun"	"Evening"	"485"	4	8	5	17	"48"	"85"	12	13
"8140     Sun. Sep 14, 2008          6          2          7     "	8140	2008-09-14	"Sun"	"Midday"	"627"	6	2	7	15	"62"	"27"	8	9
"8139     Sat. Sep 13, 2008          1          9          7     "	8139	2008-09-13	"Sat"	"Evening"	"197"	1	9	7	17	"19"	"97"	10	16
"8138     Sat. Sep 13, 2008          1          2          7     "	8138	2008-09-13	"Sat"	"Midday"	"127"	1	2	7	10	"12"	"27"	3	9
"8137     Fri. Sep 12, 2008          1          4          0     "	8137	2008-09-12	"Fri"	"Evening"	"140"	1	4	0	5	"14"	"40"	5	4
"8136     Fri. Sep 12, 2008          2          9          1     "	8136	2008-09-12	"Fri"	"Midday"	"291"	2	9	1	12	"29"	"91"	11	10
"8135     Thu. Sep 11, 2008          0          3          0     "	8135	2008-09-11	"Thu"	"Evening"	"030"	0	3	0	3	"03"	"30"	3	3
"8134     Thu. Sep 11, 2008          5          8          6     "	8134	2008-09-11	"Thu"	"Midday"	"586"	5	8	6	19	"58"	"86"	13	14
"8133     Wed. Sep 10, 2008          2          7          9     "	8133	2008-09-10	"Wed"	"Evening"	"279"	2	7	9	18	"27"	"79"	9	16
"8132     Wed. Sep 10, 2008          3          4          7     "	8132	2008-09-10	"Wed"	"Midday"	"347"	3	4	7	14	"34"	"47"	7	11
"8131     Tue. Sep 09, 2008          4          9          8     "	8131	2008-09-09	"Tue"	"Evening"	"498"	4	9	8	21	"49"	"98"	13	17
"8130     Tue. Sep 09, 2008          6          8          6     "	8130	2008-09-09	"Tue"	"Midday"	"686"	6	8	6	20	"68"	"86"	14	14
"8129     Mon. Sep 08, 2008          9          0          4     "	8129	2008-09-08	"Mon"	"Evening"	"904"	9	0	4	13	"90"	"04"	9	4
"8128     Mon. Sep 08, 2008          5          0          8     "	8128	2008-09-08	"Mon"	"Midday"	"508"	5	0	8	13	"50"	"08"	5	8
"8127     Sun. Sep 07, 2008          8          9          7     "	8127	2008-09-07	"Sun"	"Evening"	"897"	8	9	7	24	"89"	"97"	17	16
"8126     Sun. Sep 07, 2008          3          8          1     "	8126	2008-09-07	"Sun"	"Midday"	"381"	3	8	1	12	"38"	"81"	11	9
"8125     Sat. Sep 06, 2008          7          3          0     "	8125	2008-09-06	"Sat"	"Evening"	"730"	7	3	0	10	"73"	"30"	10	3
"8124     Sat. Sep 06, 2008          2          8          2     "	8124	2008-09-06	"Sat"	"Midday"	"282"	2	8	2	12	"28"	"82"	10	10
"8123     Fri. Sep 05, 2008          7          7          1     "	8123	2008-09-05	"Fri"	"Evening"	"771"	7	7	1	15	"77"	"71"	14	8
"8122     Fri. Sep 05, 2008          4          8          5     "	8122	2008-09-05	"Fri"	"Midday"	"485"	4	8	5	17	"48"	"85"	12	13
"8121     Thu. Sep 04, 2008          8          1          7     "	8121	2008-09-04	"Thu"	"Evening"	"817"	8	1	7	16	"81"	"17"	9	8
"8120     Thu. Sep 04, 2008          0          0          3     "	8120	2008-09-04	"Thu"	"Midday"	"003"	0	0	3	3	"00"	"03"	0	3
"8119     Wed. Sep 03, 2008          7          6          9     "	8119	2008-09-03	"Wed"	"Evening"	"769"	7	6	9	22	"76"	"69"	13	15
"8118     Wed. Sep 03, 2008          6          6          9     "	8118	2008-09-03	"Wed"	"Midday"	"669"	6	6	9	21	"66"	"69"	12	15
"8117     Tue. Sep 02, 2008          3          5          7     "	8117	2008-09-02	"Tue"	"Evening"	"357"	3	5	7	15	"35"	"57"	8	12
"8116     Tue. Sep 02, 2008          9          7          0     "	8116	2008-09-02	"Tue"	"Midday"	"970"	9	7	0	16	"97"	"70"	16	7
"8115     Mon. Sep 01, 2008          8          6          5     "	8115	2008-09-01	"Mon"	"Evening"	"865"	8	6	5	19	"86"	"65"	14	11
"8114     Mon. Sep 01, 2008          9          8          8     "	8114	2008-09-01	"Mon"	"Midday"	"988"	9	8	8	25	"98"	"88"	17	16
"8113     Sun. Aug 31, 2008          0          7          3     "	8113	2008-08-31	"Sun"	"Evening"	"073"	0	7	3	10	"07"	"73"	7	10
"8112     Sun. Aug 31, 2008          1          9          8     "	8112	2008-08-31	"Sun"	"Midday"	"198"	1	9	8	18	"19"	"98"	10	17
"8111     Sat. Aug 30, 2008          7          8          3     "	8111	2008-08-30	"Sat"	"Evening"	"783"	7	8	3	18	"78"	"83"	15	11
"8110     Sat. Aug 30, 2008          9          8          8     "	8110	2008-08-30	"Sat"	"Midday"	"988"	9	8	8	25	"98"	"88"	17	16
"8109     Fri. Aug 29, 2008          1          3          0     "	8109	2008-08-29	"Fri"	"Evening"	"130"	1	3	0	4	"13"	"30"	4	3
"8108     Fri. Aug 29, 2008          0          8          3     "	8108	2008-08-29	"Fri"	"Midday"	"083"	0	8	3	11	"08"	"83"	8	11
"8107     Thu. Aug 28, 2008          8          9          5     "	8107	2008-08-28	"Thu"	"Evening"	"895"	8	9	5	22	"89"	"95"	17	14
"8106     Thu. Aug 28, 2008          6          9          9     "	8106	2008-08-28	"Thu"	"Midday"	"699"	6	9	9	24	"69"	"99"	15	18
"8105     Wed. Aug 27, 2008          5          0          2     "	8105	2008-08-27	"Wed"	"Evening"	"502"	5	0	2	7	"50"	"02"	5	2
"8104     Wed. Aug 27, 2008          9          6          4     "	8104	2008-08-27	"Wed"	"Midday"	"964"	9	6	4	19	"96"	"64"	15	10
"8103     Tue. Aug 26, 2008          2          0          2     "	8103	2008-08-26	"Tue"	"Evening"	"202"	2	0	2	4	"20"	"02"	2	2
"8102     Tue. Aug 26, 2008          2          5          5     "	8102	2008-08-26	"Tue"	"Midday"	"255"	2	5	5	12	"25"	"55"	7	10
"8101     Mon. Aug 25, 2008          0          0          0     "	8101	2008-08-25	"Mon"	"Evening"	"000"	0	0	0	0	"00"	"00"	0	0
"8100     Mon. Aug 25, 2008          4          6          2     "	8100	2008-08-25	"Mon"	"Midday"	"462"	4	6	2	12	"46"	"62"	10	8
"8099     Sun. Aug 24, 2008          0          7          8     "	8099	2008-08-24	"Sun"	"Evening"	"078"	0	7	8	15	"07"	"78"	7	15
"8098     Sun. Aug 24, 2008          5          6          9     "	8098	2008-08-24	"Sun"	"Midday"	"569"	5	6	9	20	"56"	"69"	11	15
"8097     Sat. Aug 23, 2008          7          6          4     "	8097	2008-08-23	"Sat"	"Evening"	"764"	7	6	4	17	"76"	"64"	13	10
"8096     Sat. Aug 23, 2008          3          6          1     "	8096	2008-08-23	"Sat"	"Midday"	"361"	3	6	1	10	"36"	"61"	9	7
"8095     Fri. Aug 22, 2008          6          8          1     "	8095	2008-08-22	"Fri"	"Evening"	"681"	6	8	1	15	"68"	"81"	14	9
"8094     Fri. Aug 22, 2008          9          9          8     "	8094	2008-08-22	"Fri"	"Midday"	"998"	9	9	8	26	"99"	"98"	18	17
"8093     Thu. Aug 21, 2008          2          1          3     "	8093	2008-08-21	"Thu"	"Evening"	"213"	2	1	3	6	"21"	"13"	3	4
"8092     Thu. Aug 21, 2008          7          6          6     "	8092	2008-08-21	"Thu"	"Midday"	"766"	7	6	6	19	"76"	"66"	13	12
"8091     Wed. Aug 20, 2008          3          2          2     "	8091	2008-08-20	"Wed"	"Evening"	"322"	3	2	2	7	"32"	"22"	5	4
"8090     Wed. Aug 20, 2008          9          4          8     "	8090	2008-08-20	"Wed"	"Midday"	"948"	9	4	8	21	"94"	"48"	13	12
"8089     Tue. Aug 19, 2008          1          8          9     "	8089	2008-08-19	"Tue"	"Evening"	"189"	1	8	9	18	"18"	"89"	9	17
"8088     Tue. Aug 19, 2008          8          8          1     "	8088	2008-08-19	"Tue"	"Midday"	"881"	8	8	1	17	"88"	"81"	16	9
"8087     Mon. Aug 18, 2008          0          5          3     "	8087	2008-08-18	"Mon"	"Evening"	"053"	0	5	3	8	"05"	"53"	5	8
"8086     Mon. Aug 18, 2008          9          2          0     "	8086	2008-08-18	"Mon"	"Midday"	"920"	9	2	0	11	"92"	"20"	11	2
"8085     Sun. Aug 17, 2008          8          5          6     "	8085	2008-08-17	"Sun"	"Evening"	"856"	8	5	6	19	"85"	"56"	13	11
"8084     Sun. Aug 17, 2008          3          3          2     "	8084	2008-08-17	"Sun"	"Midday"	"332"	3	3	2	8	"33"	"32"	6	5
"8083     Sat. Aug 16, 2008          6          7          5     "	8083	2008-08-16	"Sat"	"Evening"	"675"	6	7	5	18	"67"	"75"	13	12
"8082     Sat. Aug 16, 2008          2          8          5     "	8082	2008-08-16	"Sat"	"Midday"	"285"	2	8	5	15	"28"	"85"	10	13
"8081     Fri. Aug 15, 2008          3          0          6     "	8081	2008-08-15	"Fri"	"Evening"	"306"	3	0	6	9	"30"	"06"	3	6
"8080     Fri. Aug 15, 2008          1          4          0     "	8080	2008-08-15	"Fri"	"Midday"	"140"	1	4	0	5	"14"	"40"	5	4
"8079     Thu. Aug 14, 2008          2          8          6     "	8079	2008-08-14	"Thu"	"Evening"	"286"	2	8	6	16	"28"	"86"	10	14
"8078     Thu. Aug 14, 2008          4          1          0     "	8078	2008-08-14	"Thu"	"Midday"	"410"	4	1	0	5	"41"	"10"	5	1
"8077     Wed. Aug 13, 2008          0          0          3     "	8077	2008-08-13	"Wed"	"Evening"	"003"	0	0	3	3	"00"	"03"	0	3
"8076     Wed. Aug 13, 2008          0          5          0     "	8076	2008-08-13	"Wed"	"Midday"	"050"	0	5	0	5	"05"	"50"	5	5
"8075     Tue. Aug 12, 2008          9          4          1     "	8075	2008-08-12	"Tue"	"Evening"	"941"	9	4	1	14	"94"	"41"	13	5
"8074     Tue. Aug 12, 2008          9          8          6     "	8074	2008-08-12	"Tue"	"Midday"	"986"	9	8	6	23	"98"	"86"	17	14
"8073     Mon. Aug 11, 2008          9          1          8     "	8073	2008-08-11	"Mon"	"Evening"	"918"	9	1	8	18	"91"	"18"	10	9
"8072     Mon. Aug 11, 2008          9          6          8     "	8072	2008-08-11	"Mon"	"Midday"	"968"	9	6	8	23	"96"	"68"	15	14
"8071     Sun. Aug 10, 2008          7          1          6     "	8071	2008-08-10	"Sun"	"Evening"	"716"	7	1	6	14	"71"	"16"	8	7
"8070     Sun. Aug 10, 2008          6          6          8     "	8070	2008-08-10	"Sun"	"Midday"	"668"	6	6	8	20	"66"	"68"	12	14
"8069     Sat. Aug 09, 2008          4          4          9     "	8069	2008-08-09	"Sat"	"Evening"	"449"	4	4	9	17	"44"	"49"	8	13
"8068     Sat. Aug 09, 2008          8          9          0     "	8068	2008-08-09	"Sat"	"Midday"	"890"	8	9	0	17	"89"	"90"	17	9
"8067     Fri. Aug 08, 2008          7          9          8     "	8067	2008-08-08	"Fri"	"Evening"	"798"	7	9	8	24	"79"	"98"	16	17
"8066     Fri. Aug 08, 2008          1          9          8     "	8066	2008-08-08	"Fri"	"Midday"	"198"	1	9	8	18	"19"	"98"	10	17
"8065     Thu. Aug 07, 2008          5          2          5     "	8065	2008-08-07	"Thu"	"Evening"	"525"	5	2	5	12	"52"	"25"	7	7
"8064     Thu. Aug 07, 2008          0          6          9     "	8064	2008-08-07	"Thu"	"Midday"	"069"	0	6	9	15	"06"	"69"	6	15
"8063     Wed. Aug 06, 2008          5          9          0     "	8063	2008-08-06	"Wed"	"Evening"	"590"	5	9	0	14	"59"	"90"	14	9
"8062     Wed. Aug 06, 2008          0          1          5     "	8062	2008-08-06	"Wed"	"Midday"	"015"	0	1	5	6	"01"	"15"	1	6
"8061     Tue. Aug 05, 2008          3          7          0     "	8061	2008-08-05	"Tue"	"Evening"	"370"	3	7	0	10	"37"	"70"	10	7
"8060     Tue. Aug 05, 2008          7          6          9     "	8060	2008-08-05	"Tue"	"Midday"	"769"	7	6	9	22	"76"	"69"	13	15
"8059     Mon. Aug 04, 2008          1          2          7     "	8059	2008-08-04	"Mon"	"Evening"	"127"	1	2	7	10	"12"	"27"	3	9
"8058     Mon. Aug 04, 2008          8          9          9     "	8058	2008-08-04	"Mon"	"Midday"	"899"	8	9	9	26	"89"	"99"	17	18
"8057     Sun. Aug 03, 2008          2          4          0     "	8057	2008-08-03	"Sun"	"Evening"	"240"	2	4	0	6	"24"	"40"	6	4
"8056     Sun. Aug 03, 2008          7          6          4     "	8056	2008-08-03	"Sun"	"Midday"	"764"	7	6	4	17	"76"	"64"	13	10
"8055     Sat. Aug 02, 2008          4          1          4     "	8055	2008-08-02	"Sat"	"Evening"	"414"	4	1	4	9	"41"	"14"	5	5
"8054     Sat. Aug 02, 2008          3          4          6     "	8054	2008-08-02	"Sat"	"Midday"	"346"	3	4	6	13	"34"	"46"	7	10
"8053     Fri. Aug 01, 2008          8          5          4     "	8053	2008-08-01	"Fri"	"Evening"	"854"	8	5	4	17	"85"	"54"	13	9
"8052     Fri. Aug 01, 2008          3          8          5     "	8052	2008-08-01	"Fri"	"Midday"	"385"	3	8	5	16	"38"	"85"	11	13
"8051     Thu. Jul 31, 2008          2          5          0     "	8051	2008-07-31	"Thu"	"Evening"	"250"	2	5	0	7	"25"	"50"	7	5
"8050     Thu. Jul 31, 2008          3          2          0     "	8050	2008-07-31	"Thu"	"Midday"	"320"	3	2	0	5	"32"	"20"	5	2
"8049     Wed. Jul 30, 2008          1          4          1     "	8049	2008-07-30	"Wed"	"Evening"	"141"	1	4	1	6	"14"	"41"	5	5
"8048     Wed. Jul 30, 2008          1          7          1     "	8048	2008-07-30	"Wed"	"Midday"	"171"	1	7	1	9	"17"	"71"	8	8
"8047     Tue. Jul 29, 2008          8          2          6     "	8047	2008-07-29	"Tue"	"Evening"	"826"	8	2	6	16	"82"	"26"	10	8
"8046     Tue. Jul 29, 2008          6          5          1     "	8046	2008-07-29	"Tue"	"Midday"	"651"	6	5	1	12	"65"	"51"	11	6
"8045     Mon. Jul 28, 2008          2          6          2     "	8045	2008-07-28	"Mon"	"Evening"	"262"	2	6	2	10	"26"	"62"	8	8
"8044     Mon. Jul 28, 2008          1          5          6     "	8044	2008-07-28	"Mon"	"Midday"	"156"	1	5	6	12	"15"	"56"	6	11
"8043     Sun. Jul 27, 2008          2          6          5     "	8043	2008-07-27	"Sun"	"Evening"	"265"	2	6	5	13	"26"	"65"	8	11
"8042     Sun. Jul 27, 2008          2          8          5     "	8042	2008-07-27	"Sun"	"Midday"	"285"	2	8	5	15	"28"	"85"	10	13
"8041     Sat. Jul 26, 2008          5          5          7     "	8041	2008-07-26	"Sat"	"Evening"	"557"	5	5	7	17	"55"	"57"	10	12
"8040     Sat. Jul 26, 2008          9          4          4     "	8040	2008-07-26	"Sat"	"Midday"	"944"	9	4	4	17	"94"	"44"	13	8
"8039     Fri. Jul 25, 2008          1          4          5     "	8039	2008-07-25	"Fri"	"Evening"	"145"	1	4	5	10	"14"	"45"	5	9
"8038     Fri. Jul 25, 2008          3          4          5     "	8038	2008-07-25	"Fri"	"Midday"	"345"	3	4	5	12	"34"	"45"	7	9
"8037     Thu. Jul 24, 2008          2          5          3     "	8037	2008-07-24	"Thu"	"Evening"	"253"	2	5	3	10	"25"	"53"	7	8
"8036     Thu. Jul 24, 2008          8          6          3     "	8036	2008-07-24	"Thu"	"Midday"	"863"	8	6	3	17	"86"	"63"	14	9
"8035     Wed. Jul 23, 2008          5          1          2     "	8035	2008-07-23	"Wed"	"Evening"	"512"	5	1	2	8	"51"	"12"	6	3
"8034     Wed. Jul 23, 2008          5          0          5     "	8034	2008-07-23	"Wed"	"Midday"	"505"	5	0	5	10	"50"	"05"	5	5
"8033     Tue. Jul 22, 2008          0          6          9     "	8033	2008-07-22	"Tue"	"Evening"	"069"	0	6	9	15	"06"	"69"	6	15
"8032     Tue. Jul 22, 2008          7          1          6     "	8032	2008-07-22	"Tue"	"Midday"	"716"	7	1	6	14	"71"	"16"	8	7
"8031     Mon. Jul 21, 2008          7          9          8     "	8031	2008-07-21	"Mon"	"Evening"	"798"	7	9	8	24	"79"	"98"	16	17
"8030     Mon. Jul 21, 2008          1          2          9     "	8030	2008-07-21	"Mon"	"Midday"	"129"	1	2	9	12	"12"	"29"	3	11
"8029     Sun. Jul 20, 2008          0          7          6     "	8029	2008-07-20	"Sun"	"Evening"	"076"	0	7	6	13	"07"	"76"	7	13
"8028     Sun. Jul 20, 2008          2          1          4     "	8028	2008-07-20	"Sun"	"Midday"	"214"	2	1	4	7	"21"	"14"	3	5
"8027     Sat. Jul 19, 2008          1          4          1     "	8027	2008-07-19	"Sat"	"Evening"	"141"	1	4	1	6	"14"	"41"	5	5
"8026     Sat. Jul 19, 2008          3          7          3     "	8026	2008-07-19	"Sat"	"Midday"	"373"	3	7	3	13	"37"	"73"	10	10
"8025     Fri. Jul 18, 2008          3          2          8     "	8025	2008-07-18	"Fri"	"Evening"	"328"	3	2	8	13	"32"	"28"	5	10
"8024     Fri. Jul 18, 2008          5          2          1     "	8024	2008-07-18	"Fri"	"Midday"	"521"	5	2	1	8	"52"	"21"	7	3
"8023     Thu. Jul 17, 2008          5          5          5     "	8023	2008-07-17	"Thu"	"Evening"	"555"	5	5	5	15	"55"	"55"	10	10
"8022     Thu. Jul 17, 2008          0          1          5     "	8022	2008-07-17	"Thu"	"Midday"	"015"	0	1	5	6	"01"	"15"	1	6
"8021     Wed. Jul 16, 2008          2          0          6     "	8021	2008-07-16	"Wed"	"Evening"	"206"	2	0	6	8	"20"	"06"	2	6
"8020     Wed. Jul 16, 2008          2          4          0     "	8020	2008-07-16	"Wed"	"Midday"	"240"	2	4	0	6	"24"	"40"	6	4
"8019     Tue. Jul 15, 2008          3          5          6     "	8019	2008-07-15	"Tue"	"Evening"	"356"	3	5	6	14	"35"	"56"	8	11
"8018     Tue. Jul 15, 2008          6          2          0     "	8018	2008-07-15	"Tue"	"Midday"	"620"	6	2	0	8	"62"	"20"	8	2
"8017     Mon. Jul 14, 2008          1          2          7     "	8017	2008-07-14	"Mon"	"Evening"	"127"	1	2	7	10	"12"	"27"	3	9
"8016     Mon. Jul 14, 2008          0          6          4     "	8016	2008-07-14	"Mon"	"Midday"	"064"	0	6	4	10	"06"	"64"	6	10
"8015     Sun. Jul 13, 2008          3          4          4     "	8015	2008-07-13	"Sun"	"Evening"	"344"	3	4	4	11	"34"	"44"	7	8
"8014     Sun. Jul 13, 2008          3          7          3     "	8014	2008-07-13	"Sun"	"Midday"	"373"	3	7	3	13	"37"	"73"	10	10
"8013     Sat. Jul 12, 2008          7          0          7     "	8013	2008-07-12	"Sat"	"Evening"	"707"	7	0	7	14	"70"	"07"	7	7
"8012     Sat. Jul 12, 2008          6          7          0     "	8012	2008-07-12	"Sat"	"Midday"	"670"	6	7	0	13	"67"	"70"	13	7
"8011     Fri. Jul 11, 2008          7          9          3     "	8011	2008-07-11	"Fri"	"Evening"	"793"	7	9	3	19	"79"	"93"	16	12
"8010     Fri. Jul 11, 2008          8          2          3     "	8010	2008-07-11	"Fri"	"Midday"	"823"	8	2	3	13	"82"	"23"	10	5
"8009     Thu. Jul 10, 2008          5          3          5     "	8009	2008-07-10	"Thu"	"Evening"	"535"	5	3	5	13	"53"	"35"	8	8
"8008     Thu. Jul 10, 2008          3          3          1     "	8008	2008-07-10	"Thu"	"Midday"	"331"	3	3	1	7	"33"	"31"	6	4
"8007     Wed. Jul 09, 2008          8          2          6     "	8007	2008-07-09	"Wed"	"Evening"	"826"	8	2	6	16	"82"	"26"	10	8
"8006     Wed. Jul 09, 2008          1          4          8     "	8006	2008-07-09	"Wed"	"Midday"	"148"	1	4	8	13	"14"	"48"	5	12
"8005     Tue. Jul 08, 2008          0          8          5     "	8005	2008-07-08	"Tue"	"Evening"	"085"	0	8	5	13	"08"	"85"	8	13
"8004     Tue. Jul 08, 2008          3          2          4     "	8004	2008-07-08	"Tue"	"Midday"	"324"	3	2	4	9	"32"	"24"	5	6
"8003     Mon. Jul 07, 2008          1          0          6     "	8003	2008-07-07	"Mon"	"Evening"	"106"	1	0	6	7	"10"	"06"	1	6
"8002     Mon. Jul 07, 2008          7          8          1     "	8002	2008-07-07	"Mon"	"Midday"	"781"	7	8	1	16	"78"	"81"	15	9
"8001     Sun. Jul 06, 2008          8          7          7     "	8001	2008-07-06	"Sun"	"Evening"	"877"	8	7	7	22	"87"	"77"	15	14
"8000     Sun. Jul 06, 2008          7          3          1     "	8000	2008-07-06	"Sun"	"Midday"	"731"	7	3	1	11	"73"	"31"	10	4
"7999     Sat. Jul 05, 2008          4          5          3     "	7999	2008-07-05	"Sat"	"Evening"	"453"	4	5	3	12	"45"	"53"	9	8
"7998     Sat. Jul 05, 2008          4          1          6     "	7998	2008-07-05	"Sat"	"Midday"	"416"	4	1	6	11	"41"	"16"	5	7
"7997     Fri. Jul 04, 2008          9          1          6     "	7997	2008-07-04	"Fri"	"Evening"	"916"	9	1	6	16	"91"	"16"	10	7
"7996     Fri. Jul 04, 2008          9          1          5     "	7996	2008-07-04	"Fri"	"Midday"	"915"	9	1	5	15	"91"	"15"	10	6
"7995     Thu. Jul 03, 2008          8          3          7     "	7995	2008-07-03	"Thu"	"Evening"	"837"	8	3	7	18	"83"	"37"	11	10
"7994     Thu. Jul 03, 2008          0          1          1     "	7994	2008-07-03	"Thu"	"Midday"	"011"	0	1	1	2	"01"	"11"	1	2
"7993     Wed. Jul 02, 2008          5          4          8     "	7993	2008-07-02	"Wed"	"Evening"	"548"	5	4	8	17	"54"	"48"	9	12
"7992     Wed. Jul 02, 2008          5          0          9     "	7992	2008-07-02	"Wed"	"Midday"	"509"	5	0	9	14	"50"	"09"	5	9
"7991     Tue. Jul 01, 2008          5          3          6     "	7991	2008-07-01	"Tue"	"Evening"	"536"	5	3	6	14	"53"	"36"	8	9
"7990     Tue. Jul 01, 2008          2          4          0     "	7990	2008-07-01	"Tue"	"Midday"	"240"	2	4	0	6	"24"	"40"	6	4
"7989     Mon. Jun 30, 2008          4          2          6     "	7989	2008-06-30	"Mon"	"Evening"	"426"	4	2	6	12	"42"	"26"	6	8
"7988     Mon. Jun 30, 2008          4          1          6     "	7988	2008-06-30	"Mon"	"Midday"	"416"	4	1	6	11	"41"	"16"	5	7
"7987     Sun. Jun 29, 2008          2          5          3     "	7987	2008-06-29	"Sun"	"Evening"	"253"	2	5	3	10	"25"	"53"	7	8
"7986     Sun. Jun 29, 2008          9          1          3     "	7986	2008-06-29	"Sun"	"Midday"	"913"	9	1	3	13	"91"	"13"	10	4
"7985     Sat. Jun 28, 2008          1          4          9     "	7985	2008-06-28	"Sat"	"Evening"	"149"	1	4	9	14	"14"	"49"	5	13
"7984     Sat. Jun 28, 2008          6          7          4     "	7984	2008-06-28	"Sat"	"Midday"	"674"	6	7	4	17	"67"	"74"	13	11
"7983     Fri. Jun 27, 2008          7          7          7     "	7983	2008-06-27	"Fri"	"Evening"	"777"	7	7	7	21	"77"	"77"	14	14
"7982     Fri. Jun 27, 2008          1          8          9     "	7982	2008-06-27	"Fri"	"Midday"	"189"	1	8	9	18	"18"	"89"	9	17
"7981     Thu. Jun 26, 2008          9          0          7     "	7981	2008-06-26	"Thu"	"Evening"	"907"	9	0	7	16	"90"	"07"	9	7
"7980     Thu. Jun 26, 2008          7          0          5     "	7980	2008-06-26	"Thu"	"Midday"	"705"	7	0	5	12	"70"	"05"	7	5
"7979     Wed. Jun 25, 2008          4          4          1     "	7979	2008-06-25	"Wed"	"Evening"	"441"	4	4	1	9	"44"	"41"	8	5
"7978     Wed. Jun 25, 2008          8          0          9     "	7978	2008-06-25	"Wed"	"Midday"	"809"	8	0	9	17	"80"	"09"	8	9
"7977     Tue. Jun 24, 2008          1          7          6     "	7977	2008-06-24	"Tue"	"Evening"	"176"	1	7	6	14	"17"	"76"	8	13
"7976     Tue. Jun 24, 2008          3          7          6     "	7976	2008-06-24	"Tue"	"Midday"	"376"	3	7	6	16	"37"	"76"	10	13
"7975     Mon. Jun 23, 2008          7          5          9     "	7975	2008-06-23	"Mon"	"Evening"	"759"	7	5	9	21	"75"	"59"	12	14
"7974     Mon. Jun 23, 2008          2          4          8     "	7974	2008-06-23	"Mon"	"Midday"	"248"	2	4	8	14	"24"	"48"	6	12
"7973     Sun. Jun 22, 2008          0          9          7     "	7973	2008-06-22	"Sun"	"Evening"	"097"	0	9	7	16	"09"	"97"	9	16
"7972     Sun. Jun 22, 2008          8          7          0     "	7972	2008-06-22	"Sun"	"Midday"	"870"	8	7	0	15	"87"	"70"	15	7
"7971     Sat. Jun 21, 2008          0          6          3     "	7971	2008-06-21	"Sat"	"Evening"	"063"	0	6	3	9	"06"	"63"	6	9
"7970     Sat. Jun 21, 2008          3          0          4     "	7970	2008-06-21	"Sat"	"Midday"	"304"	3	0	4	7	"30"	"04"	3	4
"7969     Fri. Jun 20, 2008          0          2          1     "	7969	2008-06-20	"Fri"	"Evening"	"021"	0	2	1	3	"02"	"21"	2	3
"7968     Fri. Jun 20, 2008          4          9          8     "	7968	2008-06-20	"Fri"	"Midday"	"498"	4	9	8	21	"49"	"98"	13	17
"7967     Thu. Jun 19, 2008          2          5          9     "	7967	2008-06-19	"Thu"	"Evening"	"259"	2	5	9	16	"25"	"59"	7	14
"7966     Thu. Jun 19, 2008          9          8          4     "	7966	2008-06-19	"Thu"	"Midday"	"984"	9	8	4	21	"98"	"84"	17	12
"7965     Wed. Jun 18, 2008          0          5          0     "	7965	2008-06-18	"Wed"	"Evening"	"050"	0	5	0	5	"05"	"50"	5	5
"7964     Wed. Jun 18, 2008          3          4          5     "	7964	2008-06-18	"Wed"	"Midday"	"345"	3	4	5	12	"34"	"45"	7	9
"7963     Tue. Jun 17, 2008          6          0          9     "	7963	2008-06-17	"Tue"	"Evening"	"609"	6	0	9	15	"60"	"09"	6	9
"7962     Tue. Jun 17, 2008          1          6          3     "	7962	2008-06-17	"Tue"	"Midday"	"163"	1	6	3	10	"16"	"63"	7	9
"7961     Mon. Jun 16, 2008          4          9          5     "	7961	2008-06-16	"Mon"	"Evening"	"495"	4	9	5	18	"49"	"95"	13	14
"7960     Mon. Jun 16, 2008          8          8          8     "	7960	2008-06-16	"Mon"	"Midday"	"888"	8	8	8	24	"88"	"88"	16	16
"7959     Sun. Jun 15, 2008          8          1          5     "	7959	2008-06-15	"Sun"	"Evening"	"815"	8	1	5	14	"81"	"15"	9	6
"7958     Sun. Jun 15, 2008          6          9          3     "	7958	2008-06-15	"Sun"	"Midday"	"693"	6	9	3	18	"69"	"93"	15	12
"7957     Sat. Jun 14, 2008          9          2          4     "	7957	2008-06-14	"Sat"	"Evening"	"924"	9	2	4	15	"92"	"24"	11	6
"7956     Sat. Jun 14, 2008          0          7          5     "	7956	2008-06-14	"Sat"	"Midday"	"075"	0	7	5	12	"07"	"75"	7	12
"7955     Fri. Jun 13, 2008          7          1          1     "	7955	2008-06-13	"Fri"	"Evening"	"711"	7	1	1	9	"71"	"11"	8	2
"7954     Fri. Jun 13, 2008          6          8          1     "	7954	2008-06-13	"Fri"	"Midday"	"681"	6	8	1	15	"68"	"81"	14	9
"7953     Thu. Jun 12, 2008          2          1          6     "	7953	2008-06-12	"Thu"	"Evening"	"216"	2	1	6	9	"21"	"16"	3	7
"7952     Thu. Jun 12, 2008          0          1          4     "	7952	2008-06-12	"Thu"	"Midday"	"014"	0	1	4	5	"01"	"14"	1	5
"7951     Wed. Jun 11, 2008          6          4          1     "	7951	2008-06-11	"Wed"	"Evening"	"641"	6	4	1	11	"64"	"41"	10	5
"7950     Wed. Jun 11, 2008          3          9          9     "	7950	2008-06-11	"Wed"	"Midday"	"399"	3	9	9	21	"39"	"99"	12	18
"7949     Tue. Jun 10, 2008          1          9          7     "	7949	2008-06-10	"Tue"	"Evening"	"197"	1	9	7	17	"19"	"97"	10	16
"7948     Tue. Jun 10, 2008          0          2          6     "	7948	2008-06-10	"Tue"	"Midday"	"026"	0	2	6	8	"02"	"26"	2	8
"7947     Mon. Jun 09, 2008          9          5          3     "	7947	2008-06-09	"Mon"	"Evening"	"953"	9	5	3	17	"95"	"53"	14	8
"7946     Mon. Jun 09, 2008          0          7          7     "	7946	2008-06-09	"Mon"	"Midday"	"077"	0	7	7	14	"07"	"77"	7	14
"7945     Sun. Jun 08, 2008          6          3          0     "	7945	2008-06-08	"Sun"	"Evening"	"630"	6	3	0	9	"63"	"30"	9	3
"7944     Sun. Jun 08, 2008          9          6          8     "	7944	2008-06-08	"Sun"	"Midday"	"968"	9	6	8	23	"96"	"68"	15	14
"7943     Sat. Jun 07, 2008          1          4          0     "	7943	2008-06-07	"Sat"	"Evening"	"140"	1	4	0	5	"14"	"40"	5	4
"7942     Sat. Jun 07, 2008          8          8          8     "	7942	2008-06-07	"Sat"	"Midday"	"888"	8	8	8	24	"88"	"88"	16	16
"7941     Fri. Jun 06, 2008          3          9          1     "	7941	2008-06-06	"Fri"	"Evening"	"391"	3	9	1	13	"39"	"91"	12	10
"7940     Fri. Jun 06, 2008          3          3          5     "	7940	2008-06-06	"Fri"	"Midday"	"335"	3	3	5	11	"33"	"35"	6	8
"7939     Thu. Jun 05, 2008          1          9          4     "	7939	2008-06-05	"Thu"	"Evening"	"194"	1	9	4	14	"19"	"94"	10	13
"7938     Thu. Jun 05, 2008          0          8          0     "	7938	2008-06-05	"Thu"	"Midday"	"080"	0	8	0	8	"08"	"80"	8	8
"7937     Wed. Jun 04, 2008          4          0          0     "	7937	2008-06-04	"Wed"	"Evening"	"400"	4	0	0	4	"40"	"00"	4	0
"7936     Wed. Jun 04, 2008          8          2          3     "	7936	2008-06-04	"Wed"	"Midday"	"823"	8	2	3	13	"82"	"23"	10	5
"7935     Tue. Jun 03, 2008          3          6          0     "	7935	2008-06-03	"Tue"	"Evening"	"360"	3	6	0	9	"36"	"60"	9	6
"7934     Tue. Jun 03, 2008          0          9          7     "	7934	2008-06-03	"Tue"	"Midday"	"097"	0	9	7	16	"09"	"97"	9	16
"7933     Mon. Jun 02, 2008          3          1          0     "	7933	2008-06-02	"Mon"	"Evening"	"310"	3	1	0	4	"31"	"10"	4	1
"7932     Mon. Jun 02, 2008          1          0          8     "	7932	2008-06-02	"Mon"	"Midday"	"108"	1	0	8	9	"10"	"08"	1	8
"7931     Sun. Jun 01, 2008          0          8          7     "	7931	2008-06-01	"Sun"	"Evening"	"087"	0	8	7	15	"08"	"87"	8	15
"7930     Sun. Jun 01, 2008          5          5          9     "	7930	2008-06-01	"Sun"	"Midday"	"559"	5	5	9	19	"55"	"59"	10	14
"7929     Sat. May 31, 2008          4          4          3     "	7929	2008-05-31	"Sat"	"Evening"	"443"	4	4	3	11	"44"	"43"	8	7
"7928     Sat. May 31, 2008          7          5          2     "	7928	2008-05-31	"Sat"	"Midday"	"752"	7	5	2	14	"75"	"52"	12	7
"7927     Fri. May 30, 2008          4          7          5     "	7927	2008-05-30	"Fri"	"Evening"	"475"	4	7	5	16	"47"	"75"	11	12
"7926     Fri. May 30, 2008          8          0          0     "	7926	2008-05-30	"Fri"	"Midday"	"800"	8	0	0	8	"80"	"00"	8	0
"7925     Thu. May 29, 2008          5          5          1     "	7925	2008-05-29	"Thu"	"Evening"	"551"	5	5	1	11	"55"	"51"	10	6
"7924     Thu. May 29, 2008          3          7          5     "	7924	2008-05-29	"Thu"	"Midday"	"375"	3	7	5	15	"37"	"75"	10	12
"7923     Wed. May 28, 2008          5          6          4     "	7923	2008-05-28	"Wed"	"Evening"	"564"	5	6	4	15	"56"	"64"	11	10
"7922     Wed. May 28, 2008          1          1          1     "	7922	2008-05-28	"Wed"	"Midday"	"111"	1	1	1	3	"11"	"11"	2	2
"7921     Tue. May 27, 2008          7          3          4     "	7921	2008-05-27	"Tue"	"Evening"	"734"	7	3	4	14	"73"	"34"	10	7
"7920     Tue. May 27, 2008          5          8          9     "	7920	2008-05-27	"Tue"	"Midday"	"589"	5	8	9	22	"58"	"89"	13	17
"7919     Mon. May 26, 2008          9          6          1     "	7919	2008-05-26	"Mon"	"Evening"	"961"	9	6	1	16	"96"	"61"	15	7
"7918     Mon. May 26, 2008          8          6          0     "	7918	2008-05-26	"Mon"	"Midday"	"860"	8	6	0	14	"86"	"60"	14	6
"7917     Sun. May 25, 2008          1          5          9     "	7917	2008-05-25	"Sun"	"Evening"	"159"	1	5	9	15	"15"	"59"	6	14
"7916     Sun. May 25, 2008          2          8          9     "	7916	2008-05-25	"Sun"	"Midday"	"289"	2	8	9	19	"28"	"89"	10	17
"7915     Sat. May 24, 2008          9          6          0     "	7915	2008-05-24	"Sat"	"Evening"	"960"	9	6	0	15	"96"	"60"	15	6
"7914     Sat. May 24, 2008          7          3          8     "	7914	2008-05-24	"Sat"	"Midday"	"738"	7	3	8	18	"73"	"38"	10	11
"7913     Fri. May 23, 2008          6          3          6     "	7913	2008-05-23	"Fri"	"Evening"	"636"	6	3	6	15	"63"	"36"	9	9
"7912     Fri. May 23, 2008          4          2          6     "	7912	2008-05-23	"Fri"	"Midday"	"426"	4	2	6	12	"42"	"26"	6	8
"7911     Thu. May 22, 2008          4          5          5     "	7911	2008-05-22	"Thu"	"Evening"	"455"	4	5	5	14	"45"	"55"	9	10
"7910     Thu. May 22, 2008          8          4          3     "	7910	2008-05-22	"Thu"	"Midday"	"843"	8	4	3	15	"84"	"43"	12	7
"7909     Wed. May 21, 2008          1          1          7     "	7909	2008-05-21	"Wed"	"Evening"	"117"	1	1	7	9	"11"	"17"	2	8
"7908     Wed. May 21, 2008          3          6          6     "	7908	2008-05-21	"Wed"	"Midday"	"366"	3	6	6	15	"36"	"66"	9	12
"7907     Tue. May 20, 2008          7          8          0     "	7907	2008-05-20	"Tue"	"Evening"	"780"	7	8	0	15	"78"	"80"	15	8
"7906     Tue. May 20, 2008          1          3          9     "	7906	2008-05-20	"Tue"	"Midday"	"139"	1	3	9	13	"13"	"39"	4	12
"7905     Mon. May 19, 2008          1          1          6     "	7905	2008-05-19	"Mon"	"Evening"	"116"	1	1	6	8	"11"	"16"	2	7
"7904     Mon. May 19, 2008          2          0          0     "	7904	2008-05-19	"Mon"	"Midday"	"200"	2	0	0	2	"20"	"00"	2	0
"7903     Sun. May 18, 2008          9          7          3     "	7903	2008-05-18	"Sun"	"Evening"	"973"	9	7	3	19	"97"	"73"	16	10
"7902     Sun. May 18, 2008          3          8          1     "	7902	2008-05-18	"Sun"	"Midday"	"381"	3	8	1	12	"38"	"81"	11	9
"7901     Sat. May 17, 2008          4          9          7     "	7901	2008-05-17	"Sat"	"Evening"	"497"	4	9	7	20	"49"	"97"	13	16
"7900     Sat. May 17, 2008          4          6          7     "	7900	2008-05-17	"Sat"	"Midday"	"467"	4	6	7	17	"46"	"67"	10	13
"7899     Fri. May 16, 2008          2          2          5     "	7899	2008-05-16	"Fri"	"Evening"	"225"	2	2	5	9	"22"	"25"	4	7
"7898     Fri. May 16, 2008          2          3          7     "	7898	2008-05-16	"Fri"	"Midday"	"237"	2	3	7	12	"23"	"37"	5	10
"7897     Thu. May 15, 2008          5          4          7     "	7897	2008-05-15	"Thu"	"Evening"	"547"	5	4	7	16	"54"	"47"	9	11
"7896     Thu. May 15, 2008          6          0          6     "	7896	2008-05-15	"Thu"	"Midday"	"606"	6	0	6	12	"60"	"06"	6	6
"7895     Wed. May 14, 2008          3          1          5     "	7895	2008-05-14	"Wed"	"Evening"	"315"	3	1	5	9	"31"	"15"	4	6
"7894     Wed. May 14, 2008          9          5          0     "	7894	2008-05-14	"Wed"	"Midday"	"950"	9	5	0	14	"95"	"50"	14	5
"7893     Tue. May 13, 2008          8          1          1     "	7893	2008-05-13	"Tue"	"Evening"	"811"	8	1	1	10	"81"	"11"	9	2
"7892     Tue. May 13, 2008          1          4          9     "	7892	2008-05-13	"Tue"	"Midday"	"149"	1	4	9	14	"14"	"49"	5	13
"7891     Mon. May 12, 2008          3          5          4     "	7891	2008-05-12	"Mon"	"Evening"	"354"	3	5	4	12	"35"	"54"	8	9
"7890     Mon. May 12, 2008          2          1          9     "	7890	2008-05-12	"Mon"	"Midday"	"219"	2	1	9	12	"21"	"19"	3	10
"7889     Sun. May 11, 2008          4          9          3     "	7889	2008-05-11	"Sun"	"Evening"	"493"	4	9	3	16	"49"	"93"	13	12
"7888     Sun. May 11, 2008          8          4          7     "	7888	2008-05-11	"Sun"	"Midday"	"847"	8	4	7	19	"84"	"47"	12	11
"7887     Sat. May 10, 2008          8          0          0     "	7887	2008-05-10	"Sat"	"Evening"	"800"	8	0	0	8	"80"	"00"	8	0
"7886     Sat. May 10, 2008          1          4          9     "	7886	2008-05-10	"Sat"	"Midday"	"149"	1	4	9	14	"14"	"49"	5	13
"7885     Fri. May 09, 2008          6          7          6     "	7885	2008-05-09	"Fri"	"Evening"	"676"	6	7	6	19	"67"	"76"	13	13
"7884     Fri. May 09, 2008          1          1          8     "	7884	2008-05-09	"Fri"	"Midday"	"118"	1	1	8	10	"11"	"18"	2	9
"7883     Thu. May 08, 2008          4          0          3     "	7883	2008-05-08	"Thu"	"Evening"	"403"	4	0	3	7	"40"	"03"	4	3
"7882     Thu. May 08, 2008          6          9          1     "	7882	2008-05-08	"Thu"	"Midday"	"691"	6	9	1	16	"69"	"91"	15	10
"7881     Wed. May 07, 2008          4          1          3     "	7881	2008-05-07	"Wed"	"Evening"	"413"	4	1	3	8	"41"	"13"	5	4
"7880     Wed. May 07, 2008          0          7          3     "	7880	2008-05-07	"Wed"	"Midday"	"073"	0	7	3	10	"07"	"73"	7	10
"7879     Tue. May 06, 2008          9          9          8     "	7879	2008-05-06	"Tue"	"Evening"	"998"	9	9	8	26	"99"	"98"	18	17
"7878     Tue. May 06, 2008          0          5          6     "	7878	2008-05-06	"Tue"	"Midday"	"056"	0	5	6	11	"05"	"56"	5	11
"7877     Mon. May 05, 2008          7          1          7     "	7877	2008-05-05	"Mon"	"Evening"	"717"	7	1	7	15	"71"	"17"	8	8
"7876     Mon. May 05, 2008          0          3          7     "	7876	2008-05-05	"Mon"	"Midday"	"037"	0	3	7	10	"03"	"37"	3	10
"7875     Sun. May 04, 2008          0          7          9     "	7875	2008-05-04	"Sun"	"Evening"	"079"	0	7	9	16	"07"	"79"	7	16
"7874     Sun. May 04, 2008          5          6          6     "	7874	2008-05-04	"Sun"	"Midday"	"566"	5	6	6	17	"56"	"66"	11	12
"7873     Sat. May 03, 2008          2          7          7     "	7873	2008-05-03	"Sat"	"Evening"	"277"	2	7	7	16	"27"	"77"	9	14
"7872     Sat. May 03, 2008          2          3          5     "	7872	2008-05-03	"Sat"	"Midday"	"235"	2	3	5	10	"23"	"35"	5	8
"7871     Fri. May 02, 2008          3          5          7     "	7871	2008-05-02	"Fri"	"Evening"	"357"	3	5	7	15	"35"	"57"	8	12
"7870     Fri. May 02, 2008          3          8          8     "	7870	2008-05-02	"Fri"	"Midday"	"388"	3	8	8	19	"38"	"88"	11	16
"7869     Thu. May 01, 2008          7          8          4     "	7869	2008-05-01	"Thu"	"Evening"	"784"	7	8	4	19	"78"	"84"	15	12
"7868     Thu. May 01, 2008          5          9          1     "	7868	2008-05-01	"Thu"	"Midday"	"591"	5	9	1	15	"59"	"91"	14	10
"7867     Wed. Apr 30, 2008          2          1          3     "	7867	2008-04-30	"Wed"	"Evening"	"213"	2	1	3	6	"21"	"13"	3	4
"7866     Wed. Apr 30, 2008          4          6          1     "	7866	2008-04-30	"Wed"	"Midday"	"461"	4	6	1	11	"46"	"61"	10	7
"7865     Tue. Apr 29, 2008          6          6          8     "	7865	2008-04-29	"Tue"	"Evening"	"668"	6	6	8	20	"66"	"68"	12	14
"7864     Tue. Apr 29, 2008          5          6          0     "	7864	2008-04-29	"Tue"	"Midday"	"560"	5	6	0	11	"56"	"60"	11	6
"7863     Mon. Apr 28, 2008          9          0          6     "	7863	2008-04-28	"Mon"	"Evening"	"906"	9	0	6	15	"90"	"06"	9	6
"7862     Mon. Apr 28, 2008          3          4          4     "	7862	2008-04-28	"Mon"	"Midday"	"344"	3	4	4	11	"34"	"44"	7	8
"7861     Sun. Apr 27, 2008          7          1          0     "	7861	2008-04-27	"Sun"	"Evening"	"710"	7	1	0	8	"71"	"10"	8	1
"7860     Sun. Apr 27, 2008          3          7          6     "	7860	2008-04-27	"Sun"	"Midday"	"376"	3	7	6	16	"37"	"76"	10	13
"7859     Sat. Apr 26, 2008          8          9          7     "	7859	2008-04-26	"Sat"	"Evening"	"897"	8	9	7	24	"89"	"97"	17	16
"7858     Sat. Apr 26, 2008          4          0          1     "	7858	2008-04-26	"Sat"	"Midday"	"401"	4	0	1	5	"40"	"01"	4	1
"7857     Fri. Apr 25, 2008          3          6          0     "	7857	2008-04-25	"Fri"	"Evening"	"360"	3	6	0	9	"36"	"60"	9	6
"7856     Fri. Apr 25, 2008          7          6          6     "	7856	2008-04-25	"Fri"	"Midday"	"766"	7	6	6	19	"76"	"66"	13	12
"7855     Thu. Apr 24, 2008          0          9          0     "	7855	2008-04-24	"Thu"	"Evening"	"090"	0	9	0	9	"09"	"90"	9	9
"7854     Thu. Apr 24, 2008          7          7          7     "	7854	2008-04-24	"Thu"	"Midday"	"777"	7	7	7	21	"77"	"77"	14	14
"7853     Wed. Apr 23, 2008          3          9          0     "	7853	2008-04-23	"Wed"	"Evening"	"390"	3	9	0	12	"39"	"90"	12	9
"7852     Wed. Apr 23, 2008          4          8          9     "	7852	2008-04-23	"Wed"	"Midday"	"489"	4	8	9	21	"48"	"89"	12	17
"7851     Tue. Apr 22, 2008          4          2          2     "	7851	2008-04-22	"Tue"	"Evening"	"422"	4	2	2	8	"42"	"22"	6	4
"7850     Tue. Apr 22, 2008          3          9          2     "	7850	2008-04-22	"Tue"	"Midday"	"392"	3	9	2	14	"39"	"92"	12	11
"7849     Mon. Apr 21, 2008          1          7          6     "	7849	2008-04-21	"Mon"	"Evening"	"176"	1	7	6	14	"17"	"76"	8	13
"7848     Mon. Apr 21, 2008          4          0          1     "	7848	2008-04-21	"Mon"	"Midday"	"401"	4	0	1	5	"40"	"01"	4	1
"7847     Sun. Apr 20, 2008          9          7          6     "	7847	2008-04-20	"Sun"	"Evening"	"976"	9	7	6	22	"97"	"76"	16	13
"7846     Sun. Apr 20, 2008          7          5          0     "	7846	2008-04-20	"Sun"	"Midday"	"750"	7	5	0	12	"75"	"50"	12	5
"7845     Sat. Apr 19, 2008          8          6          2     "	7845	2008-04-19	"Sat"	"Evening"	"862"	8	6	2	16	"86"	"62"	14	8
"7844     Sat. Apr 19, 2008          0          4          4     "	7844	2008-04-19	"Sat"	"Midday"	"044"	0	4	4	8	"04"	"44"	4	8
"7843     Fri. Apr 18, 2008          1          1          3     "	7843	2008-04-18	"Fri"	"Evening"	"113"	1	1	3	5	"11"	"13"	2	4
"7842     Fri. Apr 18, 2008          1          9          8     "	7842	2008-04-18	"Fri"	"Midday"	"198"	1	9	8	18	"19"	"98"	10	17
"7841     Thu. Apr 17, 2008          0          7          9     "	7841	2008-04-17	"Thu"	"Evening"	"079"	0	7	9	16	"07"	"79"	7	16
"7840     Thu. Apr 17, 2008          6          7          9     "	7840	2008-04-17	"Thu"	"Midday"	"679"	6	7	9	22	"67"	"79"	13	16
"7839     Wed. Apr 16, 2008          6          1          3     "	7839	2008-04-16	"Wed"	"Evening"	"613"	6	1	3	10	"61"	"13"	7	4
"7838     Wed. Apr 16, 2008          3          8          3     "	7838	2008-04-16	"Wed"	"Midday"	"383"	3	8	3	14	"38"	"83"	11	11
"7837     Tue. Apr 15, 2008          3          8          5     "	7837	2008-04-15	"Tue"	"Evening"	"385"	3	8	5	16	"38"	"85"	11	13
"7836     Tue. Apr 15, 2008          9          8          1     "	7836	2008-04-15	"Tue"	"Midday"	"981"	9	8	1	18	"98"	"81"	17	9
"7835     Mon. Apr 14, 2008          4          2          2     "	7835	2008-04-14	"Mon"	"Evening"	"422"	4	2	2	8	"42"	"22"	6	4
"7834     Mon. Apr 14, 2008          6          0          0     "	7834	2008-04-14	"Mon"	"Midday"	"600"	6	0	0	6	"60"	"00"	6	0
"7833     Sun. Apr 13, 2008          7          2          2     "	7833	2008-04-13	"Sun"	"Evening"	"722"	7	2	2	11	"72"	"22"	9	4
"7832     Sun. Apr 13, 2008          4          7          1     "	7832	2008-04-13	"Sun"	"Midday"	"471"	4	7	1	12	"47"	"71"	11	8
"7831     Sat. Apr 12, 2008          7          5          4     "	7831	2008-04-12	"Sat"	"Evening"	"754"	7	5	4	16	"75"	"54"	12	9
"7830     Sat. Apr 12, 2008          8          6          8     "	7830	2008-04-12	"Sat"	"Midday"	"868"	8	6	8	22	"86"	"68"	14	14
"7829     Fri. Apr 11, 2008          7          7          0     "	7829	2008-04-11	"Fri"	"Evening"	"770"	7	7	0	14	"77"	"70"	14	7
"7828     Fri. Apr 11, 2008          5          0          6     "	7828	2008-04-11	"Fri"	"Midday"	"506"	5	0	6	11	"50"	"06"	5	6
"7827     Thu. Apr 10, 2008          6          7          0     "	7827	2008-04-10	"Thu"	"Evening"	"670"	6	7	0	13	"67"	"70"	13	7
"7826     Thu. Apr 10, 2008          6          5          2     "	7826	2008-04-10	"Thu"	"Midday"	"652"	6	5	2	13	"65"	"52"	11	7
"7825     Wed. Apr 09, 2008          8          2          1     "	7825	2008-04-09	"Wed"	"Evening"	"821"	8	2	1	11	"82"	"21"	10	3
"7824     Wed. Apr 09, 2008          0          7          4     "	7824	2008-04-09	"Wed"	"Midday"	"074"	0	7	4	11	"07"	"74"	7	11
"7823     Tue. Apr 08, 2008          5          9          5     "	7823	2008-04-08	"Tue"	"Evening"	"595"	5	9	5	19	"59"	"95"	14	14
"7822     Tue. Apr 08, 2008          6          2          8     "	7822	2008-04-08	"Tue"	"Midday"	"628"	6	2	8	16	"62"	"28"	8	10
"7821     Mon. Apr 07, 2008          1          9          8     "	7821	2008-04-07	"Mon"	"Evening"	"198"	1	9	8	18	"19"	"98"	10	17
"7820     Mon. Apr 07, 2008          2          2          6     "	7820	2008-04-07	"Mon"	"Midday"	"226"	2	2	6	10	"22"	"26"	4	8
"7819     Sun. Apr 06, 2008          8          3          4     "	7819	2008-04-06	"Sun"	"Evening"	"834"	8	3	4	15	"83"	"34"	11	7
"7818     Sun. Apr 06, 2008          2          1          5     "	7818	2008-04-06	"Sun"	"Midday"	"215"	2	1	5	8	"21"	"15"	3	6
"7817     Sat. Apr 05, 2008          8          1          2     "	7817	2008-04-05	"Sat"	"Evening"	"812"	8	1	2	11	"81"	"12"	9	3
"7816     Sat. Apr 05, 2008          1          6          2     "	7816	2008-04-05	"Sat"	"Midday"	"162"	1	6	2	9	"16"	"62"	7	8
"7815     Fri. Apr 04, 2008          9          4          5     "	7815	2008-04-04	"Fri"	"Evening"	"945"	9	4	5	18	"94"	"45"	13	9
"7814     Fri. Apr 04, 2008          7          5          7     "	7814	2008-04-04	"Fri"	"Midday"	"757"	7	5	7	19	"75"	"57"	12	12
"7813     Thu. Apr 03, 2008          5          9          3     "	7813	2008-04-03	"Thu"	"Evening"	"593"	5	9	3	17	"59"	"93"	14	12
"7812     Thu. Apr 03, 2008          5          3          3     "	7812	2008-04-03	"Thu"	"Midday"	"533"	5	3	3	11	"53"	"33"	8	6
"7811     Wed. Apr 02, 2008          3          1          3     "	7811	2008-04-02	"Wed"	"Evening"	"313"	3	1	3	7	"31"	"13"	4	4
"7810     Wed. Apr 02, 2008          4          2          1     "	7810	2008-04-02	"Wed"	"Midday"	"421"	4	2	1	7	"42"	"21"	6	3
"7809     Tue. Apr 01, 2008          4          2          8     "	7809	2008-04-01	"Tue"	"Evening"	"428"	4	2	8	14	"42"	"28"	6	10
"7808     Tue. Apr 01, 2008          6          4          4     "	7808	2008-04-01	"Tue"	"Midday"	"644"	6	4	4	14	"64"	"44"	10	8
"7807     Mon. Mar 31, 2008          1          4          7     "	7807	2008-03-31	"Mon"	"Evening"	"147"	1	4	7	12	"14"	"47"	5	11
"7806     Mon. Mar 31, 2008          5          5          0     "	7806	2008-03-31	"Mon"	"Midday"	"550"	5	5	0	10	"55"	"50"	10	5
"7805     Sun. Mar 30, 2008          8          1          6     "	7805	2008-03-30	"Sun"	"Evening"	"816"	8	1	6	15	"81"	"16"	9	7
"7804     Sun. Mar 30, 2008          1          2          9     "	7804	2008-03-30	"Sun"	"Midday"	"129"	1	2	9	12	"12"	"29"	3	11
"7803     Sat. Mar 29, 2008          8          5          5     "	7803	2008-03-29	"Sat"	"Evening"	"855"	8	5	5	18	"85"	"55"	13	10
"7802     Sat. Mar 29, 2008          7          1          7     "	7802	2008-03-29	"Sat"	"Midday"	"717"	7	1	7	15	"71"	"17"	8	8
"7801     Fri. Mar 28, 2008          8          7          2     "	7801	2008-03-28	"Fri"	"Evening"	"872"	8	7	2	17	"87"	"72"	15	9
"7800     Fri. Mar 28, 2008          3          7          1     "	7800	2008-03-28	"Fri"	"Midday"	"371"	3	7	1	11	"37"	"71"	10	8
"7799     Thu. Mar 27, 2008          6          4          8     "	7799	2008-03-27	"Thu"	"Evening"	"648"	6	4	8	18	"64"	"48"	10	12
"7798     Thu. Mar 27, 2008          4          2          3     "	7798	2008-03-27	"Thu"	"Midday"	"423"	4	2	3	9	"42"	"23"	6	5
"7797     Wed. Mar 26, 2008          3          2          1     "	7797	2008-03-26	"Wed"	"Evening"	"321"	3	2	1	6	"32"	"21"	5	3
"7796     Wed. Mar 26, 2008          7          2          4     "	7796	2008-03-26	"Wed"	"Midday"	"724"	7	2	4	13	"72"	"24"	9	6
"7795     Tue. Mar 25, 2008          6          5          1     "	7795	2008-03-25	"Tue"	"Evening"	"651"	6	5	1	12	"65"	"51"	11	6
"7794     Tue. Mar 25, 2008          8          4          0     "	7794	2008-03-25	"Tue"	"Midday"	"840"	8	4	0	12	"84"	"40"	12	4
"7793     Mon. Mar 24, 2008          4          7          2     "	7793	2008-03-24	"Mon"	"Evening"	"472"	4	7	2	13	"47"	"72"	11	9
"7792     Mon. Mar 24, 2008          9          1          7     "	7792	2008-03-24	"Mon"	"Midday"	"917"	9	1	7	17	"91"	"17"	10	8
"7791     Sun. Mar 23, 2008          5          4          8     "	7791	2008-03-23	"Sun"	"Evening"	"548"	5	4	8	17	"54"	"48"	9	12
"7790     Sun. Mar 23, 2008          1          3          3     "	7790	2008-03-23	"Sun"	"Midday"	"133"	1	3	3	7	"13"	"33"	4	6
"7789     Sat. Mar 22, 2008          9          5          6     "	7789	2008-03-22	"Sat"	"Evening"	"956"	9	5	6	20	"95"	"56"	14	11
"7788     Sat. Mar 22, 2008          7          3          4     "	7788	2008-03-22	"Sat"	"Midday"	"734"	7	3	4	14	"73"	"34"	10	7
"7787     Fri. Mar 21, 2008          6          5          1     "	7787	2008-03-21	"Fri"	"Evening"	"651"	6	5	1	12	"65"	"51"	11	6
"7786     Fri. Mar 21, 2008          1          3          8     "	7786	2008-03-21	"Fri"	"Midday"	"138"	1	3	8	12	"13"	"38"	4	11
"7785     Thu. Mar 20, 2008          4          3          8     "	7785	2008-03-20	"Thu"	"Evening"	"438"	4	3	8	15	"43"	"38"	7	11
"7784     Thu. Mar 20, 2008          7          0          7     "	7784	2008-03-20	"Thu"	"Midday"	"707"	7	0	7	14	"70"	"07"	7	7
"7783     Wed. Mar 19, 2008          3          5          7     "	7783	2008-03-19	"Wed"	"Evening"	"357"	3	5	7	15	"35"	"57"	8	12
"7782     Wed. Mar 19, 2008          2          3          3     "	7782	2008-03-19	"Wed"	"Midday"	"233"	2	3	3	8	"23"	"33"	5	6
"7781     Tue. Mar 18, 2008          3          0          5     "	7781	2008-03-18	"Tue"	"Evening"	"305"	3	0	5	8	"30"	"05"	3	5
"7780     Tue. Mar 18, 2008          7          3          1     "	7780	2008-03-18	"Tue"	"Midday"	"731"	7	3	1	11	"73"	"31"	10	4
"7779     Mon. Mar 17, 2008          1          8          9     "	7779	2008-03-17	"Mon"	"Evening"	"189"	1	8	9	18	"18"	"89"	9	17
"7778     Mon. Mar 17, 2008          8          1          4     "	7778	2008-03-17	"Mon"	"Midday"	"814"	8	1	4	13	"81"	"14"	9	5
"7777     Sun. Mar 16, 2008          4          3          8     "	7777	2008-03-16	"Sun"	"Evening"	"438"	4	3	8	15	"43"	"38"	7	11
"7776     Sun. Mar 16, 2008          8          3          2     "	7776	2008-03-16	"Sun"	"Midday"	"832"	8	3	2	13	"83"	"32"	11	5
"7775     Sat. Mar 15, 2008          1          5          8     "	7775	2008-03-15	"Sat"	"Evening"	"158"	1	5	8	14	"15"	"58"	6	13
"7774     Sat. Mar 15, 2008          6          4          4     "	7774	2008-03-15	"Sat"	"Midday"	"644"	6	4	4	14	"64"	"44"	10	8
"7773     Fri. Mar 14, 2008          9          8          2     "	7773	2008-03-14	"Fri"	"Evening"	"982"	9	8	2	19	"98"	"82"	17	10
"7772     Fri. Mar 14, 2008          1          2          8     "	7772	2008-03-14	"Fri"	"Midday"	"128"	1	2	8	11	"12"	"28"	3	10
"7771     Thu. Mar 13, 2008          9          4          4     "	7771	2008-03-13	"Thu"	"Evening"	"944"	9	4	4	17	"94"	"44"	13	8
"7770     Thu. Mar 13, 2008          6          9          2     "	7770	2008-03-13	"Thu"	"Midday"	"692"	6	9	2	17	"69"	"92"	15	11
"7769     Wed. Mar 12, 2008          5          6          4     "	7769	2008-03-12	"Wed"	"Evening"	"564"	5	6	4	15	"56"	"64"	11	10
"7768     Wed. Mar 12, 2008          3          2          1     "	7768	2008-03-12	"Wed"	"Midday"	"321"	3	2	1	6	"32"	"21"	5	3
"7767     Tue. Mar 11, 2008          1          1          9     "	7767	2008-03-11	"Tue"	"Evening"	"119"	1	1	9	11	"11"	"19"	2	10
"7766     Tue. Mar 11, 2008          8          4          0     "	7766	2008-03-11	"Tue"	"Midday"	"840"	8	4	0	12	"84"	"40"	12	4
"7765     Mon. Mar 10, 2008          9          8          3     "	7765	2008-03-10	"Mon"	"Evening"	"983"	9	8	3	20	"98"	"83"	17	11
"7764     Mon. Mar 10, 2008          1          0          1     "	7764	2008-03-10	"Mon"	"Midday"	"101"	1	0	1	2	"10"	"01"	1	1
"7763     Sun. Mar 09, 2008          0          9          5     "	7763	2008-03-09	"Sun"	"Evening"	"095"	0	9	5	14	"09"	"95"	9	14
"7762     Sun. Mar 09, 2008          7          8          4     "	7762	2008-03-09	"Sun"	"Midday"	"784"	7	8	4	19	"78"	"84"	15	12
"7761     Sat. Mar 08, 2008          6          3          6     "	7761	2008-03-08	"Sat"	"Evening"	"636"	6	3	6	15	"63"	"36"	9	9
"7760     Sat. Mar 08, 2008          1          9          2     "	7760	2008-03-08	"Sat"	"Midday"	"192"	1	9	2	12	"19"	"92"	10	11
"7759     Fri. Mar 07, 2008          7          5          9     "	7759	2008-03-07	"Fri"	"Evening"	"759"	7	5	9	21	"75"	"59"	12	14
"7758     Fri. Mar 07, 2008          7          5          7     "	7758	2008-03-07	"Fri"	"Midday"	"757"	7	5	7	19	"75"	"57"	12	12
"7757     Thu. Mar 06, 2008          7          2          7     "	7757	2008-03-06	"Thu"	"Evening"	"727"	7	2	7	16	"72"	"27"	9	9
"7756     Thu. Mar 06, 2008          2          3          5     "	7756	2008-03-06	"Thu"	"Midday"	"235"	2	3	5	10	"23"	"35"	5	8
"7755     Wed. Mar 05, 2008          7          6          5     "	7755	2008-03-05	"Wed"	"Evening"	"765"	7	6	5	18	"76"	"65"	13	11
"7754     Wed. Mar 05, 2008          5          5          2     "	7754	2008-03-05	"Wed"	"Midday"	"552"	5	5	2	12	"55"	"52"	10	7
"7753     Tue. Mar 04, 2008          0          5          6     "	7753	2008-03-04	"Tue"	"Evening"	"056"	0	5	6	11	"05"	"56"	5	11
"7752     Tue. Mar 04, 2008          1          0          5     "	7752	2008-03-04	"Tue"	"Midday"	"105"	1	0	5	6	"10"	"05"	1	5
"7751     Mon. Mar 03, 2008          0          2          4     "	7751	2008-03-03	"Mon"	"Evening"	"024"	0	2	4	6	"02"	"24"	2	6
"7750     Mon. Mar 03, 2008          0          4          3     "	7750	2008-03-03	"Mon"	"Midday"	"043"	0	4	3	7	"04"	"43"	4	7
"7749     Sun. Mar 02, 2008          2          3          9     "	7749	2008-03-02	"Sun"	"Evening"	"239"	2	3	9	14	"23"	"39"	5	12
"7748     Sun. Mar 02, 2008          5          7          6     "	7748	2008-03-02	"Sun"	"Midday"	"576"	5	7	6	18	"57"	"76"	12	13
"7747     Sat. Mar 01, 2008          0          4          4     "	7747	2008-03-01	"Sat"	"Evening"	"044"	0	4	4	8	"04"	"44"	4	8
"7746     Sat. Mar 01, 2008          3          3          1     "	7746	2008-03-01	"Sat"	"Midday"	"331"	3	3	1	7	"33"	"31"	6	4
"7745     Fri. Feb 29, 2008          4          8          8     "	7745	2008-02-29	"Fri"	"Evening"	"488"	4	8	8	20	"48"	"88"	12	16
"7744     Fri. Feb 29, 2008          2          0          6     "	7744	2008-02-29	"Fri"	"Midday"	"206"	2	0	6	8	"20"	"06"	2	6
"7743     Thu. Feb 28, 2008          2          6          3     "	7743	2008-02-28	"Thu"	"Evening"	"263"	2	6	3	11	"26"	"63"	8	9
"7742     Thu. Feb 28, 2008          9          1          8     "	7742	2008-02-28	"Thu"	"Midday"	"918"	9	1	8	18	"91"	"18"	10	9
"7741     Wed. Feb 27, 2008          9          5          1     "	7741	2008-02-27	"Wed"	"Evening"	"951"	9	5	1	15	"95"	"51"	14	6
"7740     Wed. Feb 27, 2008          7          0          5     "	7740	2008-02-27	"Wed"	"Midday"	"705"	7	0	5	12	"70"	"05"	7	5
"7739     Tue. Feb 26, 2008          7          0          5     "	7739	2008-02-26	"Tue"	"Evening"	"705"	7	0	5	12	"70"	"05"	7	5
"7738     Tue. Feb 26, 2008          9          4          5     "	7738	2008-02-26	"Tue"	"Midday"	"945"	9	4	5	18	"94"	"45"	13	9
"7737     Mon. Feb 25, 2008          0          7          4     "	7737	2008-02-25	"Mon"	"Evening"	"074"	0	7	4	11	"07"	"74"	7	11
"7736     Mon. Feb 25, 2008          8          2          7     "	7736	2008-02-25	"Mon"	"Midday"	"827"	8	2	7	17	"82"	"27"	10	9
"7735     Sun. Feb 24, 2008          0          1          2     "	7735	2008-02-24	"Sun"	"Evening"	"012"	0	1	2	3	"01"	"12"	1	3
"7734     Sun. Feb 24, 2008          9          9          8     "	7734	2008-02-24	"Sun"	"Midday"	"998"	9	9	8	26	"99"	"98"	18	17
"7733     Sat. Feb 23, 2008          0          2          5     "	7733	2008-02-23	"Sat"	"Evening"	"025"	0	2	5	7	"02"	"25"	2	7
"7732     Sat. Feb 23, 2008          4          8          3     "	7732	2008-02-23	"Sat"	"Midday"	"483"	4	8	3	15	"48"	"83"	12	11
"7731     Fri. Feb 22, 2008          8          8          7     "	7731	2008-02-22	"Fri"	"Evening"	"887"	8	8	7	23	"88"	"87"	16	15
"7730     Fri. Feb 22, 2008          5          2          6     "	7730	2008-02-22	"Fri"	"Midday"	"526"	5	2	6	13	"52"	"26"	7	8
"7729     Thu. Feb 21, 2008          8          3          1     "	7729	2008-02-21	"Thu"	"Evening"	"831"	8	3	1	12	"83"	"31"	11	4
"7728     Thu. Feb 21, 2008          5          5          2     "	7728	2008-02-21	"Thu"	"Midday"	"552"	5	5	2	12	"55"	"52"	10	7
"7727     Wed. Feb 20, 2008          9          1          7     "	7727	2008-02-20	"Wed"	"Evening"	"917"	9	1	7	17	"91"	"17"	10	8
"7726     Wed. Feb 20, 2008          6          2          0     "	7726	2008-02-20	"Wed"	"Midday"	"620"	6	2	0	8	"62"	"20"	8	2
"7725     Tue. Feb 19, 2008          1          9          0     "	7725	2008-02-19	"Tue"	"Evening"	"190"	1	9	0	10	"19"	"90"	10	9
"7724     Tue. Feb 19, 2008          7          1          4     "	7724	2008-02-19	"Tue"	"Midday"	"714"	7	1	4	12	"71"	"14"	8	5
"7723     Mon. Feb 18, 2008          3          1          1     "	7723	2008-02-18	"Mon"	"Evening"	"311"	3	1	1	5	"31"	"11"	4	2
"7722     Mon. Feb 18, 2008          7          9          3     "	7722	2008-02-18	"Mon"	"Midday"	"793"	7	9	3	19	"79"	"93"	16	12
"7721     Sun. Feb 17, 2008          9          2          0     "	7721	2008-02-17	"Sun"	"Evening"	"920"	9	2	0	11	"92"	"20"	11	2
"7720     Sun. Feb 17, 2008          3          3          2     "	7720	2008-02-17	"Sun"	"Midday"	"332"	3	3	2	8	"33"	"32"	6	5
"7719     Sat. Feb 16, 2008          6          1          8     "	7719	2008-02-16	"Sat"	"Evening"	"618"	6	1	8	15	"61"	"18"	7	9
"7718     Sat. Feb 16, 2008          1          5          2     "	7718	2008-02-16	"Sat"	"Midday"	"152"	1	5	2	8	"15"	"52"	6	7
"7717     Fri. Feb 15, 2008          6          6          1     "	7717	2008-02-15	"Fri"	"Evening"	"661"	6	6	1	13	"66"	"61"	12	7
"7716     Fri. Feb 15, 2008          9          6          3     "	7716	2008-02-15	"Fri"	"Midday"	"963"	9	6	3	18	"96"	"63"	15	9
"7715     Thu. Feb 14, 2008          1          0          9     "	7715	2008-02-14	"Thu"	"Evening"	"109"	1	0	9	10	"10"	"09"	1	9
"7714     Thu. Feb 14, 2008          5          3          5     "	7714	2008-02-14	"Thu"	"Midday"	"535"	5	3	5	13	"53"	"35"	8	8
"7713     Wed. Feb 13, 2008          5          9          8     "	7713	2008-02-13	"Wed"	"Evening"	"598"	5	9	8	22	"59"	"98"	14	17
"7712     Wed. Feb 13, 2008          8          2          6     "	7712	2008-02-13	"Wed"	"Midday"	"826"	8	2	6	16	"82"	"26"	10	8
"7711     Tue. Feb 12, 2008          0          3          6     "	7711	2008-02-12	"Tue"	"Evening"	"036"	0	3	6	9	"03"	"36"	3	9
"7710     Tue. Feb 12, 2008          4          9          8     "	7710	2008-02-12	"Tue"	"Midday"	"498"	4	9	8	21	"49"	"98"	13	17
"7709     Mon. Feb 11, 2008          4          3          4     "	7709	2008-02-11	"Mon"	"Evening"	"434"	4	3	4	11	"43"	"34"	7	7
"7708     Mon. Feb 11, 2008          9          1          1     "	7708	2008-02-11	"Mon"	"Midday"	"911"	9	1	1	11	"91"	"11"	10	2
"7707     Sun. Feb 10, 2008          2          9          5     "	7707	2008-02-10	"Sun"	"Evening"	"295"	2	9	5	16	"29"	"95"	11	14
"7706     Sun. Feb 10, 2008          2          6          0     "	7706	2008-02-10	"Sun"	"Midday"	"260"	2	6	0	8	"26"	"60"	8	6
"7705     Sat. Feb 09, 2008          1          2          8     "	7705	2008-02-09	"Sat"	"Evening"	"128"	1	2	8	11	"12"	"28"	3	10
"7704     Sat. Feb 09, 2008          8          4          7     "	7704	2008-02-09	"Sat"	"Midday"	"847"	8	4	7	19	"84"	"47"	12	11
"7703     Fri. Feb 08, 2008          5          1          0     "	7703	2008-02-08	"Fri"	"Evening"	"510"	5	1	0	6	"51"	"10"	6	1
"7702     Fri. Feb 08, 2008          9          8          7     "	7702	2008-02-08	"Fri"	"Midday"	"987"	9	8	7	24	"98"	"87"	17	15
"7701     Thu. Feb 07, 2008          2          2          4     "	7701	2008-02-07	"Thu"	"Evening"	"224"	2	2	4	8	"22"	"24"	4	6
"7700     Thu. Feb 07, 2008          6          0          0     "	7700	2008-02-07	"Thu"	"Midday"	"600"	6	0	0	6	"60"	"00"	6	0
"7699     Wed. Feb 06, 2008          6          0          0     "	7699	2008-02-06	"Wed"	"Evening"	"600"	6	0	0	6	"60"	"00"	6	0
"7698     Wed. Feb 06, 2008          5          7          8     "	7698	2008-02-06	"Wed"	"Midday"	"578"	5	7	8	20	"57"	"78"	12	15
"7697     Tue. Feb 05, 2008          5          3          9     "	7697	2008-02-05	"Tue"	"Evening"	"539"	5	3	9	17	"53"	"39"	8	12
"7696     Tue. Feb 05, 2008          7          5          2     "	7696	2008-02-05	"Tue"	"Midday"	"752"	7	5	2	14	"75"	"52"	12	7
"7695     Mon. Feb 04, 2008          3          3          4     "	7695	2008-02-04	"Mon"	"Evening"	"334"	3	3	4	10	"33"	"34"	6	7
"7694     Mon. Feb 04, 2008          0          2          4     "	7694	2008-02-04	"Mon"	"Midday"	"024"	0	2	4	6	"02"	"24"	2	6
"7693     Sun. Feb 03, 2008          1          0          9     "	7693	2008-02-03	"Sun"	"Evening"	"109"	1	0	9	10	"10"	"09"	1	9
"7692     Sun. Feb 03, 2008          0          8          2     "	7692	2008-02-03	"Sun"	"Midday"	"082"	0	8	2	10	"08"	"82"	8	10
"7691     Sat. Feb 02, 2008          9          3          9     "	7691	2008-02-02	"Sat"	"Evening"	"939"	9	3	9	21	"93"	"39"	12	12
"7690     Sat. Feb 02, 2008          4          8          8     "	7690	2008-02-02	"Sat"	"Midday"	"488"	4	8	8	20	"48"	"88"	12	16
"7689     Fri. Feb 01, 2008          6          4          2     "	7689	2008-02-01	"Fri"	"Evening"	"642"	6	4	2	12	"64"	"42"	10	6
"7688     Fri. Feb 01, 2008          5          5          0     "	7688	2008-02-01	"Fri"	"Midday"	"550"	5	5	0	10	"55"	"50"	10	5
"7687     Thu. Jan 31, 2008          6          6          4     "	7687	2008-01-31	"Thu"	"Evening"	"664"	6	6	4	16	"66"	"64"	12	10
"7686     Thu. Jan 31, 2008          9          6          1     "	7686	2008-01-31	"Thu"	"Midday"	"961"	9	6	1	16	"96"	"61"	15	7
"7685     Wed. Jan 30, 2008          3          5          6     "	7685	2008-01-30	"Wed"	"Evening"	"356"	3	5	6	14	"35"	"56"	8	11
"7684     Wed. Jan 30, 2008          1          9          6     "	7684	2008-01-30	"Wed"	"Midday"	"196"	1	9	6	16	"19"	"96"	10	15
"7683     Tue. Jan 29, 2008          3          9          3     "	7683	2008-01-29	"Tue"	"Evening"	"393"	3	9	3	15	"39"	"93"	12	12
"7682     Tue. Jan 29, 2008          1          6          6     "	7682	2008-01-29	"Tue"	"Midday"	"166"	1	6	6	13	"16"	"66"	7	12
"7681     Mon. Jan 28, 2008          5          7          0     "	7681	2008-01-28	"Mon"	"Evening"	"570"	5	7	0	12	"57"	"70"	12	7
"7680     Mon. Jan 28, 2008          2          8          5     "	7680	2008-01-28	"Mon"	"Midday"	"285"	2	8	5	15	"28"	"85"	10	13
"7679     Sun. Jan 27, 2008          4          0          9     "	7679	2008-01-27	"Sun"	"Evening"	"409"	4	0	9	13	"40"	"09"	4	9
"7678     Sun. Jan 27, 2008          5          1          2     "	7678	2008-01-27	"Sun"	"Midday"	"512"	5	1	2	8	"51"	"12"	6	3
"7677     Sat. Jan 26, 2008          8          8          1     "	7677	2008-01-26	"Sat"	"Evening"	"881"	8	8	1	17	"88"	"81"	16	9
"7676     Sat. Jan 26, 2008          3          2          0     "	7676	2008-01-26	"Sat"	"Midday"	"320"	3	2	0	5	"32"	"20"	5	2
"7675     Fri. Jan 25, 2008          2          8          6     "	7675	2008-01-25	"Fri"	"Evening"	"286"	2	8	6	16	"28"	"86"	10	14
"7674     Fri. Jan 25, 2008          6          0          8     "	7674	2008-01-25	"Fri"	"Midday"	"608"	6	0	8	14	"60"	"08"	6	8
"7673     Thu. Jan 24, 2008          0          0          9     "	7673	2008-01-24	"Thu"	"Evening"	"009"	0	0	9	9	"00"	"09"	0	9
"7672     Thu. Jan 24, 2008          0          1          5     "	7672	2008-01-24	"Thu"	"Midday"	"015"	0	1	5	6	"01"	"15"	1	6
"7671     Wed. Jan 23, 2008          0          4          4     "	7671	2008-01-23	"Wed"	"Evening"	"044"	0	4	4	8	"04"	"44"	4	8
"7670     Wed. Jan 23, 2008          5          2          6     "	7670	2008-01-23	"Wed"	"Midday"	"526"	5	2	6	13	"52"	"26"	7	8
"7669     Tue. Jan 22, 2008          8          5          9     "	7669	2008-01-22	"Tue"	"Evening"	"859"	8	5	9	22	"85"	"59"	13	14
"7668     Tue. Jan 22, 2008          3          9          3     "	7668	2008-01-22	"Tue"	"Midday"	"393"	3	9	3	15	"39"	"93"	12	12
"7667     Mon. Jan 21, 2008          3          2          6     "	7667	2008-01-21	"Mon"	"Evening"	"326"	3	2	6	11	"32"	"26"	5	8
"7666     Mon. Jan 21, 2008          1          9          6     "	7666	2008-01-21	"Mon"	"Midday"	"196"	1	9	6	16	"19"	"96"	10	15
"7665     Sun. Jan 20, 2008          5          6          3     "	7665	2008-01-20	"Sun"	"Evening"	"563"	5	6	3	14	"56"	"63"	11	9
"7664     Sun. Jan 20, 2008          5          4          6     "	7664	2008-01-20	"Sun"	"Midday"	"546"	5	4	6	15	"54"	"46"	9	10
"7663     Sat. Jan 19, 2008          5          1          0     "	7663	2008-01-19	"Sat"	"Evening"	"510"	5	1	0	6	"51"	"10"	6	1
"7662     Sat. Jan 19, 2008          9          3          6     "	7662	2008-01-19	"Sat"	"Midday"	"936"	9	3	6	18	"93"	"36"	12	9
"7661     Fri. Jan 18, 2008          6          8          4     "	7661	2008-01-18	"Fri"	"Evening"	"684"	6	8	4	18	"68"	"84"	14	12
"7660     Fri. Jan 18, 2008          2          9          0     "	7660	2008-01-18	"Fri"	"Midday"	"290"	2	9	0	11	"29"	"90"	11	9
"7659     Thu. Jan 17, 2008          6          1          7     "	7659	2008-01-17	"Thu"	"Evening"	"617"	6	1	7	14	"61"	"17"	7	8
"7658     Thu. Jan 17, 2008          5          8          7     "	7658	2008-01-17	"Thu"	"Midday"	"587"	5	8	7	20	"58"	"87"	13	15
"7657     Wed. Jan 16, 2008          8          0          3     "	7657	2008-01-16	"Wed"	"Evening"	"803"	8	0	3	11	"80"	"03"	8	3
"7656     Wed. Jan 16, 2008          3          0          3     "	7656	2008-01-16	"Wed"	"Midday"	"303"	3	0	3	6	"30"	"03"	3	3
"7655     Tue. Jan 15, 2008          2          9          4     "	7655	2008-01-15	"Tue"	"Evening"	"294"	2	9	4	15	"29"	"94"	11	13
"7654     Tue. Jan 15, 2008          5          1          7     "	7654	2008-01-15	"Tue"	"Midday"	"517"	5	1	7	13	"51"	"17"	6	8
"7653     Mon. Jan 14, 2008          6          8          4     "	7653	2008-01-14	"Mon"	"Evening"	"684"	6	8	4	18	"68"	"84"	14	12
"7652     Mon. Jan 14, 2008          1          5          9     "	7652	2008-01-14	"Mon"	"Midday"	"159"	1	5	9	15	"15"	"59"	6	14
"7651     Sun. Jan 13, 2008          5          6          6     "	7651	2008-01-13	"Sun"	"Evening"	"566"	5	6	6	17	"56"	"66"	11	12
"7650     Sun. Jan 13, 2008          8          3          1     "	7650	2008-01-13	"Sun"	"Midday"	"831"	8	3	1	12	"83"	"31"	11	4
"7649     Sat. Jan 12, 2008          5          9          8     "	7649	2008-01-12	"Sat"	"Evening"	"598"	5	9	8	22	"59"	"98"	14	17
"7648     Sat. Jan 12, 2008          6          3          7     "	7648	2008-01-12	"Sat"	"Midday"	"637"	6	3	7	16	"63"	"37"	9	10
"7647     Fri. Jan 11, 2008          3          0          7     "	7647	2008-01-11	"Fri"	"Evening"	"307"	3	0	7	10	"30"	"07"	3	7
"7646     Fri. Jan 11, 2008          0          2          5     "	7646	2008-01-11	"Fri"	"Midday"	"025"	0	2	5	7	"02"	"25"	2	7
"7645     Thu. Jan 10, 2008          7          0          7     "	7645	2008-01-10	"Thu"	"Evening"	"707"	7	0	7	14	"70"	"07"	7	7
"7644     Thu. Jan 10, 2008          0          3          0     "	7644	2008-01-10	"Thu"	"Midday"	"030"	0	3	0	3	"03"	"30"	3	3
"7643     Wed. Jan 09, 2008          7          1          2     "	7643	2008-01-09	"Wed"	"Evening"	"712"	7	1	2	10	"71"	"12"	8	3
"7642     Wed. Jan 09, 2008          4          5          7     "	7642	2008-01-09	"Wed"	"Midday"	"457"	4	5	7	16	"45"	"57"	9	12
"7641     Tue. Jan 08, 2008          7          8          1     "	7641	2008-01-08	"Tue"	"Evening"	"781"	7	8	1	16	"78"	"81"	15	9
"7640     Tue. Jan 08, 2008          3          3          8     "	7640	2008-01-08	"Tue"	"Midday"	"338"	3	3	8	14	"33"	"38"	6	11
"7639     Mon. Jan 07, 2008          0          3          7     "	7639	2008-01-07	"Mon"	"Evening"	"037"	0	3	7	10	"03"	"37"	3	10
"7638     Mon. Jan 07, 2008          0          5          7     "	7638	2008-01-07	"Mon"	"Midday"	"057"	0	5	7	12	"05"	"57"	5	12
"7637     Sun. Jan 06, 2008          6          6          2     "	7637	2008-01-06	"Sun"	"Evening"	"662"	6	6	2	14	"66"	"62"	12	8
"7636     Sun. Jan 06, 2008          2          3          5     "	7636	2008-01-06	"Sun"	"Midday"	"235"	2	3	5	10	"23"	"35"	5	8
"7635     Sat. Jan 05, 2008          9          0          8     "	7635	2008-01-05	"Sat"	"Evening"	"908"	9	0	8	17	"90"	"08"	9	8
"7634     Sat. Jan 05, 2008          9          4          4     "	7634	2008-01-05	"Sat"	"Midday"	"944"	9	4	4	17	"94"	"44"	13	8
"7633     Fri. Jan 04, 2008          0          6          4     "	7633	2008-01-04	"Fri"	"Evening"	"064"	0	6	4	10	"06"	"64"	6	10
"7632     Fri. Jan 04, 2008          4          7          1     "	7632	2008-01-04	"Fri"	"Midday"	"471"	4	7	1	12	"47"	"71"	11	8
"7631     Thu. Jan 03, 2008          4          7          5     "	7631	2008-01-03	"Thu"	"Evening"	"475"	4	7	5	16	"47"	"75"	11	12
"7630     Thu. Jan 03, 2008          5          2          5     "	7630	2008-01-03	"Thu"	"Midday"	"525"	5	2	5	12	"52"	"25"	7	7
"7629     Wed. Jan 02, 2008          7          6          1     "	7629	2008-01-02	"Wed"	"Evening"	"761"	7	6	1	14	"76"	"61"	13	7
"7628     Wed. Jan 02, 2008          1          2          9     "	7628	2008-01-02	"Wed"	"Midday"	"129"	1	2	9	12	"12"	"29"	3	11
"7627     Tue. Jan 01, 2008          5          5          4     "	7627	2008-01-01	"Tue"	"Evening"	"554"	5	5	4	14	"55"	"54"	10	9
"7626     Tue. Jan 01, 2008          4          9          9     "	7626	2008-01-01	"Tue"	"Midday"	"499"	4	9	9	22	"49"	"99"	13	18
"7625     Mon. Dec 31, 2007          7          0          3     "	7625	2007-12-31	"Mon"	"Evening"	"703"	7	0	3	10	"70"	"03"	7	3
"7624     Mon. Dec 31, 2007          8          9          0     "	7624	2007-12-31	"Mon"	"Midday"	"890"	8	9	0	17	"89"	"90"	17	9
"7623     Sun. Dec 30, 2007          0          6          8     "	7623	2007-12-30	"Sun"	"Evening"	"068"	0	6	8	14	"06"	"68"	6	14
"7622     Sun. Dec 30, 2007          2          0          7     "	7622	2007-12-30	"Sun"	"Midday"	"207"	2	0	7	9	"20"	"07"	2	7
"7621     Sat. Dec 29, 2007          8          8          5     "	7621	2007-12-29	"Sat"	"Evening"	"885"	8	8	5	21	"88"	"85"	16	13
"7620     Sat. Dec 29, 2007          8          1          4     "	7620	2007-12-29	"Sat"	"Midday"	"814"	8	1	4	13	"81"	"14"	9	5
"7619     Fri. Dec 28, 2007          4          2          0     "	7619	2007-12-28	"Fri"	"Evening"	"420"	4	2	0	6	"42"	"20"	6	2
"7618     Fri. Dec 28, 2007          1          0          8     "	7618	2007-12-28	"Fri"	"Midday"	"108"	1	0	8	9	"10"	"08"	1	8
"7617     Thu. Dec 27, 2007          4          9          1     "	7617	2007-12-27	"Thu"	"Evening"	"491"	4	9	1	14	"49"	"91"	13	10
"7616     Thu. Dec 27, 2007          0          2          0     "	7616	2007-12-27	"Thu"	"Midday"	"020"	0	2	0	2	"02"	"20"	2	2
"7615     Wed. Dec 26, 2007          3          6          0     "	7615	2007-12-26	"Wed"	"Evening"	"360"	3	6	0	9	"36"	"60"	9	6
"7614     Wed. Dec 26, 2007          9          9          1     "	7614	2007-12-26	"Wed"	"Midday"	"991"	9	9	1	19	"99"	"91"	18	10
"7613     Tue. Dec 25, 2007          3          4          9     "	7613	2007-12-25	"Tue"	"Evening"	"349"	3	4	9	16	"34"	"49"	7	13
"7612     Tue. Dec 25, 2007          0          0          0     "	7612	2007-12-25	"Tue"	"Midday"	"000"	0	0	0	0	"00"	"00"	0	0
"7611     Mon. Dec 24, 2007          6          1          2     "	7611	2007-12-24	"Mon"	"Evening"	"612"	6	1	2	9	"61"	"12"	7	3
"7610     Mon. Dec 24, 2007          3          3          9     "	7610	2007-12-24	"Mon"	"Midday"	"339"	3	3	9	15	"33"	"39"	6	12
"7609     Sun. Dec 23, 2007          4          7          0     "	7609	2007-12-23	"Sun"	"Evening"	"470"	4	7	0	11	"47"	"70"	11	7
"7608     Sun. Dec 23, 2007          0          0          5     "	7608	2007-12-23	"Sun"	"Midday"	"005"	0	0	5	5	"00"	"05"	0	5
"7607     Sat. Dec 22, 2007          0          1          5     "	7607	2007-12-22	"Sat"	"Evening"	"015"	0	1	5	6	"01"	"15"	1	6
"7606     Sat. Dec 22, 2007          2          3          4     "	7606	2007-12-22	"Sat"	"Midday"	"234"	2	3	4	9	"23"	"34"	5	7
"7605     Fri. Dec 21, 2007          1          4          1     "	7605	2007-12-21	"Fri"	"Evening"	"141"	1	4	1	6	"14"	"41"	5	5
"7604     Fri. Dec 21, 2007          3          5          5     "	7604	2007-12-21	"Fri"	"Midday"	"355"	3	5	5	13	"35"	"55"	8	10
"7603     Thu. Dec 20, 2007          7          5          3     "	7603	2007-12-20	"Thu"	"Evening"	"753"	7	5	3	15	"75"	"53"	12	8
"7602     Thu. Dec 20, 2007          9          8          0     "	7602	2007-12-20	"Thu"	"Midday"	"980"	9	8	0	17	"98"	"80"	17	8
"7601     Wed. Dec 19, 2007          3          0          5     "	7601	2007-12-19	"Wed"	"Evening"	"305"	3	0	5	8	"30"	"05"	3	5
"7600     Wed. Dec 19, 2007          0          6          7     "	7600	2007-12-19	"Wed"	"Midday"	"067"	0	6	7	13	"06"	"67"	6	13
"7599     Tue. Dec 18, 2007          3          8          2     "	7599	2007-12-18	"Tue"	"Evening"	"382"	3	8	2	13	"38"	"82"	11	10
"7598     Tue. Dec 18, 2007          2          7          9     "	7598	2007-12-18	"Tue"	"Midday"	"279"	2	7	9	18	"27"	"79"	9	16
"7597     Mon. Dec 17, 2007          4          2          2     "	7597	2007-12-17	"Mon"	"Evening"	"422"	4	2	2	8	"42"	"22"	6	4
"7596     Mon. Dec 17, 2007          9          9          7     "	7596	2007-12-17	"Mon"	"Midday"	"997"	9	9	7	25	"99"	"97"	18	16
"7595     Sun. Dec 16, 2007          0          9          5     "	7595	2007-12-16	"Sun"	"Evening"	"095"	0	9	5	14	"09"	"95"	9	14
"7594     Sun. Dec 16, 2007          7          0          0     "	7594	2007-12-16	"Sun"	"Midday"	"700"	7	0	0	7	"70"	"00"	7	0
"7593     Sat. Dec 15, 2007          6          2          7     "	7593	2007-12-15	"Sat"	"Evening"	"627"	6	2	7	15	"62"	"27"	8	9
"7592     Sat. Dec 15, 2007          0          0          9     "	7592	2007-12-15	"Sat"	"Midday"	"009"	0	0	9	9	"00"	"09"	0	9
"7591     Fri. Dec 14, 2007          4          0          7     "	7591	2007-12-14	"Fri"	"Evening"	"407"	4	0	7	11	"40"	"07"	4	7
"7590     Fri. Dec 14, 2007          6          3          9     "	7590	2007-12-14	"Fri"	"Midday"	"639"	6	3	9	18	"63"	"39"	9	12
"7589     Thu. Dec 13, 2007          1          0          0     "	7589	2007-12-13	"Thu"	"Evening"	"100"	1	0	0	1	"10"	"00"	1	0
"7588     Thu. Dec 13, 2007          0          3          4     "	7588	2007-12-13	"Thu"	"Midday"	"034"	0	3	4	7	"03"	"34"	3	7
"7587     Wed. Dec 12, 2007          5          1          8     "	7587	2007-12-12	"Wed"	"Evening"	"518"	5	1	8	14	"51"	"18"	6	9
"7586     Wed. Dec 12, 2007          3          5          2     "	7586	2007-12-12	"Wed"	"Midday"	"352"	3	5	2	10	"35"	"52"	8	7
"7585     Tue. Dec 11, 2007          8          7          3     "	7585	2007-12-11	"Tue"	"Evening"	"873"	8	7	3	18	"87"	"73"	15	10
"7584     Tue. Dec 11, 2007          8          8          1     "	7584	2007-12-11	"Tue"	"Midday"	"881"	8	8	1	17	"88"	"81"	16	9
"7583     Mon. Dec 10, 2007          2          4          4     "	7583	2007-12-10	"Mon"	"Evening"	"244"	2	4	4	10	"24"	"44"	6	8
"7582     Mon. Dec 10, 2007          9          0          8     "	7582	2007-12-10	"Mon"	"Midday"	"908"	9	0	8	17	"90"	"08"	9	8
"7581     Sun. Dec 09, 2007          4          1          7     "	7581	2007-12-09	"Sun"	"Evening"	"417"	4	1	7	12	"41"	"17"	5	8
"7580     Sun. Dec 09, 2007          9          8          3     "	7580	2007-12-09	"Sun"	"Midday"	"983"	9	8	3	20	"98"	"83"	17	11
"7579     Sat. Dec 08, 2007          4          8          9     "	7579	2007-12-08	"Sat"	"Evening"	"489"	4	8	9	21	"48"	"89"	12	17
"7578     Sat. Dec 08, 2007          1          6          6     "	7578	2007-12-08	"Sat"	"Midday"	"166"	1	6	6	13	"16"	"66"	7	12
"7577     Fri. Dec 07, 2007          6          8          4     "	7577	2007-12-07	"Fri"	"Evening"	"684"	6	8	4	18	"68"	"84"	14	12
"7576     Fri. Dec 07, 2007          9          4          1     "	7576	2007-12-07	"Fri"	"Midday"	"941"	9	4	1	14	"94"	"41"	13	5
"7575     Thu. Dec 06, 2007          8          2          7     "	7575	2007-12-06	"Thu"	"Evening"	"827"	8	2	7	17	"82"	"27"	10	9
"7574     Thu. Dec 06, 2007          3          2          6     "	7574	2007-12-06	"Thu"	"Midday"	"326"	3	2	6	11	"32"	"26"	5	8
"7573     Wed. Dec 05, 2007          5          7          2     "	7573	2007-12-05	"Wed"	"Evening"	"572"	5	7	2	14	"57"	"72"	12	9
"7572     Wed. Dec 05, 2007          0          3          0     "	7572	2007-12-05	"Wed"	"Midday"	"030"	0	3	0	3	"03"	"30"	3	3
"7571     Tue. Dec 04, 2007          7          1          1     "	7571	2007-12-04	"Tue"	"Evening"	"711"	7	1	1	9	"71"	"11"	8	2
"7570     Tue. Dec 04, 2007          3          2          6     "	7570	2007-12-04	"Tue"	"Midday"	"326"	3	2	6	11	"32"	"26"	5	8
"7569     Mon. Dec 03, 2007          0          5          3     "	7569	2007-12-03	"Mon"	"Evening"	"053"	0	5	3	8	"05"	"53"	5	8
"7568     Mon. Dec 03, 2007          6          7          3     "	7568	2007-12-03	"Mon"	"Midday"	"673"	6	7	3	16	"67"	"73"	13	10
"7567     Sun. Dec 02, 2007          2          9          1     "	7567	2007-12-02	"Sun"	"Evening"	"291"	2	9	1	12	"29"	"91"	11	10
"7566     Sun. Dec 02, 2007          8          2          0     "	7566	2007-12-02	"Sun"	"Midday"	"820"	8	2	0	10	"82"	"20"	10	2
"7565     Sat. Dec 01, 2007          8          3          7     "	7565	2007-12-01	"Sat"	"Evening"	"837"	8	3	7	18	"83"	"37"	11	10
"7564     Sat. Dec 01, 2007          7          7          6     "	7564	2007-12-01	"Sat"	"Midday"	"776"	7	7	6	20	"77"	"76"	14	13
"7563     Fri. Nov 30, 2007          7          9          6     "	7563	2007-11-30	"Fri"	"Evening"	"796"	7	9	6	22	"79"	"96"	16	15
"7562     Fri. Nov 30, 2007          8          5          6     "	7562	2007-11-30	"Fri"	"Midday"	"856"	8	5	6	19	"85"	"56"	13	11
"7561     Thu. Nov 29, 2007          4          8          1     "	7561	2007-11-29	"Thu"	"Evening"	"481"	4	8	1	13	"48"	"81"	12	9
"7560     Thu. Nov 29, 2007          1          4          1     "	7560	2007-11-29	"Thu"	"Midday"	"141"	1	4	1	6	"14"	"41"	5	5
"7559     Wed. Nov 28, 2007          7          4          3     "	7559	2007-11-28	"Wed"	"Evening"	"743"	7	4	3	14	"74"	"43"	11	7
"7558     Wed. Nov 28, 2007          2          2          4     "	7558	2007-11-28	"Wed"	"Midday"	"224"	2	2	4	8	"22"	"24"	4	6
"7557     Tue. Nov 27, 2007          2          8          7     "	7557	2007-11-27	"Tue"	"Evening"	"287"	2	8	7	17	"28"	"87"	10	15
"7556     Tue. Nov 27, 2007          5          7          8     "	7556	2007-11-27	"Tue"	"Midday"	"578"	5	7	8	20	"57"	"78"	12	15
"7555     Mon. Nov 26, 2007          8          8          4     "	7555	2007-11-26	"Mon"	"Evening"	"884"	8	8	4	20	"88"	"84"	16	12
"7554     Mon. Nov 26, 2007          9          6          7     "	7554	2007-11-26	"Mon"	"Midday"	"967"	9	6	7	22	"96"	"67"	15	13
"7553     Sun. Nov 25, 2007          6          8          4     "	7553	2007-11-25	"Sun"	"Evening"	"684"	6	8	4	18	"68"	"84"	14	12
"7552     Sun. Nov 25, 2007          0          0          7     "	7552	2007-11-25	"Sun"	"Midday"	"007"	0	0	7	7	"00"	"07"	0	7
"7551     Sat. Nov 24, 2007          6          7          7     "	7551	2007-11-24	"Sat"	"Evening"	"677"	6	7	7	20	"67"	"77"	13	14
"7550     Sat. Nov 24, 2007          7          0          0     "	7550	2007-11-24	"Sat"	"Midday"	"700"	7	0	0	7	"70"	"00"	7	0
"7549     Fri. Nov 23, 2007          2          0          1     "	7549	2007-11-23	"Fri"	"Evening"	"201"	2	0	1	3	"20"	"01"	2	1
"7548     Fri. Nov 23, 2007          4          3          4     "	7548	2007-11-23	"Fri"	"Midday"	"434"	4	3	4	11	"43"	"34"	7	7
"7547     Thu. Nov 22, 2007          9          7          2     "	7547	2007-11-22	"Thu"	"Evening"	"972"	9	7	2	18	"97"	"72"	16	9
"7546     Thu. Nov 22, 2007          7          2          7     "	7546	2007-11-22	"Thu"	"Midday"	"727"	7	2	7	16	"72"	"27"	9	9
"7545     Wed. Nov 21, 2007          1          2          3     "	7545	2007-11-21	"Wed"	"Evening"	"123"	1	2	3	6	"12"	"23"	3	5
"7544     Wed. Nov 21, 2007          3          2          8     "	7544	2007-11-21	"Wed"	"Midday"	"328"	3	2	8	13	"32"	"28"	5	10
"7543     Tue. Nov 20, 2007          0          1          8     "	7543	2007-11-20	"Tue"	"Evening"	"018"	0	1	8	9	"01"	"18"	1	9
"7542     Tue. Nov 20, 2007          6          1          4     "	7542	2007-11-20	"Tue"	"Midday"	"614"	6	1	4	11	"61"	"14"	7	5
"7541     Mon. Nov 19, 2007          4          1          5     "	7541	2007-11-19	"Mon"	"Evening"	"415"	4	1	5	10	"41"	"15"	5	6
"7540     Mon. Nov 19, 2007          5          5          9     "	7540	2007-11-19	"Mon"	"Midday"	"559"	5	5	9	19	"55"	"59"	10	14
"7539     Sun. Nov 18, 2007          9          2          7     "	7539	2007-11-18	"Sun"	"Evening"	"927"	9	2	7	18	"92"	"27"	11	9
"7538     Sun. Nov 18, 2007          7          0          8     "	7538	2007-11-18	"Sun"	"Midday"	"708"	7	0	8	15	"70"	"08"	7	8
"7537     Sat. Nov 17, 2007          8          2          5     "	7537	2007-11-17	"Sat"	"Evening"	"825"	8	2	5	15	"82"	"25"	10	7
"7536     Sat. Nov 17, 2007          8          0          6     "	7536	2007-11-17	"Sat"	"Midday"	"806"	8	0	6	14	"80"	"06"	8	6
"7535     Fri. Nov 16, 2007          6          4          3     "	7535	2007-11-16	"Fri"	"Evening"	"643"	6	4	3	13	"64"	"43"	10	7
"7534     Fri. Nov 16, 2007          3          2          3     "	7534	2007-11-16	"Fri"	"Midday"	"323"	3	2	3	8	"32"	"23"	5	5
"7533     Thu. Nov 15, 2007          0          5          0     "	7533	2007-11-15	"Thu"	"Evening"	"050"	0	5	0	5	"05"	"50"	5	5
"7532     Thu. Nov 15, 2007          6          2          7     "	7532	2007-11-15	"Thu"	"Midday"	"627"	6	2	7	15	"62"	"27"	8	9
"7531     Wed. Nov 14, 2007          6          8          7     "	7531	2007-11-14	"Wed"	"Evening"	"687"	6	8	7	21	"68"	"87"	14	15
"7530     Wed. Nov 14, 2007          3          9          3     "	7530	2007-11-14	"Wed"	"Midday"	"393"	3	9	3	15	"39"	"93"	12	12
"7529     Tue. Nov 13, 2007          3          1          4     "	7529	2007-11-13	"Tue"	"Evening"	"314"	3	1	4	8	"31"	"14"	4	5
"7528     Tue. Nov 13, 2007          8          5          0     "	7528	2007-11-13	"Tue"	"Midday"	"850"	8	5	0	13	"85"	"50"	13	5
"7527     Mon. Nov 12, 2007          9          0          8     "	7527	2007-11-12	"Mon"	"Evening"	"908"	9	0	8	17	"90"	"08"	9	8
"7526     Mon. Nov 12, 2007          1          9          7     "	7526	2007-11-12	"Mon"	"Midday"	"197"	1	9	7	17	"19"	"97"	10	16
"7525     Sun. Nov 11, 2007          3          0          0     "	7525	2007-11-11	"Sun"	"Evening"	"300"	3	0	0	3	"30"	"00"	3	0
"7524     Sun. Nov 11, 2007          7          7          1     "	7524	2007-11-11	"Sun"	"Midday"	"771"	7	7	1	15	"77"	"71"	14	8
"7523     Sat. Nov 10, 2007          1          9          6     "	7523	2007-11-10	"Sat"	"Evening"	"196"	1	9	6	16	"19"	"96"	10	15
"7522     Sat. Nov 10, 2007          9          1          7     "	7522	2007-11-10	"Sat"	"Midday"	"917"	9	1	7	17	"91"	"17"	10	8
"7521     Fri. Nov 09, 2007          6          9          4     "	7521	2007-11-09	"Fri"	"Evening"	"694"	6	9	4	19	"69"	"94"	15	13
"7520     Fri. Nov 09, 2007          3          9          7     "	7520	2007-11-09	"Fri"	"Midday"	"397"	3	9	7	19	"39"	"97"	12	16
"7519     Thu. Nov 08, 2007          0          3          0     "	7519	2007-11-08	"Thu"	"Evening"	"030"	0	3	0	3	"03"	"30"	3	3
"7518     Thu. Nov 08, 2007          7          6          3     "	7518	2007-11-08	"Thu"	"Midday"	"763"	7	6	3	16	"76"	"63"	13	9
"7517     Wed. Nov 07, 2007          2          1          7     "	7517	2007-11-07	"Wed"	"Evening"	"217"	2	1	7	10	"21"	"17"	3	8
"7516     Wed. Nov 07, 2007          8          8          4     "	7516	2007-11-07	"Wed"	"Midday"	"884"	8	8	4	20	"88"	"84"	16	12
"7515     Tue. Nov 06, 2007          2          7          3     "	7515	2007-11-06	"Tue"	"Evening"	"273"	2	7	3	12	"27"	"73"	9	10
"7514     Tue. Nov 06, 2007          2          3          5     "	7514	2007-11-06	"Tue"	"Midday"	"235"	2	3	5	10	"23"	"35"	5	8
"7513     Mon. Nov 05, 2007          2          5          5     "	7513	2007-11-05	"Mon"	"Evening"	"255"	2	5	5	12	"25"	"55"	7	10
"7512     Mon. Nov 05, 2007          1          7          7     "	7512	2007-11-05	"Mon"	"Midday"	"177"	1	7	7	15	"17"	"77"	8	14
"7511     Sun. Nov 04, 2007          3          9          8     "	7511	2007-11-04	"Sun"	"Evening"	"398"	3	9	8	20	"39"	"98"	12	17
"7510     Sun. Nov 04, 2007          1          9          5     "	7510	2007-11-04	"Sun"	"Midday"	"195"	1	9	5	15	"19"	"95"	10	14
"7509     Sat. Nov 03, 2007          1          1          1     "	7509	2007-11-03	"Sat"	"Evening"	"111"	1	1	1	3	"11"	"11"	2	2
"7508     Sat. Nov 03, 2007          4          7          3     "	7508	2007-11-03	"Sat"	"Midday"	"473"	4	7	3	14	"47"	"73"	11	10
"7507     Fri. Nov 02, 2007          2          9          4     "	7507	2007-11-02	"Fri"	"Evening"	"294"	2	9	4	15	"29"	"94"	11	13
"7506     Fri. Nov 02, 2007          9          2          6     "	7506	2007-11-02	"Fri"	"Midday"	"926"	9	2	6	17	"92"	"26"	11	8
"7505     Thu. Nov 01, 2007          1          0          3     "	7505	2007-11-01	"Thu"	"Evening"	"103"	1	0	3	4	"10"	"03"	1	3
"7504     Thu. Nov 01, 2007          0          9          9     "	7504	2007-11-01	"Thu"	"Midday"	"099"	0	9	9	18	"09"	"99"	9	18
"7503     Wed. Oct 31, 2007          4          0          8     "	7503	2007-10-31	"Wed"	"Evening"	"408"	4	0	8	12	"40"	"08"	4	8
"7502     Wed. Oct 31, 2007          9          1          8     "	7502	2007-10-31	"Wed"	"Midday"	"918"	9	1	8	18	"91"	"18"	10	9
"7501     Tue. Oct 30, 2007          9          9          7     "	7501	2007-10-30	"Tue"	"Evening"	"997"	9	9	7	25	"99"	"97"	18	16
"7500     Tue. Oct 30, 2007          2          6          1     "	7500	2007-10-30	"Tue"	"Midday"	"261"	2	6	1	9	"26"	"61"	8	7
"7499     Mon. Oct 29, 2007          5          1          8     "	7499	2007-10-29	"Mon"	"Evening"	"518"	5	1	8	14	"51"	"18"	6	9
"7498     Mon. Oct 29, 2007          9          6          0     "	7498	2007-10-29	"Mon"	"Midday"	"960"	9	6	0	15	"96"	"60"	15	6
"7497     Sun. Oct 28, 2007          5          1          8     "	7497	2007-10-28	"Sun"	"Evening"	"518"	5	1	8	14	"51"	"18"	6	9
"7496     Sun. Oct 28, 2007          8          2          0     "	7496	2007-10-28	"Sun"	"Midday"	"820"	8	2	0	10	"82"	"20"	10	2
"7495     Sat. Oct 27, 2007          4          8          8     "	7495	2007-10-27	"Sat"	"Evening"	"488"	4	8	8	20	"48"	"88"	12	16
"7494     Sat. Oct 27, 2007          9          9          7     "	7494	2007-10-27	"Sat"	"Midday"	"997"	9	9	7	25	"99"	"97"	18	16
"7493     Fri. Oct 26, 2007          3          8          7     "	7493	2007-10-26	"Fri"	"Evening"	"387"	3	8	7	18	"38"	"87"	11	15
"7492     Fri. Oct 26, 2007          2          8          8     "	7492	2007-10-26	"Fri"	"Midday"	"288"	2	8	8	18	"28"	"88"	10	16
"7491     Thu. Oct 25, 2007          1          8          1     "	7491	2007-10-25	"Thu"	"Evening"	"181"	1	8	1	10	"18"	"81"	9	9
"7490     Thu. Oct 25, 2007          0          9          1     "	7490	2007-10-25	"Thu"	"Midday"	"091"	0	9	1	10	"09"	"91"	9	10
"7489     Wed. Oct 24, 2007          8          4          3     "	7489	2007-10-24	"Wed"	"Evening"	"843"	8	4	3	15	"84"	"43"	12	7
"7488     Wed. Oct 24, 2007          6          7          1     "	7488	2007-10-24	"Wed"	"Midday"	"671"	6	7	1	14	"67"	"71"	13	8
"7487     Tue. Oct 23, 2007          0          9          7     "	7487	2007-10-23	"Tue"	"Evening"	"097"	0	9	7	16	"09"	"97"	9	16
"7486     Tue. Oct 23, 2007          1          1          8     "	7486	2007-10-23	"Tue"	"Midday"	"118"	1	1	8	10	"11"	"18"	2	9
"7485     Mon. Oct 22, 2007          9          1          8     "	7485	2007-10-22	"Mon"	"Evening"	"918"	9	1	8	18	"91"	"18"	10	9
"7484     Mon. Oct 22, 2007          9          5          2     "	7484	2007-10-22	"Mon"	"Midday"	"952"	9	5	2	16	"95"	"52"	14	7
"7483     Sun. Oct 21, 2007          5          0          6     "	7483	2007-10-21	"Sun"	"Evening"	"506"	5	0	6	11	"50"	"06"	5	6
"7482     Sun. Oct 21, 2007          2          3          0     "	7482	2007-10-21	"Sun"	"Midday"	"230"	2	3	0	5	"23"	"30"	5	3
"7481     Sat. Oct 20, 2007          7          2          8     "	7481	2007-10-20	"Sat"	"Evening"	"728"	7	2	8	17	"72"	"28"	9	10
"7480     Sat. Oct 20, 2007          2          2          2     "	7480	2007-10-20	"Sat"	"Midday"	"222"	2	2	2	6	"22"	"22"	4	4
"7479     Fri. Oct 19, 2007          3          2          2     "	7479	2007-10-19	"Fri"	"Evening"	"322"	3	2	2	7	"32"	"22"	5	4
"7478     Fri. Oct 19, 2007          6          3          2     "	7478	2007-10-19	"Fri"	"Midday"	"632"	6	3	2	11	"63"	"32"	9	5
"7477     Thu. Oct 18, 2007          4          8          5     "	7477	2007-10-18	"Thu"	"Evening"	"485"	4	8	5	17	"48"	"85"	12	13
"7476     Thu. Oct 18, 2007          0          8          6     "	7476	2007-10-18	"Thu"	"Midday"	"086"	0	8	6	14	"08"	"86"	8	14
"7475     Wed. Oct 17, 2007          6          3          9     "	7475	2007-10-17	"Wed"	"Evening"	"639"	6	3	9	18	"63"	"39"	9	12
"7474     Wed. Oct 17, 2007          1          3          6     "	7474	2007-10-17	"Wed"	"Midday"	"136"	1	3	6	10	"13"	"36"	4	9
"7473     Tue. Oct 16, 2007          1          2          5     "	7473	2007-10-16	"Tue"	"Evening"	"125"	1	2	5	8	"12"	"25"	3	7
"7472     Tue. Oct 16, 2007          2          3          6     "	7472	2007-10-16	"Tue"	"Midday"	"236"	2	3	6	11	"23"	"36"	5	9
"7471     Mon. Oct 15, 2007          6          8          3     "	7471	2007-10-15	"Mon"	"Evening"	"683"	6	8	3	17	"68"	"83"	14	11
"7470     Mon. Oct 15, 2007          7          2          0     "	7470	2007-10-15	"Mon"	"Midday"	"720"	7	2	0	9	"72"	"20"	9	2
"7469     Sun. Oct 14, 2007          3          9          3     "	7469	2007-10-14	"Sun"	"Evening"	"393"	3	9	3	15	"39"	"93"	12	12
"7468     Sun. Oct 14, 2007          1          2          0     "	7468	2007-10-14	"Sun"	"Midday"	"120"	1	2	0	3	"12"	"20"	3	2
"7467     Sat. Oct 13, 2007          6          4          6     "	7467	2007-10-13	"Sat"	"Evening"	"646"	6	4	6	16	"64"	"46"	10	10
"7466     Sat. Oct 13, 2007          3          9          6     "	7466	2007-10-13	"Sat"	"Midday"	"396"	3	9	6	18	"39"	"96"	12	15
"7465     Fri. Oct 12, 2007          1          9          8     "	7465	2007-10-12	"Fri"	"Evening"	"198"	1	9	8	18	"19"	"98"	10	17
"7464     Fri. Oct 12, 2007          8          5          2     "	7464	2007-10-12	"Fri"	"Midday"	"852"	8	5	2	15	"85"	"52"	13	7
"7463     Thu. Oct 11, 2007          2          7          5     "	7463	2007-10-11	"Thu"	"Evening"	"275"	2	7	5	14	"27"	"75"	9	12
"7462     Thu. Oct 11, 2007          1          7          0     "	7462	2007-10-11	"Thu"	"Midday"	"170"	1	7	0	8	"17"	"70"	8	7
"7461     Wed. Oct 10, 2007          1          0          2     "	7461	2007-10-10	"Wed"	"Evening"	"102"	1	0	2	3	"10"	"02"	1	2
"7460     Wed. Oct 10, 2007          8          9          3     "	7460	2007-10-10	"Wed"	"Midday"	"893"	8	9	3	20	"89"	"93"	17	12
"7459     Tue. Oct 09, 2007          8          5          4     "	7459	2007-10-09	"Tue"	"Evening"	"854"	8	5	4	17	"85"	"54"	13	9
"7458     Tue. Oct 09, 2007          5          7          4     "	7458	2007-10-09	"Tue"	"Midday"	"574"	5	7	4	16	"57"	"74"	12	11
"7457     Mon. Oct 08, 2007          0          3          1     "	7457	2007-10-08	"Mon"	"Evening"	"031"	0	3	1	4	"03"	"31"	3	4
"7456     Mon. Oct 08, 2007          8          8          9     "	7456	2007-10-08	"Mon"	"Midday"	"889"	8	8	9	25	"88"	"89"	16	17
"7455     Sun. Oct 07, 2007          1          9          8     "	7455	2007-10-07	"Sun"	"Evening"	"198"	1	9	8	18	"19"	"98"	10	17
"7454     Sun. Oct 07, 2007          7          3          4     "	7454	2007-10-07	"Sun"	"Midday"	"734"	7	3	4	14	"73"	"34"	10	7
"7453     Sat. Oct 06, 2007          8          1          7     "	7453	2007-10-06	"Sat"	"Evening"	"817"	8	1	7	16	"81"	"17"	9	8
"7452     Sat. Oct 06, 2007          1          5          4     "	7452	2007-10-06	"Sat"	"Midday"	"154"	1	5	4	10	"15"	"54"	6	9
"7451     Fri. Oct 05, 2007          1          5          0     "	7451	2007-10-05	"Fri"	"Evening"	"150"	1	5	0	6	"15"	"50"	6	5
"7450     Fri. Oct 05, 2007          8          7          2     "	7450	2007-10-05	"Fri"	"Midday"	"872"	8	7	2	17	"87"	"72"	15	9
"7449     Thu. Oct 04, 2007          3          0          2     "	7449	2007-10-04	"Thu"	"Evening"	"302"	3	0	2	5	"30"	"02"	3	2
"7448     Thu. Oct 04, 2007          9          5          2     "	7448	2007-10-04	"Thu"	"Midday"	"952"	9	5	2	16	"95"	"52"	14	7
"7447     Wed. Oct 03, 2007          7          5          9     "	7447	2007-10-03	"Wed"	"Evening"	"759"	7	5	9	21	"75"	"59"	12	14
"7446     Wed. Oct 03, 2007          3          2          4     "	7446	2007-10-03	"Wed"	"Midday"	"324"	3	2	4	9	"32"	"24"	5	6
"7445     Tue. Oct 02, 2007          5          1          7     "	7445	2007-10-02	"Tue"	"Evening"	"517"	5	1	7	13	"51"	"17"	6	8
"7444     Tue. Oct 02, 2007          9          8          7     "	7444	2007-10-02	"Tue"	"Midday"	"987"	9	8	7	24	"98"	"87"	17	15
"7443     Mon. Oct 01, 2007          1          4          9     "	7443	2007-10-01	"Mon"	"Evening"	"149"	1	4	9	14	"14"	"49"	5	13
"7442     Mon. Oct 01, 2007          4          6          5     "	7442	2007-10-01	"Mon"	"Midday"	"465"	4	6	5	15	"46"	"65"	10	11
"7441     Sun. Sep 30, 2007          3          0          5     "	7441	2007-09-30	"Sun"	"Evening"	"305"	3	0	5	8	"30"	"05"	3	5
"7440     Sun. Sep 30, 2007          7          1          1     "	7440	2007-09-30	"Sun"	"Midday"	"711"	7	1	1	9	"71"	"11"	8	2
"7439     Sat. Sep 29, 2007          5          5          9     "	7439	2007-09-29	"Sat"	"Evening"	"559"	5	5	9	19	"55"	"59"	10	14
"7438     Sat. Sep 29, 2007          8          3          5     "	7438	2007-09-29	"Sat"	"Midday"	"835"	8	3	5	16	"83"	"35"	11	8
"7437     Fri. Sep 28, 2007          6          6          6     "	7437	2007-09-28	"Fri"	"Evening"	"666"	6	6	6	18	"66"	"66"	12	12
"7436     Fri. Sep 28, 2007          3          8          6     "	7436	2007-09-28	"Fri"	"Midday"	"386"	3	8	6	17	"38"	"86"	11	14
"7435     Thu. Sep 27, 2007          2          3          7     "	7435	2007-09-27	"Thu"	"Evening"	"237"	2	3	7	12	"23"	"37"	5	10
"7434     Thu. Sep 27, 2007          6          8          1     "	7434	2007-09-27	"Thu"	"Midday"	"681"	6	8	1	15	"68"	"81"	14	9
"7433     Wed. Sep 26, 2007          2          9          0     "	7433	2007-09-26	"Wed"	"Evening"	"290"	2	9	0	11	"29"	"90"	11	9
"7432     Wed. Sep 26, 2007          3          2          8     "	7432	2007-09-26	"Wed"	"Midday"	"328"	3	2	8	13	"32"	"28"	5	10
"7431     Tue. Sep 25, 2007          8          7          0     "	7431	2007-09-25	"Tue"	"Evening"	"870"	8	7	0	15	"87"	"70"	15	7
"7430     Tue. Sep 25, 2007          5          4          0     "	7430	2007-09-25	"Tue"	"Midday"	"540"	5	4	0	9	"54"	"40"	9	4
"7429     Mon. Sep 24, 2007          6          8          0     "	7429	2007-09-24	"Mon"	"Evening"	"680"	6	8	0	14	"68"	"80"	14	8
"7428     Mon. Sep 24, 2007          4          0          6     "	7428	2007-09-24	"Mon"	"Midday"	"406"	4	0	6	10	"40"	"06"	4	6
"7427     Sun. Sep 23, 2007          9          0          6     "	7427	2007-09-23	"Sun"	"Evening"	"906"	9	0	6	15	"90"	"06"	9	6
"7426     Sun. Sep 23, 2007          7          2          8     "	7426	2007-09-23	"Sun"	"Midday"	"728"	7	2	8	17	"72"	"28"	9	10
"7425     Sat. Sep 22, 2007          6          7          7     "	7425	2007-09-22	"Sat"	"Evening"	"677"	6	7	7	20	"67"	"77"	13	14
"7424     Sat. Sep 22, 2007          9          0          9     "	7424	2007-09-22	"Sat"	"Midday"	"909"	9	0	9	18	"90"	"09"	9	9
"7423     Fri. Sep 21, 2007          1          7          2     "	7423	2007-09-21	"Fri"	"Evening"	"172"	1	7	2	10	"17"	"72"	8	9
"7422     Fri. Sep 21, 2007          6          0          9     "	7422	2007-09-21	"Fri"	"Midday"	"609"	6	0	9	15	"60"	"09"	6	9
"7421     Thu. Sep 20, 2007          4          4          1     "	7421	2007-09-20	"Thu"	"Evening"	"441"	4	4	1	9	"44"	"41"	8	5
"7420     Thu. Sep 20, 2007          2          3          4     "	7420	2007-09-20	"Thu"	"Midday"	"234"	2	3	4	9	"23"	"34"	5	7
"7419     Wed. Sep 19, 2007          9          9          3     "	7419	2007-09-19	"Wed"	"Evening"	"993"	9	9	3	21	"99"	"93"	18	12
"7418     Wed. Sep 19, 2007          6          6          1     "	7418	2007-09-19	"Wed"	"Midday"	"661"	6	6	1	13	"66"	"61"	12	7
"7417     Tue. Sep 18, 2007          7          6          2     "	7417	2007-09-18	"Tue"	"Evening"	"762"	7	6	2	15	"76"	"62"	13	8
"7416     Tue. Sep 18, 2007          3          0          6     "	7416	2007-09-18	"Tue"	"Midday"	"306"	3	0	6	9	"30"	"06"	3	6
"7415     Mon. Sep 17, 2007          4          5          5     "	7415	2007-09-17	"Mon"	"Evening"	"455"	4	5	5	14	"45"	"55"	9	10
"7414     Mon. Sep 17, 2007          9          0          8     "	7414	2007-09-17	"Mon"	"Midday"	"908"	9	0	8	17	"90"	"08"	9	8
"7413     Sun. Sep 16, 2007          8          8          0     "	7413	2007-09-16	"Sun"	"Evening"	"880"	8	8	0	16	"88"	"80"	16	8
"7412     Sun. Sep 16, 2007          1          1          3     "	7412	2007-09-16	"Sun"	"Midday"	"113"	1	1	3	5	"11"	"13"	2	4
"7411     Sat. Sep 15, 2007          0          4          3     "	7411	2007-09-15	"Sat"	"Evening"	"043"	0	4	3	7	"04"	"43"	4	7
"7410     Sat. Sep 15, 2007          8          3          3     "	7410	2007-09-15	"Sat"	"Midday"	"833"	8	3	3	14	"83"	"33"	11	6
"7409     Fri. Sep 14, 2007          1          2          0     "	7409	2007-09-14	"Fri"	"Evening"	"120"	1	2	0	3	"12"	"20"	3	2
"7408     Fri. Sep 14, 2007          2          9          1     "	7408	2007-09-14	"Fri"	"Midday"	"291"	2	9	1	12	"29"	"91"	11	10
"7407     Thu. Sep 13, 2007          0          5          8     "	7407	2007-09-13	"Thu"	"Evening"	"058"	0	5	8	13	"05"	"58"	5	13
"7406     Thu. Sep 13, 2007          7          3          0     "	7406	2007-09-13	"Thu"	"Midday"	"730"	7	3	0	10	"73"	"30"	10	3
"7405     Wed. Sep 12, 2007          7          5          1     "	7405	2007-09-12	"Wed"	"Evening"	"751"	7	5	1	13	"75"	"51"	12	6
"7404     Wed. Sep 12, 2007          8          6          9     "	7404	2007-09-12	"Wed"	"Midday"	"869"	8	6	9	23	"86"	"69"	14	15
"7403     Tue. Sep 11, 2007          4          3          6     "	7403	2007-09-11	"Tue"	"Evening"	"436"	4	3	6	13	"43"	"36"	7	9
"7402     Tue. Sep 11, 2007          0          2          4     "	7402	2007-09-11	"Tue"	"Midday"	"024"	0	2	4	6	"02"	"24"	2	6
"7401     Mon. Sep 10, 2007          2          1          3     "	7401	2007-09-10	"Mon"	"Evening"	"213"	2	1	3	6	"21"	"13"	3	4
"7400     Mon. Sep 10, 2007          8          9          3     "	7400	2007-09-10	"Mon"	"Midday"	"893"	8	9	3	20	"89"	"93"	17	12
"7399     Sun. Sep 09, 2007          4          9          1     "	7399	2007-09-09	"Sun"	"Evening"	"491"	4	9	1	14	"49"	"91"	13	10
"7398     Sun. Sep 09, 2007          1          1          4     "	7398	2007-09-09	"Sun"	"Midday"	"114"	1	1	4	6	"11"	"14"	2	5
"7397     Sat. Sep 08, 2007          6          6          5     "	7397	2007-09-08	"Sat"	"Evening"	"665"	6	6	5	17	"66"	"65"	12	11
"7396     Sat. Sep 08, 2007          2          3          1     "	7396	2007-09-08	"Sat"	"Midday"	"231"	2	3	1	6	"23"	"31"	5	4
"7395     Fri. Sep 07, 2007          4          4          6     "	7395	2007-09-07	"Fri"	"Evening"	"446"	4	4	6	14	"44"	"46"	8	10
"7394     Fri. Sep 07, 2007          4          3          3     "	7394	2007-09-07	"Fri"	"Midday"	"433"	4	3	3	10	"43"	"33"	7	6
"7393     Thu. Sep 06, 2007          8          6          4     "	7393	2007-09-06	"Thu"	"Evening"	"864"	8	6	4	18	"86"	"64"	14	10
"7392     Thu. Sep 06, 2007          1          6          6     "	7392	2007-09-06	"Thu"	"Midday"	"166"	1	6	6	13	"16"	"66"	7	12
"7391     Wed. Sep 05, 2007          1          7          0     "	7391	2007-09-05	"Wed"	"Evening"	"170"	1	7	0	8	"17"	"70"	8	7
"7390     Wed. Sep 05, 2007          9          3          4     "	7390	2007-09-05	"Wed"	"Midday"	"934"	9	3	4	16	"93"	"34"	12	7
"7389     Tue. Sep 04, 2007          8          5          5     "	7389	2007-09-04	"Tue"	"Evening"	"855"	8	5	5	18	"85"	"55"	13	10
"7388     Tue. Sep 04, 2007          4          7          2     "	7388	2007-09-04	"Tue"	"Midday"	"472"	4	7	2	13	"47"	"72"	11	9
"7387     Mon. Sep 03, 2007          0          2          3     "	7387	2007-09-03	"Mon"	"Evening"	"023"	0	2	3	5	"02"	"23"	2	5
"7386     Mon. Sep 03, 2007          0          6          2     "	7386	2007-09-03	"Mon"	"Midday"	"062"	0	6	2	8	"06"	"62"	6	8
"7385     Sun. Sep 02, 2007          5          8          2     "	7385	2007-09-02	"Sun"	"Evening"	"582"	5	8	2	15	"58"	"82"	13	10
"7384     Sun. Sep 02, 2007          8          2          8     "	7384	2007-09-02	"Sun"	"Midday"	"828"	8	2	8	18	"82"	"28"	10	10
"7383     Sat. Sep 01, 2007          8          8          1     "	7383	2007-09-01	"Sat"	"Evening"	"881"	8	8	1	17	"88"	"81"	16	9
"7382     Sat. Sep 01, 2007          6          8          0     "	7382	2007-09-01	"Sat"	"Midday"	"680"	6	8	0	14	"68"	"80"	14	8
"7381     Fri. Aug 31, 2007          1          6          0     "	7381	2007-08-31	"Fri"	"Evening"	"160"	1	6	0	7	"16"	"60"	7	6
"7380     Fri. Aug 31, 2007          1          8          8     "	7380	2007-08-31	"Fri"	"Midday"	"188"	1	8	8	17	"18"	"88"	9	16
"7379     Thu. Aug 30, 2007          5          9          0     "	7379	2007-08-30	"Thu"	"Evening"	"590"	5	9	0	14	"59"	"90"	14	9
"7378     Thu. Aug 30, 2007          2          5          4     "	7378	2007-08-30	"Thu"	"Midday"	"254"	2	5	4	11	"25"	"54"	7	9
"7377     Wed. Aug 29, 2007          7          5          5     "	7377	2007-08-29	"Wed"	"Evening"	"755"	7	5	5	17	"75"	"55"	12	10
"7376     Wed. Aug 29, 2007          1          9          8     "	7376	2007-08-29	"Wed"	"Midday"	"198"	1	9	8	18	"19"	"98"	10	17
"7375     Tue. Aug 28, 2007          6          1          7     "	7375	2007-08-28	"Tue"	"Evening"	"617"	6	1	7	14	"61"	"17"	7	8
"7374     Tue. Aug 28, 2007          9          6          1     "	7374	2007-08-28	"Tue"	"Midday"	"961"	9	6	1	16	"96"	"61"	15	7
"7373     Mon. Aug 27, 2007          0          0          8     "	7373	2007-08-27	"Mon"	"Evening"	"008"	0	0	8	8	"00"	"08"	0	8
"7372     Mon. Aug 27, 2007          7          8          5     "	7372	2007-08-27	"Mon"	"Midday"	"785"	7	8	5	20	"78"	"85"	15	13
"7371     Sun. Aug 26, 2007          7          5          8     "	7371	2007-08-26	"Sun"	"Evening"	"758"	7	5	8	20	"75"	"58"	12	13
"7370     Sun. Aug 26, 2007          1          6          6     "	7370	2007-08-26	"Sun"	"Midday"	"166"	1	6	6	13	"16"	"66"	7	12
"7369     Sat. Aug 25, 2007          6          5          7     "	7369	2007-08-25	"Sat"	"Evening"	"657"	6	5	7	18	"65"	"57"	11	12
"7368     Sat. Aug 25, 2007          3          9          4     "	7368	2007-08-25	"Sat"	"Midday"	"394"	3	9	4	16	"39"	"94"	12	13
"7367     Fri. Aug 24, 2007          8          5          9     "	7367	2007-08-24	"Fri"	"Evening"	"859"	8	5	9	22	"85"	"59"	13	14
"7366     Fri. Aug 24, 2007          0          2          0     "	7366	2007-08-24	"Fri"	"Midday"	"020"	0	2	0	2	"02"	"20"	2	2
"7365     Thu. Aug 23, 2007          3          3          7     "	7365	2007-08-23	"Thu"	"Evening"	"337"	3	3	7	13	"33"	"37"	6	10
"7364     Thu. Aug 23, 2007          4          3          0     "	7364	2007-08-23	"Thu"	"Midday"	"430"	4	3	0	7	"43"	"30"	7	3
"7363     Wed. Aug 22, 2007          7          3          1     "	7363	2007-08-22	"Wed"	"Evening"	"731"	7	3	1	11	"73"	"31"	10	4
"7362     Wed. Aug 22, 2007          1          3          5     "	7362	2007-08-22	"Wed"	"Midday"	"135"	1	3	5	9	"13"	"35"	4	8
"7361     Tue. Aug 21, 2007          9          0          1     "	7361	2007-08-21	"Tue"	"Evening"	"901"	9	0	1	10	"90"	"01"	9	1
"7360     Tue. Aug 21, 2007          0          0          9     "	7360	2007-08-21	"Tue"	"Midday"	"009"	0	0	9	9	"00"	"09"	0	9
"7359     Mon. Aug 20, 2007          7          6          3     "	7359	2007-08-20	"Mon"	"Evening"	"763"	7	6	3	16	"76"	"63"	13	9
"7358     Mon. Aug 20, 2007          4          6          5     "	7358	2007-08-20	"Mon"	"Midday"	"465"	4	6	5	15	"46"	"65"	10	11
"7357     Sun. Aug 19, 2007          6          3          2     "	7357	2007-08-19	"Sun"	"Evening"	"632"	6	3	2	11	"63"	"32"	9	5
"7356     Sun. Aug 19, 2007          8          3          8     "	7356	2007-08-19	"Sun"	"Midday"	"838"	8	3	8	19	"83"	"38"	11	11
"7355     Sat. Aug 18, 2007          1          7          1     "	7355	2007-08-18	"Sat"	"Evening"	"171"	1	7	1	9	"17"	"71"	8	8
"7354     Sat. Aug 18, 2007          3          6          2     "	7354	2007-08-18	"Sat"	"Midday"	"362"	3	6	2	11	"36"	"62"	9	8
"7353     Fri. Aug 17, 2007          7          4          7     "	7353	2007-08-17	"Fri"	"Evening"	"747"	7	4	7	18	"74"	"47"	11	11
"7352     Fri. Aug 17, 2007          7          7          2     "	7352	2007-08-17	"Fri"	"Midday"	"772"	7	7	2	16	"77"	"72"	14	9
"7351     Thu. Aug 16, 2007          4          9          1     "	7351	2007-08-16	"Thu"	"Evening"	"491"	4	9	1	14	"49"	"91"	13	10
"7350     Thu. Aug 16, 2007          2          9          4     "	7350	2007-08-16	"Thu"	"Midday"	"294"	2	9	4	15	"29"	"94"	11	13
"7349     Wed. Aug 15, 2007          9          5          2     "	7349	2007-08-15	"Wed"	"Evening"	"952"	9	5	2	16	"95"	"52"	14	7
"7348     Wed. Aug 15, 2007          4          0          2     "	7348	2007-08-15	"Wed"	"Midday"	"402"	4	0	2	6	"40"	"02"	4	2
"7347     Tue. Aug 14, 2007          6          4          3     "	7347	2007-08-14	"Tue"	"Evening"	"643"	6	4	3	13	"64"	"43"	10	7
"7346     Tue. Aug 14, 2007          0          7          2     "	7346	2007-08-14	"Tue"	"Midday"	"072"	0	7	2	9	"07"	"72"	7	9
"7345     Mon. Aug 13, 2007          8          6          4     "	7345	2007-08-13	"Mon"	"Evening"	"864"	8	6	4	18	"86"	"64"	14	10
"7344     Mon. Aug 13, 2007          9          6          3     "	7344	2007-08-13	"Mon"	"Midday"	"963"	9	6	3	18	"96"	"63"	15	9
"7343     Sun. Aug 12, 2007          0          3          5     "	7343	2007-08-12	"Sun"	"Evening"	"035"	0	3	5	8	"03"	"35"	3	8
"7342     Sun. Aug 12, 2007          4          4          8     "	7342	2007-08-12	"Sun"	"Midday"	"448"	4	4	8	16	"44"	"48"	8	12
"7341     Sat. Aug 11, 2007          9          7          1     "	7341	2007-08-11	"Sat"	"Evening"	"971"	9	7	1	17	"97"	"71"	16	8
"7340     Sat. Aug 11, 2007          4          7          8     "	7340	2007-08-11	"Sat"	"Midday"	"478"	4	7	8	19	"47"	"78"	11	15
"7339     Fri. Aug 10, 2007          1          6          5     "	7339	2007-08-10	"Fri"	"Evening"	"165"	1	6	5	12	"16"	"65"	7	11
"7338     Fri. Aug 10, 2007          8          8          8     "	7338	2007-08-10	"Fri"	"Midday"	"888"	8	8	8	24	"88"	"88"	16	16
"7337     Thu. Aug 09, 2007          3          5          0     "	7337	2007-08-09	"Thu"	"Evening"	"350"	3	5	0	8	"35"	"50"	8	5
"7336     Thu. Aug 09, 2007          7          3          8     "	7336	2007-08-09	"Thu"	"Midday"	"738"	7	3	8	18	"73"	"38"	10	11
"7335     Wed. Aug 08, 2007          5          6          6     "	7335	2007-08-08	"Wed"	"Evening"	"566"	5	6	6	17	"56"	"66"	11	12
"7334     Wed. Aug 08, 2007          5          9          0     "	7334	2007-08-08	"Wed"	"Midday"	"590"	5	9	0	14	"59"	"90"	14	9
"7333     Tue. Aug 07, 2007          7          9          1     "	7333	2007-08-07	"Tue"	"Evening"	"791"	7	9	1	17	"79"	"91"	16	10
"7332     Tue. Aug 07, 2007          2          5          9     "	7332	2007-08-07	"Tue"	"Midday"	"259"	2	5	9	16	"25"	"59"	7	14
"7331     Mon. Aug 06, 2007          7          3          4     "	7331	2007-08-06	"Mon"	"Evening"	"734"	7	3	4	14	"73"	"34"	10	7
"7330     Mon. Aug 06, 2007          7          6          6     "	7330	2007-08-06	"Mon"	"Midday"	"766"	7	6	6	19	"76"	"66"	13	12
"7329     Sun. Aug 05, 2007          1          4          2     "	7329	2007-08-05	"Sun"	"Evening"	"142"	1	4	2	7	"14"	"42"	5	6
"7328     Sun. Aug 05, 2007          5          4          8     "	7328	2007-08-05	"Sun"	"Midday"	"548"	5	4	8	17	"54"	"48"	9	12
"7327     Sat. Aug 04, 2007          6          8          5     "	7327	2007-08-04	"Sat"	"Evening"	"685"	6	8	5	19	"68"	"85"	14	13
"7326     Sat. Aug 04, 2007          2          7          4     "	7326	2007-08-04	"Sat"	"Midday"	"274"	2	7	4	13	"27"	"74"	9	11
"7325     Fri. Aug 03, 2007          9          2          2     "	7325	2007-08-03	"Fri"	"Evening"	"922"	9	2	2	13	"92"	"22"	11	4
"7324     Fri. Aug 03, 2007          6          2          9     "	7324	2007-08-03	"Fri"	"Midday"	"629"	6	2	9	17	"62"	"29"	8	11
"7323     Thu. Aug 02, 2007          6          2          2     "	7323	2007-08-02	"Thu"	"Evening"	"622"	6	2	2	10	"62"	"22"	8	4
"7322     Thu. Aug 02, 2007          0          9          3     "	7322	2007-08-02	"Thu"	"Midday"	"093"	0	9	3	12	"09"	"93"	9	12
"7321     Wed. Aug 01, 2007          9          3          7     "	7321	2007-08-01	"Wed"	"Evening"	"937"	9	3	7	19	"93"	"37"	12	10
"7320     Wed. Aug 01, 2007          5          4          3     "	7320	2007-08-01	"Wed"	"Midday"	"543"	5	4	3	12	"54"	"43"	9	7
"7319     Tue. Jul 31, 2007          3          9          4     "	7319	2007-07-31	"Tue"	"Evening"	"394"	3	9	4	16	"39"	"94"	12	13
"7318     Tue. Jul 31, 2007          2          7          9     "	7318	2007-07-31	"Tue"	"Midday"	"279"	2	7	9	18	"27"	"79"	9	16
"7317     Mon. Jul 30, 2007          9          2          6     "	7317	2007-07-30	"Mon"	"Evening"	"926"	9	2	6	17	"92"	"26"	11	8
"7316     Mon. Jul 30, 2007          4          9          5     "	7316	2007-07-30	"Mon"	"Midday"	"495"	4	9	5	18	"49"	"95"	13	14
"7315     Sun. Jul 29, 2007          2          2          6     "	7315	2007-07-29	"Sun"	"Evening"	"226"	2	2	6	10	"22"	"26"	4	8
"7314     Sun. Jul 29, 2007          2          2          9     "	7314	2007-07-29	"Sun"	"Midday"	"229"	2	2	9	13	"22"	"29"	4	11
"7313     Sat. Jul 28, 2007          3          8          0     "	7313	2007-07-28	"Sat"	"Evening"	"380"	3	8	0	11	"38"	"80"	11	8
"7312     Sat. Jul 28, 2007          9          5          3     "	7312	2007-07-28	"Sat"	"Midday"	"953"	9	5	3	17	"95"	"53"	14	8
"7311     Fri. Jul 27, 2007          2          5          1     "	7311	2007-07-27	"Fri"	"Evening"	"251"	2	5	1	8	"25"	"51"	7	6
"7310     Fri. Jul 27, 2007          7          0          8     "	7310	2007-07-27	"Fri"	"Midday"	"708"	7	0	8	15	"70"	"08"	7	8
"7309     Thu. Jul 26, 2007          4          3          6     "	7309	2007-07-26	"Thu"	"Evening"	"436"	4	3	6	13	"43"	"36"	7	9
"7308     Thu. Jul 26, 2007          2          1          0     "	7308	2007-07-26	"Thu"	"Midday"	"210"	2	1	0	3	"21"	"10"	3	1
"7307     Wed. Jul 25, 2007          6          9          2     "	7307	2007-07-25	"Wed"	"Evening"	"692"	6	9	2	17	"69"	"92"	15	11
"7306     Wed. Jul 25, 2007          1          7          2     "	7306	2007-07-25	"Wed"	"Midday"	"172"	1	7	2	10	"17"	"72"	8	9
"7305     Tue. Jul 24, 2007          4          6          7     "	7305	2007-07-24	"Tue"	"Evening"	"467"	4	6	7	17	"46"	"67"	10	13
"7304     Tue. Jul 24, 2007          2          3          3     "	7304	2007-07-24	"Tue"	"Midday"	"233"	2	3	3	8	"23"	"33"	5	6
"7303     Mon. Jul 23, 2007          5          0          9     "	7303	2007-07-23	"Mon"	"Evening"	"509"	5	0	9	14	"50"	"09"	5	9
"7302     Mon. Jul 23, 2007          0          2          2     "	7302	2007-07-23	"Mon"	"Midday"	"022"	0	2	2	4	"02"	"22"	2	4
"7301     Sun. Jul 22, 2007          4          1          5     "	7301	2007-07-22	"Sun"	"Evening"	"415"	4	1	5	10	"41"	"15"	5	6
"7300     Sun. Jul 22, 2007          4          0          2     "	7300	2007-07-22	"Sun"	"Midday"	"402"	4	0	2	6	"40"	"02"	4	2
"7299     Sat. Jul 21, 2007          2          6          9     "	7299	2007-07-21	"Sat"	"Evening"	"269"	2	6	9	17	"26"	"69"	8	15
"7298     Sat. Jul 21, 2007          3          7          5     "	7298	2007-07-21	"Sat"	"Midday"	"375"	3	7	5	15	"37"	"75"	10	12
"7297     Fri. Jul 20, 2007          5          4          6     "	7297	2007-07-20	"Fri"	"Evening"	"546"	5	4	6	15	"54"	"46"	9	10
"7296     Fri. Jul 20, 2007          5          4          4     "	7296	2007-07-20	"Fri"	"Midday"	"544"	5	4	4	13	"54"	"44"	9	8
"7295     Thu. Jul 19, 2007          8          3          9     "	7295	2007-07-19	"Thu"	"Evening"	"839"	8	3	9	20	"83"	"39"	11	12
"7294     Thu. Jul 19, 2007          0          2          6     "	7294	2007-07-19	"Thu"	"Midday"	"026"	0	2	6	8	"02"	"26"	2	8
"7293     Wed. Jul 18, 2007          1          2          3     "	7293	2007-07-18	"Wed"	"Evening"	"123"	1	2	3	6	"12"	"23"	3	5
"7292     Wed. Jul 18, 2007          4          1          4     "	7292	2007-07-18	"Wed"	"Midday"	"414"	4	1	4	9	"41"	"14"	5	5
"7291     Tue. Jul 17, 2007          9          2          1     "	7291	2007-07-17	"Tue"	"Evening"	"921"	9	2	1	12	"92"	"21"	11	3
"7290     Tue. Jul 17, 2007          4          0          5     "	7290	2007-07-17	"Tue"	"Midday"	"405"	4	0	5	9	"40"	"05"	4	5
"7289     Mon. Jul 16, 2007          9          0          7     "	7289	2007-07-16	"Mon"	"Evening"	"907"	9	0	7	16	"90"	"07"	9	7
"7288     Mon. Jul 16, 2007          1          2          3     "	7288	2007-07-16	"Mon"	"Midday"	"123"	1	2	3	6	"12"	"23"	3	5
"7287     Sun. Jul 15, 2007          6          4          9     "	7287	2007-07-15	"Sun"	"Evening"	"649"	6	4	9	19	"64"	"49"	10	13
"7286     Sun. Jul 15, 2007          3          9          4     "	7286	2007-07-15	"Sun"	"Midday"	"394"	3	9	4	16	"39"	"94"	12	13
"7285     Sat. Jul 14, 2007          3          1          3     "	7285	2007-07-14	"Sat"	"Evening"	"313"	3	1	3	7	"31"	"13"	4	4
"7284     Sat. Jul 14, 2007          1          6          5     "	7284	2007-07-14	"Sat"	"Midday"	"165"	1	6	5	12	"16"	"65"	7	11
"7283     Fri. Jul 13, 2007          1          6          9     "	7283	2007-07-13	"Fri"	"Evening"	"169"	1	6	9	16	"16"	"69"	7	15
"7282     Fri. Jul 13, 2007          5          1          6     "	7282	2007-07-13	"Fri"	"Midday"	"516"	5	1	6	12	"51"	"16"	6	7
"7281     Thu. Jul 12, 2007          0          7          6     "	7281	2007-07-12	"Thu"	"Evening"	"076"	0	7	6	13	"07"	"76"	7	13
"7280     Thu. Jul 12, 2007          0          3          4     "	7280	2007-07-12	"Thu"	"Midday"	"034"	0	3	4	7	"03"	"34"	3	7
"7279     Wed. Jul 11, 2007          5          2          0     "	7279	2007-07-11	"Wed"	"Evening"	"520"	5	2	0	7	"52"	"20"	7	2
"7278     Wed. Jul 11, 2007          3          9          6     "	7278	2007-07-11	"Wed"	"Midday"	"396"	3	9	6	18	"39"	"96"	12	15
"7277     Tue. Jul 10, 2007          6          7          5     "	7277	2007-07-10	"Tue"	"Evening"	"675"	6	7	5	18	"67"	"75"	13	12
"7276     Tue. Jul 10, 2007          3          8          0     "	7276	2007-07-10	"Tue"	"Midday"	"380"	3	8	0	11	"38"	"80"	11	8
"7275     Mon. Jul 09, 2007          5          3          8     "	7275	2007-07-09	"Mon"	"Evening"	"538"	5	3	8	16	"53"	"38"	8	11
"7274     Mon. Jul 09, 2007          3          7          5     "	7274	2007-07-09	"Mon"	"Midday"	"375"	3	7	5	15	"37"	"75"	10	12
"7273     Sun. Jul 08, 2007          7          9          2     "	7273	2007-07-08	"Sun"	"Evening"	"792"	7	9	2	18	"79"	"92"	16	11
"7272     Sun. Jul 08, 2007          9          7          5     "	7272	2007-07-08	"Sun"	"Midday"	"975"	9	7	5	21	"97"	"75"	16	12
"7271     Sat. Jul 07, 2007          1          4          5     "	7271	2007-07-07	"Sat"	"Evening"	"145"	1	4	5	10	"14"	"45"	5	9
"7270     Sat. Jul 07, 2007          6          8          3     "	7270	2007-07-07	"Sat"	"Midday"	"683"	6	8	3	17	"68"	"83"	14	11
"7269     Fri. Jul 06, 2007          6          4          3     "	7269	2007-07-06	"Fri"	"Evening"	"643"	6	4	3	13	"64"	"43"	10	7
"7268     Fri. Jul 06, 2007          7          0          2     "	7268	2007-07-06	"Fri"	"Midday"	"702"	7	0	2	9	"70"	"02"	7	2
"7267     Thu. Jul 05, 2007          4          3          6     "	7267	2007-07-05	"Thu"	"Evening"	"436"	4	3	6	13	"43"	"36"	7	9
"7266     Thu. Jul 05, 2007          2          6          1     "	7266	2007-07-05	"Thu"	"Midday"	"261"	2	6	1	9	"26"	"61"	8	7
"7265     Wed. Jul 04, 2007          0          0          4     "	7265	2007-07-04	"Wed"	"Evening"	"004"	0	0	4	4	"00"	"04"	0	4
"7264     Wed. Jul 04, 2007          3          6          9     "	7264	2007-07-04	"Wed"	"Midday"	"369"	3	6	9	18	"36"	"69"	9	15
"7263     Tue. Jul 03, 2007          8          4          7     "	7263	2007-07-03	"Tue"	"Evening"	"847"	8	4	7	19	"84"	"47"	12	11
"7262     Tue. Jul 03, 2007          6          0          2     "	7262	2007-07-03	"Tue"	"Midday"	"602"	6	0	2	8	"60"	"02"	6	2
"7261     Mon. Jul 02, 2007          7          7          4     "	7261	2007-07-02	"Mon"	"Evening"	"774"	7	7	4	18	"77"	"74"	14	11
"7260     Mon. Jul 02, 2007          4          6          2     "	7260	2007-07-02	"Mon"	"Midday"	"462"	4	6	2	12	"46"	"62"	10	8
"7259     Sun. Jul 01, 2007          8          0          6     "	7259	2007-07-01	"Sun"	"Evening"	"806"	8	0	6	14	"80"	"06"	8	6
"7258     Sun. Jul 01, 2007          7          9          2     "	7258	2007-07-01	"Sun"	"Midday"	"792"	7	9	2	18	"79"	"92"	16	11
"7257     Sat. Jun 30, 2007          7          4          3     "	7257	2007-06-30	"Sat"	"Evening"	"743"	7	4	3	14	"74"	"43"	11	7
"7256     Sat. Jun 30, 2007          9          6          1     "	7256	2007-06-30	"Sat"	"Midday"	"961"	9	6	1	16	"96"	"61"	15	7
"7255     Fri. Jun 29, 2007          9          8          9     "	7255	2007-06-29	"Fri"	"Evening"	"989"	9	8	9	26	"98"	"89"	17	17
"7254     Fri. Jun 29, 2007          1          2          8     "	7254	2007-06-29	"Fri"	"Midday"	"128"	1	2	8	11	"12"	"28"	3	10
"7253     Thu. Jun 28, 2007          4          0          4     "	7253	2007-06-28	"Thu"	"Evening"	"404"	4	0	4	8	"40"	"04"	4	4
"7252     Thu. Jun 28, 2007          6          0          3     "	7252	2007-06-28	"Thu"	"Midday"	"603"	6	0	3	9	"60"	"03"	6	3
"7251     Wed. Jun 27, 2007          9          9          6     "	7251	2007-06-27	"Wed"	"Evening"	"996"	9	9	6	24	"99"	"96"	18	15
"7250     Wed. Jun 27, 2007          5          0          7     "	7250	2007-06-27	"Wed"	"Midday"	"507"	5	0	7	12	"50"	"07"	5	7
"7249     Tue. Jun 26, 2007          5          9          5     "	7249	2007-06-26	"Tue"	"Evening"	"595"	5	9	5	19	"59"	"95"	14	14
"7248     Tue. Jun 26, 2007          4          0          6     "	7248	2007-06-26	"Tue"	"Midday"	"406"	4	0	6	10	"40"	"06"	4	6
"7247     Mon. Jun 25, 2007          3          6          0     "	7247	2007-06-25	"Mon"	"Evening"	"360"	3	6	0	9	"36"	"60"	9	6
"7246     Mon. Jun 25, 2007          8          7          5     "	7246	2007-06-25	"Mon"	"Midday"	"875"	8	7	5	20	"87"	"75"	15	12
"7245     Sun. Jun 24, 2007          3          2          4     "	7245	2007-06-24	"Sun"	"Evening"	"324"	3	2	4	9	"32"	"24"	5	6
"7244     Sun. Jun 24, 2007          5          2          4     "	7244	2007-06-24	"Sun"	"Midday"	"524"	5	2	4	11	"52"	"24"	7	6
"7243     Sat. Jun 23, 2007          8          2          2     "	7243	2007-06-23	"Sat"	"Evening"	"822"	8	2	2	12	"82"	"22"	10	4
"7242     Sat. Jun 23, 2007          8          3          7     "	7242	2007-06-23	"Sat"	"Midday"	"837"	8	3	7	18	"83"	"37"	11	10
"7241     Fri. Jun 22, 2007          4          2          0     "	7241	2007-06-22	"Fri"	"Evening"	"420"	4	2	0	6	"42"	"20"	6	2
"7240     Fri. Jun 22, 2007          1          7          0     "	7240	2007-06-22	"Fri"	"Midday"	"170"	1	7	0	8	"17"	"70"	8	7
"7239     Thu. Jun 21, 2007          4          4          5     "	7239	2007-06-21	"Thu"	"Evening"	"445"	4	4	5	13	"44"	"45"	8	9
"7238     Thu. Jun 21, 2007          0          8          0     "	7238	2007-06-21	"Thu"	"Midday"	"080"	0	8	0	8	"08"	"80"	8	8
"7237     Wed. Jun 20, 2007          9          9          1     "	7237	2007-06-20	"Wed"	"Evening"	"991"	9	9	1	19	"99"	"91"	18	10
"7236     Wed. Jun 20, 2007          9          1          7     "	7236	2007-06-20	"Wed"	"Midday"	"917"	9	1	7	17	"91"	"17"	10	8
"7235     Tue. Jun 19, 2007          2          7          0     "	7235	2007-06-19	"Tue"	"Evening"	"270"	2	7	0	9	"27"	"70"	9	7
"7234     Tue. Jun 19, 2007          9          2          4     "	7234	2007-06-19	"Tue"	"Midday"	"924"	9	2	4	15	"92"	"24"	11	6
"7233     Mon. Jun 18, 2007          9          2          9     "	7233	2007-06-18	"Mon"	"Evening"	"929"	9	2	9	20	"92"	"29"	11	11
"7232     Mon. Jun 18, 2007          4          7          2     "	7232	2007-06-18	"Mon"	"Midday"	"472"	4	7	2	13	"47"	"72"	11	9
"7231     Sun. Jun 17, 2007          2          5          5     "	7231	2007-06-17	"Sun"	"Evening"	"255"	2	5	5	12	"25"	"55"	7	10
"7230     Sun. Jun 17, 2007          9          5          6     "	7230	2007-06-17	"Sun"	"Midday"	"956"	9	5	6	20	"95"	"56"	14	11
"7229     Sat. Jun 16, 2007          5          1          7     "	7229	2007-06-16	"Sat"	"Evening"	"517"	5	1	7	13	"51"	"17"	6	8
"7228     Sat. Jun 16, 2007          1          8          7     "	7228	2007-06-16	"Sat"	"Midday"	"187"	1	8	7	16	"18"	"87"	9	15
"7227     Fri. Jun 15, 2007          4          9          8     "	7227	2007-06-15	"Fri"	"Evening"	"498"	4	9	8	21	"49"	"98"	13	17
"7226     Fri. Jun 15, 2007          0          6          6     "	7226	2007-06-15	"Fri"	"Midday"	"066"	0	6	6	12	"06"	"66"	6	12
"7225     Thu. Jun 14, 2007          7          2          8     "	7225	2007-06-14	"Thu"	"Evening"	"728"	7	2	8	17	"72"	"28"	9	10
"7224     Thu. Jun 14, 2007          1          5          2     "	7224	2007-06-14	"Thu"	"Midday"	"152"	1	5	2	8	"15"	"52"	6	7
"7223     Wed. Jun 13, 2007          0          5          0     "	7223	2007-06-13	"Wed"	"Evening"	"050"	0	5	0	5	"05"	"50"	5	5
"7222     Wed. Jun 13, 2007          5          5          7     "	7222	2007-06-13	"Wed"	"Midday"	"557"	5	5	7	17	"55"	"57"	10	12
"7221     Tue. Jun 12, 2007          1          7          8     "	7221	2007-06-12	"Tue"	"Evening"	"178"	1	7	8	16	"17"	"78"	8	15
"7220     Tue. Jun 12, 2007          2          2          2     "	7220	2007-06-12	"Tue"	"Midday"	"222"	2	2	2	6	"22"	"22"	4	4
"7219     Mon. Jun 11, 2007          9          0          9     "	7219	2007-06-11	"Mon"	"Evening"	"909"	9	0	9	18	"90"	"09"	9	9
"7218     Mon. Jun 11, 2007          4          6          8     "	7218	2007-06-11	"Mon"	"Midday"	"468"	4	6	8	18	"46"	"68"	10	14
"7217     Sun. Jun 10, 2007          4          3          2     "	7217	2007-06-10	"Sun"	"Evening"	"432"	4	3	2	9	"43"	"32"	7	5
"7216     Sun. Jun 10, 2007          9          1          4     "	7216	2007-06-10	"Sun"	"Midday"	"914"	9	1	4	14	"91"	"14"	10	5
"7215     Sat. Jun 09, 2007          3          3          2     "	7215	2007-06-09	"Sat"	"Evening"	"332"	3	3	2	8	"33"	"32"	6	5
"7214     Sat. Jun 09, 2007          3          1          0     "	7214	2007-06-09	"Sat"	"Midday"	"310"	3	1	0	4	"31"	"10"	4	1
"7213     Fri. Jun 08, 2007          1          2          7     "	7213	2007-06-08	"Fri"	"Evening"	"127"	1	2	7	10	"12"	"27"	3	9
"7212     Fri. Jun 08, 2007          0          7          8     "	7212	2007-06-08	"Fri"	"Midday"	"078"	0	7	8	15	"07"	"78"	7	15
"7211     Thu. Jun 07, 2007          6          2          0     "	7211	2007-06-07	"Thu"	"Evening"	"620"	6	2	0	8	"62"	"20"	8	2
"7210     Thu. Jun 07, 2007          2          6          3     "	7210	2007-06-07	"Thu"	"Midday"	"263"	2	6	3	11	"26"	"63"	8	9
"7209     Wed. Jun 06, 2007          9          9          9     "	7209	2007-06-06	"Wed"	"Evening"	"999"	9	9	9	27	"99"	"99"	18	18
"7208     Wed. Jun 06, 2007          8          5          8     "	7208	2007-06-06	"Wed"	"Midday"	"858"	8	5	8	21	"85"	"58"	13	13
"7207     Tue. Jun 05, 2007          5          4          2     "	7207	2007-06-05	"Tue"	"Evening"	"542"	5	4	2	11	"54"	"42"	9	6
"7206     Tue. Jun 05, 2007          6          2          9     "	7206	2007-06-05	"Tue"	"Midday"	"629"	6	2	9	17	"62"	"29"	8	11
"7205     Mon. Jun 04, 2007          0          4          9     "	7205	2007-06-04	"Mon"	"Evening"	"049"	0	4	9	13	"04"	"49"	4	13
"7204     Mon. Jun 04, 2007          8          9          0     "	7204	2007-06-04	"Mon"	"Midday"	"890"	8	9	0	17	"89"	"90"	17	9
"7203     Sun. Jun 03, 2007          5          6          5     "	7203	2007-06-03	"Sun"	"Evening"	"565"	5	6	5	16	"56"	"65"	11	11
"7202     Sun. Jun 03, 2007          8          1          4     "	7202	2007-06-03	"Sun"	"Midday"	"814"	8	1	4	13	"81"	"14"	9	5
"7201     Sat. Jun 02, 2007          2          4          0     "	7201	2007-06-02	"Sat"	"Evening"	"240"	2	4	0	6	"24"	"40"	6	4
"7200     Sat. Jun 02, 2007          2          8          8     "	7200	2007-06-02	"Sat"	"Midday"	"288"	2	8	8	18	"28"	"88"	10	16
"7199     Fri. Jun 01, 2007          2          4          9     "	7199	2007-06-01	"Fri"	"Evening"	"249"	2	4	9	15	"24"	"49"	6	13
"7198     Fri. Jun 01, 2007          1          4          9     "	7198	2007-06-01	"Fri"	"Midday"	"149"	1	4	9	14	"14"	"49"	5	13
"7197     Thu. May 31, 2007          1          2          0     "	7197	2007-05-31	"Thu"	"Evening"	"120"	1	2	0	3	"12"	"20"	3	2
"7196     Thu. May 31, 2007          4          8          9     "	7196	2007-05-31	"Thu"	"Midday"	"489"	4	8	9	21	"48"	"89"	12	17
"7195     Wed. May 30, 2007          1          3          1     "	7195	2007-05-30	"Wed"	"Evening"	"131"	1	3	1	5	"13"	"31"	4	4
"7194     Wed. May 30, 2007          7          9          5     "	7194	2007-05-30	"Wed"	"Midday"	"795"	7	9	5	21	"79"	"95"	16	14
"7193     Tue. May 29, 2007          1          4          1     "	7193	2007-05-29	"Tue"	"Evening"	"141"	1	4	1	6	"14"	"41"	5	5
"7192     Tue. May 29, 2007          7          4          3     "	7192	2007-05-29	"Tue"	"Midday"	"743"	7	4	3	14	"74"	"43"	11	7
"7191     Mon. May 28, 2007          4          3          4     "	7191	2007-05-28	"Mon"	"Evening"	"434"	4	3	4	11	"43"	"34"	7	7
"7190     Mon. May 28, 2007          0          7          8     "	7190	2007-05-28	"Mon"	"Midday"	"078"	0	7	8	15	"07"	"78"	7	15
"7189     Sun. May 27, 2007          4          8          3     "	7189	2007-05-27	"Sun"	"Evening"	"483"	4	8	3	15	"48"	"83"	12	11
"7188     Sun. May 27, 2007          6          1          2     "	7188	2007-05-27	"Sun"	"Midday"	"612"	6	1	2	9	"61"	"12"	7	3
"7187     Sat. May 26, 2007          5          9          3     "	7187	2007-05-26	"Sat"	"Evening"	"593"	5	9	3	17	"59"	"93"	14	12
"7186     Sat. May 26, 2007          3          8          3     "	7186	2007-05-26	"Sat"	"Midday"	"383"	3	8	3	14	"38"	"83"	11	11
"7185     Fri. May 25, 2007          7          8          8     "	7185	2007-05-25	"Fri"	"Evening"	"788"	7	8	8	23	"78"	"88"	15	16
"7184     Fri. May 25, 2007          3          8          7     "	7184	2007-05-25	"Fri"	"Midday"	"387"	3	8	7	18	"38"	"87"	11	15
"7183     Thu. May 24, 2007          8          5          4     "	7183	2007-05-24	"Thu"	"Evening"	"854"	8	5	4	17	"85"	"54"	13	9
"7182     Thu. May 24, 2007          8          7          0     "	7182	2007-05-24	"Thu"	"Midday"	"870"	8	7	0	15	"87"	"70"	15	7
"7181     Wed. May 23, 2007          9          7          4     "	7181	2007-05-23	"Wed"	"Evening"	"974"	9	7	4	20	"97"	"74"	16	11
"7180     Wed. May 23, 2007          4          3          9     "	7180	2007-05-23	"Wed"	"Midday"	"439"	4	3	9	16	"43"	"39"	7	12
"7179     Tue. May 22, 2007          5          6          4     "	7179	2007-05-22	"Tue"	"Evening"	"564"	5	6	4	15	"56"	"64"	11	10
"7178     Tue. May 22, 2007          9          8          0     "	7178	2007-05-22	"Tue"	"Midday"	"980"	9	8	0	17	"98"	"80"	17	8
"7177     Mon. May 21, 2007          4          1          6     "	7177	2007-05-21	"Mon"	"Evening"	"416"	4	1	6	11	"41"	"16"	5	7
"7176     Mon. May 21, 2007          6          0          4     "	7176	2007-05-21	"Mon"	"Midday"	"604"	6	0	4	10	"60"	"04"	6	4
"7175     Sun. May 20, 2007          4          9          1     "	7175	2007-05-20	"Sun"	"Evening"	"491"	4	9	1	14	"49"	"91"	13	10
"7174     Sun. May 20, 2007          7          7          6     "	7174	2007-05-20	"Sun"	"Midday"	"776"	7	7	6	20	"77"	"76"	14	13
"7173     Sat. May 19, 2007          9          5          6     "	7173	2007-05-19	"Sat"	"Evening"	"956"	9	5	6	20	"95"	"56"	14	11
"7172     Sat. May 19, 2007          9          1          3     "	7172	2007-05-19	"Sat"	"Midday"	"913"	9	1	3	13	"91"	"13"	10	4
"7171     Fri. May 18, 2007          0          4          0     "	7171	2007-05-18	"Fri"	"Evening"	"040"	0	4	0	4	"04"	"40"	4	4
"7170     Fri. May 18, 2007          2          3          6     "	7170	2007-05-18	"Fri"	"Midday"	"236"	2	3	6	11	"23"	"36"	5	9
"7169     Thu. May 17, 2007          0          8          5     "	7169	2007-05-17	"Thu"	"Evening"	"085"	0	8	5	13	"08"	"85"	8	13
"7168     Thu. May 17, 2007          5          2          8     "	7168	2007-05-17	"Thu"	"Midday"	"528"	5	2	8	15	"52"	"28"	7	10
"7167     Wed. May 16, 2007          5          0          0     "	7167	2007-05-16	"Wed"	"Evening"	"500"	5	0	0	5	"50"	"00"	5	0
"7166     Wed. May 16, 2007          1          1          3     "	7166	2007-05-16	"Wed"	"Midday"	"113"	1	1	3	5	"11"	"13"	2	4
"7165     Tue. May 15, 2007          7          7          5     "	7165	2007-05-15	"Tue"	"Evening"	"775"	7	7	5	19	"77"	"75"	14	12
"7164     Tue. May 15, 2007          2          6          1     "	7164	2007-05-15	"Tue"	"Midday"	"261"	2	6	1	9	"26"	"61"	8	7
"7163     Mon. May 14, 2007          5          8          6     "	7163	2007-05-14	"Mon"	"Evening"	"586"	5	8	6	19	"58"	"86"	13	14
"7162     Mon. May 14, 2007          2          9          1     "	7162	2007-05-14	"Mon"	"Midday"	"291"	2	9	1	12	"29"	"91"	11	10
"7161     Sun. May 13, 2007          9          9          9     "	7161	2007-05-13	"Sun"	"Evening"	"999"	9	9	9	27	"99"	"99"	18	18
"7160     Sun. May 13, 2007          8          0          1     "	7160	2007-05-13	"Sun"	"Midday"	"801"	8	0	1	9	"80"	"01"	8	1
"7159     Sat. May 12, 2007          3          1          2     "	7159	2007-05-12	"Sat"	"Evening"	"312"	3	1	2	6	"31"	"12"	4	3
"7158     Sat. May 12, 2007          5          5          2     "	7158	2007-05-12	"Sat"	"Midday"	"552"	5	5	2	12	"55"	"52"	10	7
"7157     Fri. May 11, 2007          3          6          7     "	7157	2007-05-11	"Fri"	"Evening"	"367"	3	6	7	16	"36"	"67"	9	13
"7156     Fri. May 11, 2007          7          3          4     "	7156	2007-05-11	"Fri"	"Midday"	"734"	7	3	4	14	"73"	"34"	10	7
"7155     Thu. May 10, 2007          3          8          8     "	7155	2007-05-10	"Thu"	"Evening"	"388"	3	8	8	19	"38"	"88"	11	16
"7154     Thu. May 10, 2007          5          8          6     "	7154	2007-05-10	"Thu"	"Midday"	"586"	5	8	6	19	"58"	"86"	13	14
"7153     Wed. May 09, 2007          4          6          1     "	7153	2007-05-09	"Wed"	"Evening"	"461"	4	6	1	11	"46"	"61"	10	7
"7152     Wed. May 09, 2007          6          4          1     "	7152	2007-05-09	"Wed"	"Midday"	"641"	6	4	1	11	"64"	"41"	10	5
"7151     Tue. May 08, 2007          9          1          5     "	7151	2007-05-08	"Tue"	"Evening"	"915"	9	1	5	15	"91"	"15"	10	6
"7150     Tue. May 08, 2007          3          9          8     "	7150	2007-05-08	"Tue"	"Midday"	"398"	3	9	8	20	"39"	"98"	12	17
"7149     Mon. May 07, 2007          4          3          0     "	7149	2007-05-07	"Mon"	"Evening"	"430"	4	3	0	7	"43"	"30"	7	3
"7148     Mon. May 07, 2007          1          3          8     "	7148	2007-05-07	"Mon"	"Midday"	"138"	1	3	8	12	"13"	"38"	4	11
"7147     Sun. May 06, 2007          2          4          2     "	7147	2007-05-06	"Sun"	"Evening"	"242"	2	4	2	8	"24"	"42"	6	6
"7146     Sun. May 06, 2007          2          1          1     "	7146	2007-05-06	"Sun"	"Midday"	"211"	2	1	1	4	"21"	"11"	3	2
"7145     Sat. May 05, 2007          3          0          4     "	7145	2007-05-05	"Sat"	"Evening"	"304"	3	0	4	7	"30"	"04"	3	4
"7144     Sat. May 05, 2007          2          4          9     "	7144	2007-05-05	"Sat"	"Midday"	"249"	2	4	9	15	"24"	"49"	6	13
"7143     Fri. May 04, 2007          6          3          0     "	7143	2007-05-04	"Fri"	"Evening"	"630"	6	3	0	9	"63"	"30"	9	3
"7142     Fri. May 04, 2007          1          0          8     "	7142	2007-05-04	"Fri"	"Midday"	"108"	1	0	8	9	"10"	"08"	1	8
"7141     Thu. May 03, 2007          7          4          3     "	7141	2007-05-03	"Thu"	"Evening"	"743"	7	4	3	14	"74"	"43"	11	7
"7140     Thu. May 03, 2007          9          2          3     "	7140	2007-05-03	"Thu"	"Midday"	"923"	9	2	3	14	"92"	"23"	11	5
"7139     Wed. May 02, 2007          3          5          9     "	7139	2007-05-02	"Wed"	"Evening"	"359"	3	5	9	17	"35"	"59"	8	14
"7138     Wed. May 02, 2007          4          9          0     "	7138	2007-05-02	"Wed"	"Midday"	"490"	4	9	0	13	"49"	"90"	13	9
"7137     Tue. May 01, 2007          5          5          4     "	7137	2007-05-01	"Tue"	"Evening"	"554"	5	5	4	14	"55"	"54"	10	9
"7136     Tue. May 01, 2007          1          8          1     "	7136	2007-05-01	"Tue"	"Midday"	"181"	1	8	1	10	"18"	"81"	9	9
"7135     Mon. Apr 30, 2007          6          0          3     "	7135	2007-04-30	"Mon"	"Evening"	"603"	6	0	3	9	"60"	"03"	6	3
"7134     Mon. Apr 30, 2007          7          4          5     "	7134	2007-04-30	"Mon"	"Midday"	"745"	7	4	5	16	"74"	"45"	11	9
"7133     Sun. Apr 29, 2007          5          5          1     "	7133	2007-04-29	"Sun"	"Evening"	"551"	5	5	1	11	"55"	"51"	10	6
"7132     Sun. Apr 29, 2007          2          6          4     "	7132	2007-04-29	"Sun"	"Midday"	"264"	2	6	4	12	"26"	"64"	8	10
"7131     Sat. Apr 28, 2007          8          6          1     "	7131	2007-04-28	"Sat"	"Evening"	"861"	8	6	1	15	"86"	"61"	14	7
"7130     Sat. Apr 28, 2007          0          7          7     "	7130	2007-04-28	"Sat"	"Midday"	"077"	0	7	7	14	"07"	"77"	7	14
"7129     Fri. Apr 27, 2007          9          5          6     "	7129	2007-04-27	"Fri"	"Evening"	"956"	9	5	6	20	"95"	"56"	14	11
"7128     Fri. Apr 27, 2007          0          7          9     "	7128	2007-04-27	"Fri"	"Midday"	"079"	0	7	9	16	"07"	"79"	7	16
"7127     Thu. Apr 26, 2007          7          6          6     "	7127	2007-04-26	"Thu"	"Evening"	"766"	7	6	6	19	"76"	"66"	13	12
"7126     Thu. Apr 26, 2007          4          6          8     "	7126	2007-04-26	"Thu"	"Midday"	"468"	4	6	8	18	"46"	"68"	10	14
"7125     Wed. Apr 25, 2007          6          7          8     "	7125	2007-04-25	"Wed"	"Evening"	"678"	6	7	8	21	"67"	"78"	13	15
"7124     Wed. Apr 25, 2007          4          6          8     "	7124	2007-04-25	"Wed"	"Midday"	"468"	4	6	8	18	"46"	"68"	10	14
"7123     Tue. Apr 24, 2007          7          1          6     "	7123	2007-04-24	"Tue"	"Evening"	"716"	7	1	6	14	"71"	"16"	8	7
"7122     Tue. Apr 24, 2007          8          9          7     "	7122	2007-04-24	"Tue"	"Midday"	"897"	8	9	7	24	"89"	"97"	17	16
"7121     Mon. Apr 23, 2007          2          2          0     "	7121	2007-04-23	"Mon"	"Evening"	"220"	2	2	0	4	"22"	"20"	4	2
"7120     Mon. Apr 23, 2007          6          3          5     "	7120	2007-04-23	"Mon"	"Midday"	"635"	6	3	5	14	"63"	"35"	9	8
"7119     Sun. Apr 22, 2007          7          6          0     "	7119	2007-04-22	"Sun"	"Evening"	"760"	7	6	0	13	"76"	"60"	13	6
"7118     Sun. Apr 22, 2007          9          2          8     "	7118	2007-04-22	"Sun"	"Midday"	"928"	9	2	8	19	"92"	"28"	11	10
"7117     Sat. Apr 21, 2007          4          5          3     "	7117	2007-04-21	"Sat"	"Evening"	"453"	4	5	3	12	"45"	"53"	9	8
"7116     Sat. Apr 21, 2007          6          7          1     "	7116	2007-04-21	"Sat"	"Midday"	"671"	6	7	1	14	"67"	"71"	13	8
"7115     Fri. Apr 20, 2007          9          2          9     "	7115	2007-04-20	"Fri"	"Evening"	"929"	9	2	9	20	"92"	"29"	11	11
"7114     Fri. Apr 20, 2007          7          7          6     "	7114	2007-04-20	"Fri"	"Midday"	"776"	7	7	6	20	"77"	"76"	14	13
"7113     Thu. Apr 19, 2007          6          5          0     "	7113	2007-04-19	"Thu"	"Evening"	"650"	6	5	0	11	"65"	"50"	11	5
"7112     Thu. Apr 19, 2007          0          9          2     "	7112	2007-04-19	"Thu"	"Midday"	"092"	0	9	2	11	"09"	"92"	9	11
"7111     Wed. Apr 18, 2007          9          4          9     "	7111	2007-04-18	"Wed"	"Evening"	"949"	9	4	9	22	"94"	"49"	13	13
"7110     Wed. Apr 18, 2007          7          1          8     "	7110	2007-04-18	"Wed"	"Midday"	"718"	7	1	8	16	"71"	"18"	8	9
"7109     Tue. Apr 17, 2007          0          1          6     "	7109	2007-04-17	"Tue"	"Evening"	"016"	0	1	6	7	"01"	"16"	1	7
"7108     Tue. Apr 17, 2007          1          8          1     "	7108	2007-04-17	"Tue"	"Midday"	"181"	1	8	1	10	"18"	"81"	9	9
"7107     Mon. Apr 16, 2007          5          1          6     "	7107	2007-04-16	"Mon"	"Evening"	"516"	5	1	6	12	"51"	"16"	6	7
"7106     Mon. Apr 16, 2007          2          5          3     "	7106	2007-04-16	"Mon"	"Midday"	"253"	2	5	3	10	"25"	"53"	7	8
"7105     Sun. Apr 15, 2007          9          5          2     "	7105	2007-04-15	"Sun"	"Evening"	"952"	9	5	2	16	"95"	"52"	14	7
"7104     Sun. Apr 15, 2007          7          7          6     "	7104	2007-04-15	"Sun"	"Midday"	"776"	7	7	6	20	"77"	"76"	14	13
"7103     Sat. Apr 14, 2007          1          0          2     "	7103	2007-04-14	"Sat"	"Evening"	"102"	1	0	2	3	"10"	"02"	1	2
"7102     Sat. Apr 14, 2007          4          0          4     "	7102	2007-04-14	"Sat"	"Midday"	"404"	4	0	4	8	"40"	"04"	4	4
"7101     Fri. Apr 13, 2007          6          4          5     "	7101	2007-04-13	"Fri"	"Evening"	"645"	6	4	5	15	"64"	"45"	10	9
"7100     Fri. Apr 13, 2007          4          4          9     "	7100	2007-04-13	"Fri"	"Midday"	"449"	4	4	9	17	"44"	"49"	8	13
"7099     Thu. Apr 12, 2007          0          0          0     "	7099	2007-04-12	"Thu"	"Evening"	"000"	0	0	0	0	"00"	"00"	0	0
"7098     Thu. Apr 12, 2007          1          2          5     "	7098	2007-04-12	"Thu"	"Midday"	"125"	1	2	5	8	"12"	"25"	3	7
"7097     Wed. Apr 11, 2007          0          2          3     "	7097	2007-04-11	"Wed"	"Evening"	"023"	0	2	3	5	"02"	"23"	2	5
"7096     Wed. Apr 11, 2007          3          0          0     "	7096	2007-04-11	"Wed"	"Midday"	"300"	3	0	0	3	"30"	"00"	3	0
"7095     Tue. Apr 10, 2007          3          8          0     "	7095	2007-04-10	"Tue"	"Evening"	"380"	3	8	0	11	"38"	"80"	11	8
"7094     Tue. Apr 10, 2007          2          0          2     "	7094	2007-04-10	"Tue"	"Midday"	"202"	2	0	2	4	"20"	"02"	2	2
"7093     Mon. Apr 09, 2007          6          2          0     "	7093	2007-04-09	"Mon"	"Evening"	"620"	6	2	0	8	"62"	"20"	8	2
"7092     Mon. Apr 09, 2007          0          5          9     "	7092	2007-04-09	"Mon"	"Midday"	"059"	0	5	9	14	"05"	"59"	5	14
"7091     Sun. Apr 08, 2007          2          1          7     "	7091	2007-04-08	"Sun"	"Evening"	"217"	2	1	7	10	"21"	"17"	3	8
"7090     Sun. Apr 08, 2007          8          7          3     "	7090	2007-04-08	"Sun"	"Midday"	"873"	8	7	3	18	"87"	"73"	15	10
"7089     Sat. Apr 07, 2007          9          2          2     "	7089	2007-04-07	"Sat"	"Evening"	"922"	9	2	2	13	"92"	"22"	11	4
"7088     Sat. Apr 07, 2007          2          4          2     "	7088	2007-04-07	"Sat"	"Midday"	"242"	2	4	2	8	"24"	"42"	6	6
"7087     Fri. Apr 06, 2007          2          7          4     "	7087	2007-04-06	"Fri"	"Evening"	"274"	2	7	4	13	"27"	"74"	9	11
"7086     Fri. Apr 06, 2007          8          5          8     "	7086	2007-04-06	"Fri"	"Midday"	"858"	8	5	8	21	"85"	"58"	13	13
"7085     Thu. Apr 05, 2007          1          1          1     "	7085	2007-04-05	"Thu"	"Evening"	"111"	1	1	1	3	"11"	"11"	2	2
"7084     Thu. Apr 05, 2007          7          0          3     "	7084	2007-04-05	"Thu"	"Midday"	"703"	7	0	3	10	"70"	"03"	7	3
"7083     Wed. Apr 04, 2007          8          8          6     "	7083	2007-04-04	"Wed"	"Evening"	"886"	8	8	6	22	"88"	"86"	16	14
"7082     Wed. Apr 04, 2007          8          6          1     "	7082	2007-04-04	"Wed"	"Midday"	"861"	8	6	1	15	"86"	"61"	14	7
"7081     Tue. Apr 03, 2007          7          6          4     "	7081	2007-04-03	"Tue"	"Evening"	"764"	7	6	4	17	"76"	"64"	13	10
"7080     Tue. Apr 03, 2007          0          4          9     "	7080	2007-04-03	"Tue"	"Midday"	"049"	0	4	9	13	"04"	"49"	4	13
"7079     Mon. Apr 02, 2007          1          8          5     "	7079	2007-04-02	"Mon"	"Evening"	"185"	1	8	5	14	"18"	"85"	9	13
"7078     Mon. Apr 02, 2007          4          6          1     "	7078	2007-04-02	"Mon"	"Midday"	"461"	4	6	1	11	"46"	"61"	10	7
"7077     Sun. Apr 01, 2007          5          8          0     "	7077	2007-04-01	"Sun"	"Evening"	"580"	5	8	0	13	"58"	"80"	13	8
"7076     Sun. Apr 01, 2007          6          0          0     "	7076	2007-04-01	"Sun"	"Midday"	"600"	6	0	0	6	"60"	"00"	6	0
"7075     Sat. Mar 31, 2007          1          0          1     "	7075	2007-03-31	"Sat"	"Evening"	"101"	1	0	1	2	"10"	"01"	1	1
"7074     Sat. Mar 31, 2007          4          2          0     "	7074	2007-03-31	"Sat"	"Midday"	"420"	4	2	0	6	"42"	"20"	6	2
"7073     Fri. Mar 30, 2007          1          4          0     "	7073	2007-03-30	"Fri"	"Evening"	"140"	1	4	0	5	"14"	"40"	5	4
"7072     Fri. Mar 30, 2007          3          0          8     "	7072	2007-03-30	"Fri"	"Midday"	"308"	3	0	8	11	"30"	"08"	3	8
"7071     Thu. Mar 29, 2007          7          1          8     "	7071	2007-03-29	"Thu"	"Evening"	"718"	7	1	8	16	"71"	"18"	8	9
"7070     Thu. Mar 29, 2007          9          4          0     "	7070	2007-03-29	"Thu"	"Midday"	"940"	9	4	0	13	"94"	"40"	13	4
"7069     Wed. Mar 28, 2007          1          4          5     "	7069	2007-03-28	"Wed"	"Evening"	"145"	1	4	5	10	"14"	"45"	5	9
"7068     Wed. Mar 28, 2007          6          6          9     "	7068	2007-03-28	"Wed"	"Midday"	"669"	6	6	9	21	"66"	"69"	12	15
"7067     Tue. Mar 27, 2007          0          9          2     "	7067	2007-03-27	"Tue"	"Evening"	"092"	0	9	2	11	"09"	"92"	9	11
"7066     Tue. Mar 27, 2007          0          9          8     "	7066	2007-03-27	"Tue"	"Midday"	"098"	0	9	8	17	"09"	"98"	9	17
"7065     Mon. Mar 26, 2007          1          7          8     "	7065	2007-03-26	"Mon"	"Evening"	"178"	1	7	8	16	"17"	"78"	8	15
"7064     Mon. Mar 26, 2007          3          9          1     "	7064	2007-03-26	"Mon"	"Midday"	"391"	3	9	1	13	"39"	"91"	12	10
"7063     Sun. Mar 25, 2007          2          2          0     "	7063	2007-03-25	"Sun"	"Evening"	"220"	2	2	0	4	"22"	"20"	4	2
"7062     Sun. Mar 25, 2007          0          3          5     "	7062	2007-03-25	"Sun"	"Midday"	"035"	0	3	5	8	"03"	"35"	3	8
"7061     Sat. Mar 24, 2007          7          2          0     "	7061	2007-03-24	"Sat"	"Evening"	"720"	7	2	0	9	"72"	"20"	9	2
"7060     Sat. Mar 24, 2007          5          2          7     "	7060	2007-03-24	"Sat"	"Midday"	"527"	5	2	7	14	"52"	"27"	7	9
"7059     Fri. Mar 23, 2007          9          3          2     "	7059	2007-03-23	"Fri"	"Evening"	"932"	9	3	2	14	"93"	"32"	12	5
"7058     Fri. Mar 23, 2007          0          1          2     "	7058	2007-03-23	"Fri"	"Midday"	"012"	0	1	2	3	"01"	"12"	1	3
"7057     Thu. Mar 22, 2007          4          8          7     "	7057	2007-03-22	"Thu"	"Evening"	"487"	4	8	7	19	"48"	"87"	12	15
"7056     Thu. Mar 22, 2007          1          6          4     "	7056	2007-03-22	"Thu"	"Midday"	"164"	1	6	4	11	"16"	"64"	7	10
"7055     Wed. Mar 21, 2007          2          7          7     "	7055	2007-03-21	"Wed"	"Evening"	"277"	2	7	7	16	"27"	"77"	9	14
"7054     Wed. Mar 21, 2007          4          7          3     "	7054	2007-03-21	"Wed"	"Midday"	"473"	4	7	3	14	"47"	"73"	11	10
"7053     Tue. Mar 20, 2007          6          4          2     "	7053	2007-03-20	"Tue"	"Evening"	"642"	6	4	2	12	"64"	"42"	10	6
"7052     Tue. Mar 20, 2007          2          9          4     "	7052	2007-03-20	"Tue"	"Midday"	"294"	2	9	4	15	"29"	"94"	11	13
"7051     Mon. Mar 19, 2007          5          9          7     "	7051	2007-03-19	"Mon"	"Evening"	"597"	5	9	7	21	"59"	"97"	14	16
"7050     Mon. Mar 19, 2007          3          8          5     "	7050	2007-03-19	"Mon"	"Midday"	"385"	3	8	5	16	"38"	"85"	11	13
"7049     Sun. Mar 18, 2007          1          0          8     "	7049	2007-03-18	"Sun"	"Evening"	"108"	1	0	8	9	"10"	"08"	1	8
"7048     Sun. Mar 18, 2007          0          2          9     "	7048	2007-03-18	"Sun"	"Midday"	"029"	0	2	9	11	"02"	"29"	2	11
"7047     Sat. Mar 17, 2007          3          2          0     "	7047	2007-03-17	"Sat"	"Evening"	"320"	3	2	0	5	"32"	"20"	5	2
"7046     Sat. Mar 17, 2007          8          1          6     "	7046	2007-03-17	"Sat"	"Midday"	"816"	8	1	6	15	"81"	"16"	9	7
"7045     Fri. Mar 16, 2007          4          7          2     "	7045	2007-03-16	"Fri"	"Evening"	"472"	4	7	2	13	"47"	"72"	11	9
"7044     Fri. Mar 16, 2007          0          7          5     "	7044	2007-03-16	"Fri"	"Midday"	"075"	0	7	5	12	"07"	"75"	7	12
"7043     Thu. Mar 15, 2007          5          3          1     "	7043	2007-03-15	"Thu"	"Evening"	"531"	5	3	1	9	"53"	"31"	8	4
"7042     Thu. Mar 15, 2007          0          2          2     "	7042	2007-03-15	"Thu"	"Midday"	"022"	0	2	2	4	"02"	"22"	2	4
"7041     Wed. Mar 14, 2007          4          7          7     "	7041	2007-03-14	"Wed"	"Evening"	"477"	4	7	7	18	"47"	"77"	11	14
"7040     Wed. Mar 14, 2007          9          3          8     "	7040	2007-03-14	"Wed"	"Midday"	"938"	9	3	8	20	"93"	"38"	12	11
"7039     Tue. Mar 13, 2007          4          8          0     "	7039	2007-03-13	"Tue"	"Evening"	"480"	4	8	0	12	"48"	"80"	12	8
"7038     Tue. Mar 13, 2007          5          9          1     "	7038	2007-03-13	"Tue"	"Midday"	"591"	5	9	1	15	"59"	"91"	14	10
"7037     Mon. Mar 12, 2007          4          9          0     "	7037	2007-03-12	"Mon"	"Evening"	"490"	4	9	0	13	"49"	"90"	13	9
"7036     Mon. Mar 12, 2007          0          6          2     "	7036	2007-03-12	"Mon"	"Midday"	"062"	0	6	2	8	"06"	"62"	6	8
"7035     Sun. Mar 11, 2007          7          8          9     "	7035	2007-03-11	"Sun"	"Evening"	"789"	7	8	9	24	"78"	"89"	15	17
"7034     Sun. Mar 11, 2007          0          7          1     "	7034	2007-03-11	"Sun"	"Midday"	"071"	0	7	1	8	"07"	"71"	7	8
"7033     Sat. Mar 10, 2007          3          0          5     "	7033	2007-03-10	"Sat"	"Evening"	"305"	3	0	5	8	"30"	"05"	3	5
"7032     Sat. Mar 10, 2007          4          4          7     "	7032	2007-03-10	"Sat"	"Midday"	"447"	4	4	7	15	"44"	"47"	8	11
"7031     Fri. Mar 09, 2007          4          6          5     "	7031	2007-03-09	"Fri"	"Evening"	"465"	4	6	5	15	"46"	"65"	10	11
"7030     Fri. Mar 09, 2007          5          7          9     "	7030	2007-03-09	"Fri"	"Midday"	"579"	5	7	9	21	"57"	"79"	12	16
"7029     Thu. Mar 08, 2007          7          0          2     "	7029	2007-03-08	"Thu"	"Evening"	"702"	7	0	2	9	"70"	"02"	7	2
"7028     Thu. Mar 08, 2007          4          4          8     "	7028	2007-03-08	"Thu"	"Midday"	"448"	4	4	8	16	"44"	"48"	8	12
"7027     Wed. Mar 07, 2007          9          9          1     "	7027	2007-03-07	"Wed"	"Evening"	"991"	9	9	1	19	"99"	"91"	18	10
"7026     Wed. Mar 07, 2007          2          5          9     "	7026	2007-03-07	"Wed"	"Midday"	"259"	2	5	9	16	"25"	"59"	7	14
"7025     Tue. Mar 06, 2007          5          8          1     "	7025	2007-03-06	"Tue"	"Evening"	"581"	5	8	1	14	"58"	"81"	13	9
"7024     Tue. Mar 06, 2007          5          0          2     "	7024	2007-03-06	"Tue"	"Midday"	"502"	5	0	2	7	"50"	"02"	5	2
"7023     Mon. Mar 05, 2007          9          8          6     "	7023	2007-03-05	"Mon"	"Evening"	"986"	9	8	6	23	"98"	"86"	17	14
"7022     Mon. Mar 05, 2007          0          4          6     "	7022	2007-03-05	"Mon"	"Midday"	"046"	0	4	6	10	"04"	"46"	4	10
"7021     Sun. Mar 04, 2007          0          2          4     "	7021	2007-03-04	"Sun"	"Evening"	"024"	0	2	4	6	"02"	"24"	2	6
"7020     Sun. Mar 04, 2007          2          9          6     "	7020	2007-03-04	"Sun"	"Midday"	"296"	2	9	6	17	"29"	"96"	11	15
"7019     Sat. Mar 03, 2007          5          4          9     "	7019	2007-03-03	"Sat"	"Evening"	"549"	5	4	9	18	"54"	"49"	9	13
"7018     Sat. Mar 03, 2007          2          3          8     "	7018	2007-03-03	"Sat"	"Midday"	"238"	2	3	8	13	"23"	"38"	5	11
"7017     Fri. Mar 02, 2007          4          0          2     "	7017	2007-03-02	"Fri"	"Evening"	"402"	4	0	2	6	"40"	"02"	4	2
"7016     Fri. Mar 02, 2007          2          0          7     "	7016	2007-03-02	"Fri"	"Midday"	"207"	2	0	7	9	"20"	"07"	2	7
"7015     Thu. Mar 01, 2007          7          1          7     "	7015	2007-03-01	"Thu"	"Evening"	"717"	7	1	7	15	"71"	"17"	8	8
"7014     Thu. Mar 01, 2007          8          7          4     "	7014	2007-03-01	"Thu"	"Midday"	"874"	8	7	4	19	"87"	"74"	15	11
"7013     Wed. Feb 28, 2007          8          7          1     "	7013	2007-02-28	"Wed"	"Evening"	"871"	8	7	1	16	"87"	"71"	15	8
"7012     Wed. Feb 28, 2007          4          4          9     "	7012	2007-02-28	"Wed"	"Midday"	"449"	4	4	9	17	"44"	"49"	8	13
"7011     Tue. Feb 27, 2007          6          0          1     "	7011	2007-02-27	"Tue"	"Evening"	"601"	6	0	1	7	"60"	"01"	6	1
"7010     Tue. Feb 27, 2007          8          1          8     "	7010	2007-02-27	"Tue"	"Midday"	"818"	8	1	8	17	"81"	"18"	9	9
"7009     Mon. Feb 26, 2007          3          6          9     "	7009	2007-02-26	"Mon"	"Evening"	"369"	3	6	9	18	"36"	"69"	9	15
"7008     Mon. Feb 26, 2007          3          3          5     "	7008	2007-02-26	"Mon"	"Midday"	"335"	3	3	5	11	"33"	"35"	6	8
"7007     Sun. Feb 25, 2007          3          5          7     "	7007	2007-02-25	"Sun"	"Evening"	"357"	3	5	7	15	"35"	"57"	8	12
"7006     Sun. Feb 25, 2007          9          8          1     "	7006	2007-02-25	"Sun"	"Midday"	"981"	9	8	1	18	"98"	"81"	17	9
"7005     Sat. Feb 24, 2007          8          7          9     "	7005	2007-02-24	"Sat"	"Evening"	"879"	8	7	9	24	"87"	"79"	15	16
"7004     Sat. Feb 24, 2007          5          5          6     "	7004	2007-02-24	"Sat"	"Midday"	"556"	5	5	6	16	"55"	"56"	10	11
"7003     Fri. Feb 23, 2007          7          8          6     "	7003	2007-02-23	"Fri"	"Evening"	"786"	7	8	6	21	"78"	"86"	15	14
"7002     Fri. Feb 23, 2007          4          0          9     "	7002	2007-02-23	"Fri"	"Midday"	"409"	4	0	9	13	"40"	"09"	4	9
"7001     Thu. Feb 22, 2007          8          5          1     "	7001	2007-02-22	"Thu"	"Evening"	"851"	8	5	1	14	"85"	"51"	13	6
"7000     Thu. Feb 22, 2007          3          0          2     "	7000	2007-02-22	"Thu"	"Midday"	"302"	3	0	2	5	"30"	"02"	3	2
"6999     Wed. Feb 21, 2007          0          9          6     "	6999	2007-02-21	"Wed"	"Evening"	"096"	0	9	6	15	"09"	"96"	9	15
"6998     Wed. Feb 21, 2007          6          9          4     "	6998	2007-02-21	"Wed"	"Midday"	"694"	6	9	4	19	"69"	"94"	15	13
"6997     Tue. Feb 20, 2007          2          4          0     "	6997	2007-02-20	"Tue"	"Evening"	"240"	2	4	0	6	"24"	"40"	6	4
"6996     Tue. Feb 20, 2007          7          1          7     "	6996	2007-02-20	"Tue"	"Midday"	"717"	7	1	7	15	"71"	"17"	8	8
"6995     Mon. Feb 19, 2007          5          0          8     "	6995	2007-02-19	"Mon"	"Evening"	"508"	5	0	8	13	"50"	"08"	5	8
"6994     Mon. Feb 19, 2007          1          6          0     "	6994	2007-02-19	"Mon"	"Midday"	"160"	1	6	0	7	"16"	"60"	7	6
"6993     Sun. Feb 18, 2007          8          0          1     "	6993	2007-02-18	"Sun"	"Evening"	"801"	8	0	1	9	"80"	"01"	8	1
"6992     Sun. Feb 18, 2007          1          7          8     "	6992	2007-02-18	"Sun"	"Midday"	"178"	1	7	8	16	"17"	"78"	8	15
"6991     Sat. Feb 17, 2007          5          5          0     "	6991	2007-02-17	"Sat"	"Evening"	"550"	5	5	0	10	"55"	"50"	10	5
"6990     Sat. Feb 17, 2007          3          2          0     "	6990	2007-02-17	"Sat"	"Midday"	"320"	3	2	0	5	"32"	"20"	5	2
"6989     Fri. Feb 16, 2007          6          2          9     "	6989	2007-02-16	"Fri"	"Evening"	"629"	6	2	9	17	"62"	"29"	8	11
"6988     Fri. Feb 16, 2007          1          8          8     "	6988	2007-02-16	"Fri"	"Midday"	"188"	1	8	8	17	"18"	"88"	9	16
"6987     Thu. Feb 15, 2007          4          4          0     "	6987	2007-02-15	"Thu"	"Evening"	"440"	4	4	0	8	"44"	"40"	8	4
"6986     Thu. Feb 15, 2007          4          0          9     "	6986	2007-02-15	"Thu"	"Midday"	"409"	4	0	9	13	"40"	"09"	4	9
"6985     Wed. Feb 14, 2007          1          6          6     "	6985	2007-02-14	"Wed"	"Evening"	"166"	1	6	6	13	"16"	"66"	7	12
"6984     Wed. Feb 14, 2007          2          7          4     "	6984	2007-02-14	"Wed"	"Midday"	"274"	2	7	4	13	"27"	"74"	9	11
"6983     Tue. Feb 13, 2007          0          8          7     "	6983	2007-02-13	"Tue"	"Evening"	"087"	0	8	7	15	"08"	"87"	8	15
"6982     Tue. Feb 13, 2007          0          9          7     "	6982	2007-02-13	"Tue"	"Midday"	"097"	0	9	7	16	"09"	"97"	9	16
"6981     Mon. Feb 12, 2007          3          6          0     "	6981	2007-02-12	"Mon"	"Evening"	"360"	3	6	0	9	"36"	"60"	9	6
"6980     Mon. Feb 12, 2007          6          5          6     "	6980	2007-02-12	"Mon"	"Midday"	"656"	6	5	6	17	"65"	"56"	11	11
"6979     Sun. Feb 11, 2007          3          7          0     "	6979	2007-02-11	"Sun"	"Evening"	"370"	3	7	0	10	"37"	"70"	10	7
"6978     Sun. Feb 11, 2007          2          4          9     "	6978	2007-02-11	"Sun"	"Midday"	"249"	2	4	9	15	"24"	"49"	6	13
"6977     Sat. Feb 10, 2007          9          3          0     "	6977	2007-02-10	"Sat"	"Evening"	"930"	9	3	0	12	"93"	"30"	12	3
"6976     Sat. Feb 10, 2007          4          2          4     "	6976	2007-02-10	"Sat"	"Midday"	"424"	4	2	4	10	"42"	"24"	6	6
"6975     Fri. Feb 09, 2007          8          5          6     "	6975	2007-02-09	"Fri"	"Evening"	"856"	8	5	6	19	"85"	"56"	13	11
"6974     Fri. Feb 09, 2007          4          0          7     "	6974	2007-02-09	"Fri"	"Midday"	"407"	4	0	7	11	"40"	"07"	4	7
"6973     Thu. Feb 08, 2007          0          0          2     "	6973	2007-02-08	"Thu"	"Evening"	"002"	0	0	2	2	"00"	"02"	0	2
"6972     Thu. Feb 08, 2007          2          3          2     "	6972	2007-02-08	"Thu"	"Midday"	"232"	2	3	2	7	"23"	"32"	5	5
"6971     Wed. Feb 07, 2007          4          1          4     "	6971	2007-02-07	"Wed"	"Evening"	"414"	4	1	4	9	"41"	"14"	5	5
"6970     Wed. Feb 07, 2007          6          1          6     "	6970	2007-02-07	"Wed"	"Midday"	"616"	6	1	6	13	"61"	"16"	7	7
"6969     Tue. Feb 06, 2007          0          9          2     "	6969	2007-02-06	"Tue"	"Evening"	"092"	0	9	2	11	"09"	"92"	9	11
"6968     Tue. Feb 06, 2007          1          7          6     "	6968	2007-02-06	"Tue"	"Midday"	"176"	1	7	6	14	"17"	"76"	8	13
"6967     Mon. Feb 05, 2007          0          0          1     "	6967	2007-02-05	"Mon"	"Evening"	"001"	0	0	1	1	"00"	"01"	0	1
"6966     Mon. Feb 05, 2007          2          8          5     "	6966	2007-02-05	"Mon"	"Midday"	"285"	2	8	5	15	"28"	"85"	10	13
"6965     Sun. Feb 04, 2007          3          2          3     "	6965	2007-02-04	"Sun"	"Evening"	"323"	3	2	3	8	"32"	"23"	5	5
"6964     Sun. Feb 04, 2007          2          7          4     "	6964	2007-02-04	"Sun"	"Midday"	"274"	2	7	4	13	"27"	"74"	9	11
"6963     Sat. Feb 03, 2007          8          6          0     "	6963	2007-02-03	"Sat"	"Evening"	"860"	8	6	0	14	"86"	"60"	14	6
"6962     Sat. Feb 03, 2007          8          6          6     "	6962	2007-02-03	"Sat"	"Midday"	"866"	8	6	6	20	"86"	"66"	14	12
"6961     Fri. Feb 02, 2007          4          8          2     "	6961	2007-02-02	"Fri"	"Evening"	"482"	4	8	2	14	"48"	"82"	12	10
"6960     Fri. Feb 02, 2007          5          5          9     "	6960	2007-02-02	"Fri"	"Midday"	"559"	5	5	9	19	"55"	"59"	10	14
"6959     Thu. Feb 01, 2007          3          6          4     "	6959	2007-02-01	"Thu"	"Evening"	"364"	3	6	4	13	"36"	"64"	9	10
"6958     Thu. Feb 01, 2007          8          6          3     "	6958	2007-02-01	"Thu"	"Midday"	"863"	8	6	3	17	"86"	"63"	14	9
"6957     Wed. Jan 31, 2007          3          3          8     "	6957	2007-01-31	"Wed"	"Evening"	"338"	3	3	8	14	"33"	"38"	6	11
"6956     Wed. Jan 31, 2007          6          0          8     "	6956	2007-01-31	"Wed"	"Midday"	"608"	6	0	8	14	"60"	"08"	6	8
"6955     Tue. Jan 30, 2007          8          3          6     "	6955	2007-01-30	"Tue"	"Evening"	"836"	8	3	6	17	"83"	"36"	11	9
"6954     Tue. Jan 30, 2007          5          6          8     "	6954	2007-01-30	"Tue"	"Midday"	"568"	5	6	8	19	"56"	"68"	11	14
"6953     Mon. Jan 29, 2007          4          0          5     "	6953	2007-01-29	"Mon"	"Evening"	"405"	4	0	5	9	"40"	"05"	4	5
"6952     Mon. Jan 29, 2007          5          3          4     "	6952	2007-01-29	"Mon"	"Midday"	"534"	5	3	4	12	"53"	"34"	8	7
"6951     Sun. Jan 28, 2007          7          8          2     "	6951	2007-01-28	"Sun"	"Evening"	"782"	7	8	2	17	"78"	"82"	15	10
"6950     Sun. Jan 28, 2007          4          9          0     "	6950	2007-01-28	"Sun"	"Midday"	"490"	4	9	0	13	"49"	"90"	13	9
"6949     Sat. Jan 27, 2007          3          1          5     "	6949	2007-01-27	"Sat"	"Evening"	"315"	3	1	5	9	"31"	"15"	4	6
"6948     Sat. Jan 27, 2007          8          9          4     "	6948	2007-01-27	"Sat"	"Midday"	"894"	8	9	4	21	"89"	"94"	17	13
"6947     Fri. Jan 26, 2007          5          8          6     "	6947	2007-01-26	"Fri"	"Evening"	"586"	5	8	6	19	"58"	"86"	13	14
"6946     Fri. Jan 26, 2007          4          7          4     "	6946	2007-01-26	"Fri"	"Midday"	"474"	4	7	4	15	"47"	"74"	11	11
"6945     Thu. Jan 25, 2007          8          7          1     "	6945	2007-01-25	"Thu"	"Evening"	"871"	8	7	1	16	"87"	"71"	15	8
"6944     Thu. Jan 25, 2007          7          4          7     "	6944	2007-01-25	"Thu"	"Midday"	"747"	7	4	7	18	"74"	"47"	11	11
"6943     Wed. Jan 24, 2007          7          4          9     "	6943	2007-01-24	"Wed"	"Evening"	"749"	7	4	9	20	"74"	"49"	11	13
"6942     Wed. Jan 24, 2007          6          0          5     "	6942	2007-01-24	"Wed"	"Midday"	"605"	6	0	5	11	"60"	"05"	6	5
"6941     Tue. Jan 23, 2007          8          6          3     "	6941	2007-01-23	"Tue"	"Evening"	"863"	8	6	3	17	"86"	"63"	14	9
"6940     Tue. Jan 23, 2007          0          5          9     "	6940	2007-01-23	"Tue"	"Midday"	"059"	0	5	9	14	"05"	"59"	5	14
"6939     Mon. Jan 22, 2007          8          6          2     "	6939	2007-01-22	"Mon"	"Evening"	"862"	8	6	2	16	"86"	"62"	14	8
"6938     Mon. Jan 22, 2007          9          7          2     "	6938	2007-01-22	"Mon"	"Midday"	"972"	9	7	2	18	"97"	"72"	16	9
"6937     Sun. Jan 21, 2007          2          1          9     "	6937	2007-01-21	"Sun"	"Evening"	"219"	2	1	9	12	"21"	"19"	3	10
"6936     Sun. Jan 21, 2007          5          3          3     "	6936	2007-01-21	"Sun"	"Midday"	"533"	5	3	3	11	"53"	"33"	8	6
"6935     Sat. Jan 20, 2007          9          4          0     "	6935	2007-01-20	"Sat"	"Evening"	"940"	9	4	0	13	"94"	"40"	13	4
"6934     Sat. Jan 20, 2007          9          9          4     "	6934	2007-01-20	"Sat"	"Midday"	"994"	9	9	4	22	"99"	"94"	18	13
"6933     Fri. Jan 19, 2007          1          8          7     "	6933	2007-01-19	"Fri"	"Evening"	"187"	1	8	7	16	"18"	"87"	9	15
"6932     Fri. Jan 19, 2007          5          4          8     "	6932	2007-01-19	"Fri"	"Midday"	"548"	5	4	8	17	"54"	"48"	9	12
"6931     Thu. Jan 18, 2007          2          7          3     "	6931	2007-01-18	"Thu"	"Evening"	"273"	2	7	3	12	"27"	"73"	9	10
"6930     Thu. Jan 18, 2007          8          6          2     "	6930	2007-01-18	"Thu"	"Midday"	"862"	8	6	2	16	"86"	"62"	14	8
"6929     Wed. Jan 17, 2007          2          8          1     "	6929	2007-01-17	"Wed"	"Evening"	"281"	2	8	1	11	"28"	"81"	10	9
"6928     Wed. Jan 17, 2007          1          3          6     "	6928	2007-01-17	"Wed"	"Midday"	"136"	1	3	6	10	"13"	"36"	4	9
"6927     Tue. Jan 16, 2007          7          8          5     "	6927	2007-01-16	"Tue"	"Evening"	"785"	7	8	5	20	"78"	"85"	15	13
"6926     Tue. Jan 16, 2007          4          1          4     "	6926	2007-01-16	"Tue"	"Midday"	"414"	4	1	4	9	"41"	"14"	5	5
"6925     Mon. Jan 15, 2007          0          2          3     "	6925	2007-01-15	"Mon"	"Evening"	"023"	0	2	3	5	"02"	"23"	2	5
"6924     Mon. Jan 15, 2007          6          5          2     "	6924	2007-01-15	"Mon"	"Midday"	"652"	6	5	2	13	"65"	"52"	11	7
"6923     Sun. Jan 14, 2007          7          6          5     "	6923	2007-01-14	"Sun"	"Evening"	"765"	7	6	5	18	"76"	"65"	13	11
"6922     Sun. Jan 14, 2007          8          0          3     "	6922	2007-01-14	"Sun"	"Midday"	"803"	8	0	3	11	"80"	"03"	8	3
"6921     Sat. Jan 13, 2007          4          0          6     "	6921	2007-01-13	"Sat"	"Evening"	"406"	4	0	6	10	"40"	"06"	4	6
"6920     Sat. Jan 13, 2007          1          1          0     "	6920	2007-01-13	"Sat"	"Midday"	"110"	1	1	0	2	"11"	"10"	2	1
"6919     Fri. Jan 12, 2007          4          4          2     "	6919	2007-01-12	"Fri"	"Evening"	"442"	4	4	2	10	"44"	"42"	8	6
"6918     Fri. Jan 12, 2007          5          0          8     "	6918	2007-01-12	"Fri"	"Midday"	"508"	5	0	8	13	"50"	"08"	5	8
"6917     Thu. Jan 11, 2007          3          2          4     "	6917	2007-01-11	"Thu"	"Evening"	"324"	3	2	4	9	"32"	"24"	5	6
"6916     Thu. Jan 11, 2007          7          8          7     "	6916	2007-01-11	"Thu"	"Midday"	"787"	7	8	7	22	"78"	"87"	15	15
"6915     Wed. Jan 10, 2007          0          1          8     "	6915	2007-01-10	"Wed"	"Evening"	"018"	0	1	8	9	"01"	"18"	1	9
"6914     Wed. Jan 10, 2007          7          6          7     "	6914	2007-01-10	"Wed"	"Midday"	"767"	7	6	7	20	"76"	"67"	13	13
"6913     Tue. Jan 09, 2007          5          8          9     "	6913	2007-01-09	"Tue"	"Evening"	"589"	5	8	9	22	"58"	"89"	13	17
"6912     Tue. Jan 09, 2007          6          8          0     "	6912	2007-01-09	"Tue"	"Midday"	"680"	6	8	0	14	"68"	"80"	14	8
"6911     Mon. Jan 08, 2007          3          2          5     "	6911	2007-01-08	"Mon"	"Evening"	"325"	3	2	5	10	"32"	"25"	5	7
"6910     Mon. Jan 08, 2007          0          6          8     "	6910	2007-01-08	"Mon"	"Midday"	"068"	0	6	8	14	"06"	"68"	6	14
"6909     Sun. Jan 07, 2007          5          7          1     "	6909	2007-01-07	"Sun"	"Evening"	"571"	5	7	1	13	"57"	"71"	12	8
"6908     Sun. Jan 07, 2007          7          0          1     "	6908	2007-01-07	"Sun"	"Midday"	"701"	7	0	1	8	"70"	"01"	7	1
"6907     Sat. Jan 06, 2007          9          2          7     "	6907	2007-01-06	"Sat"	"Evening"	"927"	9	2	7	18	"92"	"27"	11	9
"6906     Sat. Jan 06, 2007          2          3          6     "	6906	2007-01-06	"Sat"	"Midday"	"236"	2	3	6	11	"23"	"36"	5	9
"6905     Fri. Jan 05, 2007          6          9          9     "	6905	2007-01-05	"Fri"	"Evening"	"699"	6	9	9	24	"69"	"99"	15	18
"6904     Fri. Jan 05, 2007          5          3          1     "	6904	2007-01-05	"Fri"	"Midday"	"531"	5	3	1	9	"53"	"31"	8	4
"6903     Thu. Jan 04, 2007          6          3          7     "	6903	2007-01-04	"Thu"	"Evening"	"637"	6	3	7	16	"63"	"37"	9	10
"6902     Thu. Jan 04, 2007          4          8          6     "	6902	2007-01-04	"Thu"	"Midday"	"486"	4	8	6	18	"48"	"86"	12	14
"6901     Wed. Jan 03, 2007          7          6          7     "	6901	2007-01-03	"Wed"	"Evening"	"767"	7	6	7	20	"76"	"67"	13	13
"6900     Wed. Jan 03, 2007          0          1          7     "	6900	2007-01-03	"Wed"	"Midday"	"017"	0	1	7	8	"01"	"17"	1	8
"6899     Tue. Jan 02, 2007          1          0          3     "	6899	2007-01-02	"Tue"	"Evening"	"103"	1	0	3	4	"10"	"03"	1	3
"6898     Tue. Jan 02, 2007          4          9          4     "	6898	2007-01-02	"Tue"	"Midday"	"494"	4	9	4	17	"49"	"94"	13	13
"6897     Mon. Jan 01, 2007          1          6          6     "	6897	2007-01-01	"Mon"	"Evening"	"166"	1	6	6	13	"16"	"66"	7	12
"6896     Mon. Jan 01, 2007          5          6          6     "	6896	2007-01-01	"Mon"	"Midday"	"566"	5	6	6	17	"56"	"66"	11	12
"6895     Sun. Dec 31, 2006          1          2          9     "	6895	2006-12-31	"Sun"	"Evening"	"129"	1	2	9	12	"12"	"29"	3	11
"6894     Sun. Dec 31, 2006          1          9          2     "	6894	2006-12-31	"Sun"	"Midday"	"192"	1	9	2	12	"19"	"92"	10	11
"6893     Sat. Dec 30, 2006          2          4          2     "	6893	2006-12-30	"Sat"	"Evening"	"242"	2	4	2	8	"24"	"42"	6	6
"6892     Sat. Dec 30, 2006          3          5          1     "	6892	2006-12-30	"Sat"	"Midday"	"351"	3	5	1	9	"35"	"51"	8	6
"6891     Fri. Dec 29, 2006          3          0          9     "	6891	2006-12-29	"Fri"	"Evening"	"309"	3	0	9	12	"30"	"09"	3	9
"6890     Fri. Dec 29, 2006          9          6          2     "	6890	2006-12-29	"Fri"	"Midday"	"962"	9	6	2	17	"96"	"62"	15	8
"6889     Thu. Dec 28, 2006          9          2          4     "	6889	2006-12-28	"Thu"	"Evening"	"924"	9	2	4	15	"92"	"24"	11	6
"6888     Thu. Dec 28, 2006          5          4          3     "	6888	2006-12-28	"Thu"	"Midday"	"543"	5	4	3	12	"54"	"43"	9	7
"6887     Wed. Dec 27, 2006          8          5          3     "	6887	2006-12-27	"Wed"	"Evening"	"853"	8	5	3	16	"85"	"53"	13	8
"6886     Wed. Dec 27, 2006          3          0          0     "	6886	2006-12-27	"Wed"	"Midday"	"300"	3	0	0	3	"30"	"00"	3	0
"6885     Tue. Dec 26, 2006          0          3          9     "	6885	2006-12-26	"Tue"	"Evening"	"039"	0	3	9	12	"03"	"39"	3	12
"6884     Tue. Dec 26, 2006          2          0          1     "	6884	2006-12-26	"Tue"	"Midday"	"201"	2	0	1	3	"20"	"01"	2	1
"6883     Mon. Dec 25, 2006          0          4          3     "	6883	2006-12-25	"Mon"	"Evening"	"043"	0	4	3	7	"04"	"43"	4	7
"6882     Mon. Dec 25, 2006          0          7          2     "	6882	2006-12-25	"Mon"	"Midday"	"072"	0	7	2	9	"07"	"72"	7	9
"6881     Sun. Dec 24, 2006          9          1          4     "	6881	2006-12-24	"Sun"	"Evening"	"914"	9	1	4	14	"91"	"14"	10	5
"6880     Sun. Dec 24, 2006          4          3          8     "	6880	2006-12-24	"Sun"	"Midday"	"438"	4	3	8	15	"43"	"38"	7	11
"6879     Sat. Dec 23, 2006          5          2          6     "	6879	2006-12-23	"Sat"	"Evening"	"526"	5	2	6	13	"52"	"26"	7	8
"6878     Sat. Dec 23, 2006          3          9          5     "	6878	2006-12-23	"Sat"	"Midday"	"395"	3	9	5	17	"39"	"95"	12	14
"6877     Fri. Dec 22, 2006          8          4          2     "	6877	2006-12-22	"Fri"	"Evening"	"842"	8	4	2	14	"84"	"42"	12	6
"6876     Fri. Dec 22, 2006          6          5          5     "	6876	2006-12-22	"Fri"	"Midday"	"655"	6	5	5	16	"65"	"55"	11	10
"6875     Thu. Dec 21, 2006          4          0          8     "	6875	2006-12-21	"Thu"	"Evening"	"408"	4	0	8	12	"40"	"08"	4	8
"6874     Thu. Dec 21, 2006          7          0          7     "	6874	2006-12-21	"Thu"	"Midday"	"707"	7	0	7	14	"70"	"07"	7	7
"6873     Wed. Dec 20, 2006          7          2          6     "	6873	2006-12-20	"Wed"	"Evening"	"726"	7	2	6	15	"72"	"26"	9	8
"6872     Wed. Dec 20, 2006          3          8          8     "	6872	2006-12-20	"Wed"	"Midday"	"388"	3	8	8	19	"38"	"88"	11	16
"6871     Tue. Dec 19, 2006          9          5          2     "	6871	2006-12-19	"Tue"	"Evening"	"952"	9	5	2	16	"95"	"52"	14	7
"6870     Tue. Dec 19, 2006          1          3          1     "	6870	2006-12-19	"Tue"	"Midday"	"131"	1	3	1	5	"13"	"31"	4	4
"6869     Mon. Dec 18, 2006          2          2          1     "	6869	2006-12-18	"Mon"	"Evening"	"221"	2	2	1	5	"22"	"21"	4	3
"6868     Mon. Dec 18, 2006          0          3          2     "	6868	2006-12-18	"Mon"	"Midday"	"032"	0	3	2	5	"03"	"32"	3	5
"6867     Sun. Dec 17, 2006          9          6          0     "	6867	2006-12-17	"Sun"	"Evening"	"960"	9	6	0	15	"96"	"60"	15	6
"6866     Sun. Dec 17, 2006          5          1          4     "	6866	2006-12-17	"Sun"	"Midday"	"514"	5	1	4	10	"51"	"14"	6	5
"6865     Sat. Dec 16, 2006          9          6          8     "	6865	2006-12-16	"Sat"	"Evening"	"968"	9	6	8	23	"96"	"68"	15	14
"6864     Sat. Dec 16, 2006          9          4          2     "	6864	2006-12-16	"Sat"	"Midday"	"942"	9	4	2	15	"94"	"42"	13	6
"6863     Fri. Dec 15, 2006          1          5          6     "	6863	2006-12-15	"Fri"	"Evening"	"156"	1	5	6	12	"15"	"56"	6	11
"6862     Fri. Dec 15, 2006          4          9          3     "	6862	2006-12-15	"Fri"	"Midday"	"493"	4	9	3	16	"49"	"93"	13	12
"6861     Thu. Dec 14, 2006          1          2          8     "	6861	2006-12-14	"Thu"	"Evening"	"128"	1	2	8	11	"12"	"28"	3	10
"6860     Thu. Dec 14, 2006          4          2          4     "	6860	2006-12-14	"Thu"	"Midday"	"424"	4	2	4	10	"42"	"24"	6	6
"6859     Wed. Dec 13, 2006          5          2          9     "	6859	2006-12-13	"Wed"	"Evening"	"529"	5	2	9	16	"52"	"29"	7	11
"6858     Wed. Dec 13, 2006          1          3          8     "	6858	2006-12-13	"Wed"	"Midday"	"138"	1	3	8	12	"13"	"38"	4	11
"6857     Tue. Dec 12, 2006          4          5          2     "	6857	2006-12-12	"Tue"	"Evening"	"452"	4	5	2	11	"45"	"52"	9	7
"6856     Tue. Dec 12, 2006          8          8          8     "	6856	2006-12-12	"Tue"	"Midday"	"888"	8	8	8	24	"88"	"88"	16	16
"6855     Mon. Dec 11, 2006          9          6          7     "	6855	2006-12-11	"Mon"	"Evening"	"967"	9	6	7	22	"96"	"67"	15	13
"6854     Mon. Dec 11, 2006          2          7          3     "	6854	2006-12-11	"Mon"	"Midday"	"273"	2	7	3	12	"27"	"73"	9	10
"6853     Sun. Dec 10, 2006          0          3          9     "	6853	2006-12-10	"Sun"	"Evening"	"039"	0	3	9	12	"03"	"39"	3	12
"6852     Sun. Dec 10, 2006          7          1          3     "	6852	2006-12-10	"Sun"	"Midday"	"713"	7	1	3	11	"71"	"13"	8	4
"6851     Sat. Dec 09, 2006          9          2          1     "	6851	2006-12-09	"Sat"	"Evening"	"921"	9	2	1	12	"92"	"21"	11	3
"6850     Sat. Dec 09, 2006          9          1          6     "	6850	2006-12-09	"Sat"	"Midday"	"916"	9	1	6	16	"91"	"16"	10	7
"6849     Fri. Dec 08, 2006          5          1          4     "	6849	2006-12-08	"Fri"	"Evening"	"514"	5	1	4	10	"51"	"14"	6	5
"6848     Fri. Dec 08, 2006          4          6          0     "	6848	2006-12-08	"Fri"	"Midday"	"460"	4	6	0	10	"46"	"60"	10	6
"6847     Thu. Dec 07, 2006          3          2          7     "	6847	2006-12-07	"Thu"	"Evening"	"327"	3	2	7	12	"32"	"27"	5	9
"6846     Thu. Dec 07, 2006          8          4          4     "	6846	2006-12-07	"Thu"	"Midday"	"844"	8	4	4	16	"84"	"44"	12	8
"6845     Wed. Dec 06, 2006          6          9          4     "	6845	2006-12-06	"Wed"	"Evening"	"694"	6	9	4	19	"69"	"94"	15	13
"6844     Wed. Dec 06, 2006          2          1          2     "	6844	2006-12-06	"Wed"	"Midday"	"212"	2	1	2	5	"21"	"12"	3	3
"6843     Tue. Dec 05, 2006          4          5          1     "	6843	2006-12-05	"Tue"	"Evening"	"451"	4	5	1	10	"45"	"51"	9	6
"6842     Tue. Dec 05, 2006          9          0          2     "	6842	2006-12-05	"Tue"	"Midday"	"902"	9	0	2	11	"90"	"02"	9	2
"6841     Mon. Dec 04, 2006          1          0          3     "	6841	2006-12-04	"Mon"	"Evening"	"103"	1	0	3	4	"10"	"03"	1	3
"6840     Mon. Dec 04, 2006          1          8          1     "	6840	2006-12-04	"Mon"	"Midday"	"181"	1	8	1	10	"18"	"81"	9	9
"6839     Sun. Dec 03, 2006          8          2          0     "	6839	2006-12-03	"Sun"	"Evening"	"820"	8	2	0	10	"82"	"20"	10	2
"6838     Sun. Dec 03, 2006          7          3          3     "	6838	2006-12-03	"Sun"	"Midday"	"733"	7	3	3	13	"73"	"33"	10	6
"6837     Sat. Dec 02, 2006          8          5          8     "	6837	2006-12-02	"Sat"	"Evening"	"858"	8	5	8	21	"85"	"58"	13	13
"6836     Sat. Dec 02, 2006          1          2          1     "	6836	2006-12-02	"Sat"	"Midday"	"121"	1	2	1	4	"12"	"21"	3	3
"6835     Fri. Dec 01, 2006          3          1          7     "	6835	2006-12-01	"Fri"	"Evening"	"317"	3	1	7	11	"31"	"17"	4	8
"6834     Fri. Dec 01, 2006          2          0          9     "	6834	2006-12-01	"Fri"	"Midday"	"209"	2	0	9	11	"20"	"09"	2	9
"6833     Thu. Nov 30, 2006          7          9          8     "	6833	2006-11-30	"Thu"	"Evening"	"798"	7	9	8	24	"79"	"98"	16	17
"6832     Thu. Nov 30, 2006          0          1          9     "	6832	2006-11-30	"Thu"	"Midday"	"019"	0	1	9	10	"01"	"19"	1	10
"6831     Wed. Nov 29, 2006          0          2          7     "	6831	2006-11-29	"Wed"	"Evening"	"027"	0	2	7	9	"02"	"27"	2	9
"6830     Wed. Nov 29, 2006          0          6          0     "	6830	2006-11-29	"Wed"	"Midday"	"060"	0	6	0	6	"06"	"60"	6	6
"6829     Tue. Nov 28, 2006          9          1          4     "	6829	2006-11-28	"Tue"	"Evening"	"914"	9	1	4	14	"91"	"14"	10	5
"6828     Tue. Nov 28, 2006          6          2          0     "	6828	2006-11-28	"Tue"	"Midday"	"620"	6	2	0	8	"62"	"20"	8	2
"6827     Mon. Nov 27, 2006          4          9          1     "	6827	2006-11-27	"Mon"	"Evening"	"491"	4	9	1	14	"49"	"91"	13	10
"6826     Mon. Nov 27, 2006          1          3          1     "	6826	2006-11-27	"Mon"	"Midday"	"131"	1	3	1	5	"13"	"31"	4	4
"6825     Sun. Nov 26, 2006          2          7          7     "	6825	2006-11-26	"Sun"	"Evening"	"277"	2	7	7	16	"27"	"77"	9	14
"6824     Sun. Nov 26, 2006          8          0          2     "	6824	2006-11-26	"Sun"	"Midday"	"802"	8	0	2	10	"80"	"02"	8	2
"6823     Sat. Nov 25, 2006          5          0          9     "	6823	2006-11-25	"Sat"	"Evening"	"509"	5	0	9	14	"50"	"09"	5	9
"6822     Sat. Nov 25, 2006          3          3          8     "	6822	2006-11-25	"Sat"	"Midday"	"338"	3	3	8	14	"33"	"38"	6	11
"6821     Fri. Nov 24, 2006          3          2          3     "	6821	2006-11-24	"Fri"	"Evening"	"323"	3	2	3	8	"32"	"23"	5	5
"6820     Fri. Nov 24, 2006          7          5          1     "	6820	2006-11-24	"Fri"	"Midday"	"751"	7	5	1	13	"75"	"51"	12	6
"6819     Thu. Nov 23, 2006          9          1          7     "	6819	2006-11-23	"Thu"	"Evening"	"917"	9	1	7	17	"91"	"17"	10	8
"6818     Thu. Nov 23, 2006          4          3          1     "	6818	2006-11-23	"Thu"	"Midday"	"431"	4	3	1	8	"43"	"31"	7	4
"6817     Wed. Nov 22, 2006          9          0          5     "	6817	2006-11-22	"Wed"	"Evening"	"905"	9	0	5	14	"90"	"05"	9	5
"6816     Wed. Nov 22, 2006          8          2          9     "	6816	2006-11-22	"Wed"	"Midday"	"829"	8	2	9	19	"82"	"29"	10	11
"6815     Tue. Nov 21, 2006          3          5          5     "	6815	2006-11-21	"Tue"	"Evening"	"355"	3	5	5	13	"35"	"55"	8	10
"6814     Tue. Nov 21, 2006          4          3          2     "	6814	2006-11-21	"Tue"	"Midday"	"432"	4	3	2	9	"43"	"32"	7	5
"6813     Mon. Nov 20, 2006          0          2          6     "	6813	2006-11-20	"Mon"	"Evening"	"026"	0	2	6	8	"02"	"26"	2	8
"6812     Mon. Nov 20, 2006          3          5          8     "	6812	2006-11-20	"Mon"	"Midday"	"358"	3	5	8	16	"35"	"58"	8	13
"6811     Sun. Nov 19, 2006          4          4          5     "	6811	2006-11-19	"Sun"	"Evening"	"445"	4	4	5	13	"44"	"45"	8	9
"6810     Sun. Nov 19, 2006          6          3          0     "	6810	2006-11-19	"Sun"	"Midday"	"630"	6	3	0	9	"63"	"30"	9	3
"6809     Sat. Nov 18, 2006          1          3          5     "	6809	2006-11-18	"Sat"	"Evening"	"135"	1	3	5	9	"13"	"35"	4	8
"6808     Sat. Nov 18, 2006          6          2          3     "	6808	2006-11-18	"Sat"	"Midday"	"623"	6	2	3	11	"62"	"23"	8	5
"6807     Fri. Nov 17, 2006          7          7          7     "	6807	2006-11-17	"Fri"	"Evening"	"777"	7	7	7	21	"77"	"77"	14	14
"6806     Fri. Nov 17, 2006          5          1          2     "	6806	2006-11-17	"Fri"	"Midday"	"512"	5	1	2	8	"51"	"12"	6	3
"6805     Thu. Nov 16, 2006          3          8          5     "	6805	2006-11-16	"Thu"	"Evening"	"385"	3	8	5	16	"38"	"85"	11	13
"6804     Thu. Nov 16, 2006          8          7          0     "	6804	2006-11-16	"Thu"	"Midday"	"870"	8	7	0	15	"87"	"70"	15	7
"6803     Wed. Nov 15, 2006          0          2          1     "	6803	2006-11-15	"Wed"	"Evening"	"021"	0	2	1	3	"02"	"21"	2	3
"6802     Wed. Nov 15, 2006          7          9          6     "	6802	2006-11-15	"Wed"	"Midday"	"796"	7	9	6	22	"79"	"96"	16	15
"6801     Tue. Nov 14, 2006          7          1          5     "	6801	2006-11-14	"Tue"	"Evening"	"715"	7	1	5	13	"71"	"15"	8	6
"6800     Tue. Nov 14, 2006          5          8          8     "	6800	2006-11-14	"Tue"	"Midday"	"588"	5	8	8	21	"58"	"88"	13	16
"6799     Mon. Nov 13, 2006          5          7          3     "	6799	2006-11-13	"Mon"	"Evening"	"573"	5	7	3	15	"57"	"73"	12	10
"6798     Mon. Nov 13, 2006          3          2          3     "	6798	2006-11-13	"Mon"	"Midday"	"323"	3	2	3	8	"32"	"23"	5	5
"6797     Sun. Nov 12, 2006          2          1          7     "	6797	2006-11-12	"Sun"	"Evening"	"217"	2	1	7	10	"21"	"17"	3	8
"6796     Sun. Nov 12, 2006          5          9          9     "	6796	2006-11-12	"Sun"	"Midday"	"599"	5	9	9	23	"59"	"99"	14	18
"6795     Sat. Nov 11, 2006          3          7          0     "	6795	2006-11-11	"Sat"	"Evening"	"370"	3	7	0	10	"37"	"70"	10	7
"6794     Sat. Nov 11, 2006          0          1          6     "	6794	2006-11-11	"Sat"	"Midday"	"016"	0	1	6	7	"01"	"16"	1	7
"6793     Fri. Nov 10, 2006          0          2          7     "	6793	2006-11-10	"Fri"	"Evening"	"027"	0	2	7	9	"02"	"27"	2	9
"6792     Fri. Nov 10, 2006          1          7          7     "	6792	2006-11-10	"Fri"	"Midday"	"177"	1	7	7	15	"17"	"77"	8	14
"6791     Thu. Nov 09, 2006          0          1          6     "	6791	2006-11-09	"Thu"	"Evening"	"016"	0	1	6	7	"01"	"16"	1	7
"6790     Thu. Nov 09, 2006          0          1          9     "	6790	2006-11-09	"Thu"	"Midday"	"019"	0	1	9	10	"01"	"19"	1	10
"6789     Wed. Nov 08, 2006          3          2          5     "	6789	2006-11-08	"Wed"	"Evening"	"325"	3	2	5	10	"32"	"25"	5	7
"6788     Wed. Nov 08, 2006          2          2          7     "	6788	2006-11-08	"Wed"	"Midday"	"227"	2	2	7	11	"22"	"27"	4	9
"6787     Tue. Nov 07, 2006          7          7          2     "	6787	2006-11-07	"Tue"	"Evening"	"772"	7	7	2	16	"77"	"72"	14	9
"6786     Tue. Nov 07, 2006          8          5          6     "	6786	2006-11-07	"Tue"	"Midday"	"856"	8	5	6	19	"85"	"56"	13	11
"6785     Mon. Nov 06, 2006          7          6          1     "	6785	2006-11-06	"Mon"	"Evening"	"761"	7	6	1	14	"76"	"61"	13	7
"6784     Mon. Nov 06, 2006          7          6          8     "	6784	2006-11-06	"Mon"	"Midday"	"768"	7	6	8	21	"76"	"68"	13	14
"6783     Sun. Nov 05, 2006          7          0          2     "	6783	2006-11-05	"Sun"	"Evening"	"702"	7	0	2	9	"70"	"02"	7	2
"6782     Sun. Nov 05, 2006          8          2          3     "	6782	2006-11-05	"Sun"	"Midday"	"823"	8	2	3	13	"82"	"23"	10	5
"6781     Sat. Nov 04, 2006          5          2          1     "	6781	2006-11-04	"Sat"	"Evening"	"521"	5	2	1	8	"52"	"21"	7	3
"6780     Sat. Nov 04, 2006          0          4          1     "	6780	2006-11-04	"Sat"	"Midday"	"041"	0	4	1	5	"04"	"41"	4	5
"6779     Fri. Nov 03, 2006          2          0          9     "	6779	2006-11-03	"Fri"	"Evening"	"209"	2	0	9	11	"20"	"09"	2	9
"6778     Fri. Nov 03, 2006          7          8          5     "	6778	2006-11-03	"Fri"	"Midday"	"785"	7	8	5	20	"78"	"85"	15	13
"6777     Thu. Nov 02, 2006          1          4          6     "	6777	2006-11-02	"Thu"	"Evening"	"146"	1	4	6	11	"14"	"46"	5	10
"6776     Thu. Nov 02, 2006          4          8          0     "	6776	2006-11-02	"Thu"	"Midday"	"480"	4	8	0	12	"48"	"80"	12	8
"6775     Wed. Nov 01, 2006          6          8          4     "	6775	2006-11-01	"Wed"	"Evening"	"684"	6	8	4	18	"68"	"84"	14	12
"6774     Wed. Nov 01, 2006          5          9          4     "	6774	2006-11-01	"Wed"	"Midday"	"594"	5	9	4	18	"59"	"94"	14	13
"6773     Tue. Oct 31, 2006          8          6          5     "	6773	2006-10-31	"Tue"	"Evening"	"865"	8	6	5	19	"86"	"65"	14	11
"6772     Tue. Oct 31, 2006          0          6          5     "	6772	2006-10-31	"Tue"	"Midday"	"065"	0	6	5	11	"06"	"65"	6	11
"6771     Mon. Oct 30, 2006          8          4          6     "	6771	2006-10-30	"Mon"	"Evening"	"846"	8	4	6	18	"84"	"46"	12	10
"6770     Mon. Oct 30, 2006          1          7          3     "	6770	2006-10-30	"Mon"	"Midday"	"173"	1	7	3	11	"17"	"73"	8	10
"6769     Sun. Oct 29, 2006          6          4          6     "	6769	2006-10-29	"Sun"	"Evening"	"646"	6	4	6	16	"64"	"46"	10	10
"6768     Sun. Oct 29, 2006          9          8          5     "	6768	2006-10-29	"Sun"	"Midday"	"985"	9	8	5	22	"98"	"85"	17	13
"6767     Sat. Oct 28, 2006          1          3          8     "	6767	2006-10-28	"Sat"	"Evening"	"138"	1	3	8	12	"13"	"38"	4	11
"6766     Sat. Oct 28, 2006          3          4          2     "	6766	2006-10-28	"Sat"	"Midday"	"342"	3	4	2	9	"34"	"42"	7	6
"6765     Fri. Oct 27, 2006          8          2          1     "	6765	2006-10-27	"Fri"	"Evening"	"821"	8	2	1	11	"82"	"21"	10	3
"6764     Fri. Oct 27, 2006          2          6          3     "	6764	2006-10-27	"Fri"	"Midday"	"263"	2	6	3	11	"26"	"63"	8	9
"6763     Thu. Oct 26, 2006          6          2          1     "	6763	2006-10-26	"Thu"	"Evening"	"621"	6	2	1	9	"62"	"21"	8	3
"6762     Thu. Oct 26, 2006          0          4          1     "	6762	2006-10-26	"Thu"	"Midday"	"041"	0	4	1	5	"04"	"41"	4	5
"6761     Wed. Oct 25, 2006          4          0          3     "	6761	2006-10-25	"Wed"	"Evening"	"403"	4	0	3	7	"40"	"03"	4	3
"6760     Wed. Oct 25, 2006          9          6          1     "	6760	2006-10-25	"Wed"	"Midday"	"961"	9	6	1	16	"96"	"61"	15	7
"6759     Tue. Oct 24, 2006          5          5          9     "	6759	2006-10-24	"Tue"	"Evening"	"559"	5	5	9	19	"55"	"59"	10	14
"6758     Tue. Oct 24, 2006          5          2          0     "	6758	2006-10-24	"Tue"	"Midday"	"520"	5	2	0	7	"52"	"20"	7	2
"6757     Mon. Oct 23, 2006          0          7          0     "	6757	2006-10-23	"Mon"	"Evening"	"070"	0	7	0	7	"07"	"70"	7	7
"6756     Mon. Oct 23, 2006          6          1          8     "	6756	2006-10-23	"Mon"	"Midday"	"618"	6	1	8	15	"61"	"18"	7	9
"6755     Sun. Oct 22, 2006          8          9          1     "	6755	2006-10-22	"Sun"	"Evening"	"891"	8	9	1	18	"89"	"91"	17	10
"6754     Sun. Oct 22, 2006          4          5          6     "	6754	2006-10-22	"Sun"	"Midday"	"456"	4	5	6	15	"45"	"56"	9	11
"6753     Sat. Oct 21, 2006          8          9          3     "	6753	2006-10-21	"Sat"	"Evening"	"893"	8	9	3	20	"89"	"93"	17	12
"6752     Sat. Oct 21, 2006          9          3          3     "	6752	2006-10-21	"Sat"	"Midday"	"933"	9	3	3	15	"93"	"33"	12	6
"6751     Fri. Oct 20, 2006          1          6          7     "	6751	2006-10-20	"Fri"	"Evening"	"167"	1	6	7	14	"16"	"67"	7	13
"6750     Fri. Oct 20, 2006          3          4          8     "	6750	2006-10-20	"Fri"	"Midday"	"348"	3	4	8	15	"34"	"48"	7	12
"6749     Thu. Oct 19, 2006          2          1          5     "	6749	2006-10-19	"Thu"	"Evening"	"215"	2	1	5	8	"21"	"15"	3	6
"6748     Thu. Oct 19, 2006          5          5          7     "	6748	2006-10-19	"Thu"	"Midday"	"557"	5	5	7	17	"55"	"57"	10	12
"6747     Wed. Oct 18, 2006          9          7          4     "	6747	2006-10-18	"Wed"	"Evening"	"974"	9	7	4	20	"97"	"74"	16	11
"6746     Wed. Oct 18, 2006          1          6          2     "	6746	2006-10-18	"Wed"	"Midday"	"162"	1	6	2	9	"16"	"62"	7	8
"6745     Tue. Oct 17, 2006          9          3          6     "	6745	2006-10-17	"Tue"	"Evening"	"936"	9	3	6	18	"93"	"36"	12	9
"6744     Tue. Oct 17, 2006          5          4          1     "	6744	2006-10-17	"Tue"	"Midday"	"541"	5	4	1	10	"54"	"41"	9	5
"6743     Mon. Oct 16, 2006          4          8          5     "	6743	2006-10-16	"Mon"	"Evening"	"485"	4	8	5	17	"48"	"85"	12	13
"6742     Mon. Oct 16, 2006          9          3          3     "	6742	2006-10-16	"Mon"	"Midday"	"933"	9	3	3	15	"93"	"33"	12	6
"6741     Sun. Oct 15, 2006          4          3          7     "	6741	2006-10-15	"Sun"	"Evening"	"437"	4	3	7	14	"43"	"37"	7	10
"6740     Sun. Oct 15, 2006          8          7          2     "	6740	2006-10-15	"Sun"	"Midday"	"872"	8	7	2	17	"87"	"72"	15	9
"6739     Sat. Oct 14, 2006          4          6          2     "	6739	2006-10-14	"Sat"	"Evening"	"462"	4	6	2	12	"46"	"62"	10	8
"6738     Sat. Oct 14, 2006          8          3          7     "	6738	2006-10-14	"Sat"	"Midday"	"837"	8	3	7	18	"83"	"37"	11	10
"6737     Fri. Oct 13, 2006          0          6          5     "	6737	2006-10-13	"Fri"	"Evening"	"065"	0	6	5	11	"06"	"65"	6	11
"6736     Fri. Oct 13, 2006          5          1          0     "	6736	2006-10-13	"Fri"	"Midday"	"510"	5	1	0	6	"51"	"10"	6	1
"6735     Thu. Oct 12, 2006          3          2          0     "	6735	2006-10-12	"Thu"	"Evening"	"320"	3	2	0	5	"32"	"20"	5	2
"6734     Thu. Oct 12, 2006          3          5          1     "	6734	2006-10-12	"Thu"	"Midday"	"351"	3	5	1	9	"35"	"51"	8	6
"6733     Wed. Oct 11, 2006          2          7          5     "	6733	2006-10-11	"Wed"	"Evening"	"275"	2	7	5	14	"27"	"75"	9	12
"6732     Wed. Oct 11, 2006          6          7          3     "	6732	2006-10-11	"Wed"	"Midday"	"673"	6	7	3	16	"67"	"73"	13	10
"6731     Tue. Oct 10, 2006          1          9          8     "	6731	2006-10-10	"Tue"	"Evening"	"198"	1	9	8	18	"19"	"98"	10	17
"6730     Tue. Oct 10, 2006          2          6          1     "	6730	2006-10-10	"Tue"	"Midday"	"261"	2	6	1	9	"26"	"61"	8	7
"6729     Mon. Oct 09, 2006          5          1          0     "	6729	2006-10-09	"Mon"	"Evening"	"510"	5	1	0	6	"51"	"10"	6	1
"6728     Mon. Oct 09, 2006          7          2          7     "	6728	2006-10-09	"Mon"	"Midday"	"727"	7	2	7	16	"72"	"27"	9	9
"6727     Sun. Oct 08, 2006          3          5          3     "	6727	2006-10-08	"Sun"	"Evening"	"353"	3	5	3	11	"35"	"53"	8	8
"6726     Sun. Oct 08, 2006          6          5          0     "	6726	2006-10-08	"Sun"	"Midday"	"650"	6	5	0	11	"65"	"50"	11	5
"6725     Sat. Oct 07, 2006          8          6          9     "	6725	2006-10-07	"Sat"	"Evening"	"869"	8	6	9	23	"86"	"69"	14	15
"6724     Sat. Oct 07, 2006          3          9          0     "	6724	2006-10-07	"Sat"	"Midday"	"390"	3	9	0	12	"39"	"90"	12	9
"6723     Fri. Oct 06, 2006          2          5          6     "	6723	2006-10-06	"Fri"	"Evening"	"256"	2	5	6	13	"25"	"56"	7	11
"6722     Fri. Oct 06, 2006          5          7          9     "	6722	2006-10-06	"Fri"	"Midday"	"579"	5	7	9	21	"57"	"79"	12	16
"6721     Thu. Oct 05, 2006          6          4          8     "	6721	2006-10-05	"Thu"	"Evening"	"648"	6	4	8	18	"64"	"48"	10	12
"6720     Thu. Oct 05, 2006          2          1          0     "	6720	2006-10-05	"Thu"	"Midday"	"210"	2	1	0	3	"21"	"10"	3	1
"6719     Wed. Oct 04, 2006          5          7          1     "	6719	2006-10-04	"Wed"	"Evening"	"571"	5	7	1	13	"57"	"71"	12	8
"6718     Wed. Oct 04, 2006          4          8          8     "	6718	2006-10-04	"Wed"	"Midday"	"488"	4	8	8	20	"48"	"88"	12	16
"6717     Tue. Oct 03, 2006          6          3          7     "	6717	2006-10-03	"Tue"	"Evening"	"637"	6	3	7	16	"63"	"37"	9	10
"6716     Tue. Oct 03, 2006          9          1          5     "	6716	2006-10-03	"Tue"	"Midday"	"915"	9	1	5	15	"91"	"15"	10	6
"6715     Mon. Oct 02, 2006          3          0          1     "	6715	2006-10-02	"Mon"	"Evening"	"301"	3	0	1	4	"30"	"01"	3	1
"6714     Mon. Oct 02, 2006          8          9          2     "	6714	2006-10-02	"Mon"	"Midday"	"892"	8	9	2	19	"89"	"92"	17	11
"6713     Sun. Oct 01, 2006          9          4          7     "	6713	2006-10-01	"Sun"	"Evening"	"947"	9	4	7	20	"94"	"47"	13	11
"6712     Sun. Oct 01, 2006          5          9          5     "	6712	2006-10-01	"Sun"	"Midday"	"595"	5	9	5	19	"59"	"95"	14	14
"6711     Sat. Sep 30, 2006          0          9          1     "	6711	2006-09-30	"Sat"	"Evening"	"091"	0	9	1	10	"09"	"91"	9	10
"6710     Sat. Sep 30, 2006          1          8          9     "	6710	2006-09-30	"Sat"	"Midday"	"189"	1	8	9	18	"18"	"89"	9	17
"6709     Fri. Sep 29, 2006          1          5          7     "	6709	2006-09-29	"Fri"	"Evening"	"157"	1	5	7	13	"15"	"57"	6	12
"6708     Fri. Sep 29, 2006          6          3          7     "	6708	2006-09-29	"Fri"	"Midday"	"637"	6	3	7	16	"63"	"37"	9	10
"6707     Thu. Sep 28, 2006          2          9          4     "	6707	2006-09-28	"Thu"	"Evening"	"294"	2	9	4	15	"29"	"94"	11	13
"6706     Thu. Sep 28, 2006          6          6          6     "	6706	2006-09-28	"Thu"	"Midday"	"666"	6	6	6	18	"66"	"66"	12	12
"6705     Wed. Sep 27, 2006          7          2          9     "	6705	2006-09-27	"Wed"	"Evening"	"729"	7	2	9	18	"72"	"29"	9	11
"6704     Wed. Sep 27, 2006          7          5          6     "	6704	2006-09-27	"Wed"	"Midday"	"756"	7	5	6	18	"75"	"56"	12	11
"6703     Tue. Sep 26, 2006          7          5          1     "	6703	2006-09-26	"Tue"	"Evening"	"751"	7	5	1	13	"75"	"51"	12	6
"6702     Tue. Sep 26, 2006          1          6          0     "	6702	2006-09-26	"Tue"	"Midday"	"160"	1	6	0	7	"16"	"60"	7	6
"6701     Mon. Sep 25, 2006          0          8          7     "	6701	2006-09-25	"Mon"	"Evening"	"087"	0	8	7	15	"08"	"87"	8	15
"6700     Mon. Sep 25, 2006          4          9          9     "	6700	2006-09-25	"Mon"	"Midday"	"499"	4	9	9	22	"49"	"99"	13	18
"6699     Sun. Sep 24, 2006          3          9          6     "	6699	2006-09-24	"Sun"	"Evening"	"396"	3	9	6	18	"39"	"96"	12	15
"6698     Sun. Sep 24, 2006          2          2          8     "	6698	2006-09-24	"Sun"	"Midday"	"228"	2	2	8	12	"22"	"28"	4	10
"6697     Sat. Sep 23, 2006          1          7          5     "	6697	2006-09-23	"Sat"	"Evening"	"175"	1	7	5	13	"17"	"75"	8	12
"6696     Sat. Sep 23, 2006          0          4          8     "	6696	2006-09-23	"Sat"	"Midday"	"048"	0	4	8	12	"04"	"48"	4	12
"6695     Fri. Sep 22, 2006          3          2          9     "	6695	2006-09-22	"Fri"	"Evening"	"329"	3	2	9	14	"32"	"29"	5	11
"6694     Fri. Sep 22, 2006          0          5          5     "	6694	2006-09-22	"Fri"	"Midday"	"055"	0	5	5	10	"05"	"55"	5	10
"6693     Thu. Sep 21, 2006          9          5          1     "	6693	2006-09-21	"Thu"	"Evening"	"951"	9	5	1	15	"95"	"51"	14	6
"6692     Thu. Sep 21, 2006          0          6          8     "	6692	2006-09-21	"Thu"	"Midday"	"068"	0	6	8	14	"06"	"68"	6	14
"6691     Wed. Sep 20, 2006          3          8          2     "	6691	2006-09-20	"Wed"	"Evening"	"382"	3	8	2	13	"38"	"82"	11	10
"6690     Wed. Sep 20, 2006          0          8          4     "	6690	2006-09-20	"Wed"	"Midday"	"084"	0	8	4	12	"08"	"84"	8	12
"6689     Tue. Sep 19, 2006          4          9          6     "	6689	2006-09-19	"Tue"	"Evening"	"496"	4	9	6	19	"49"	"96"	13	15
"6688     Tue. Sep 19, 2006          1          5          6     "	6688	2006-09-19	"Tue"	"Midday"	"156"	1	5	6	12	"15"	"56"	6	11
"6687     Mon. Sep 18, 2006          9          7          8     "	6687	2006-09-18	"Mon"	"Evening"	"978"	9	7	8	24	"97"	"78"	16	15
"6686     Mon. Sep 18, 2006          4          2          3     "	6686	2006-09-18	"Mon"	"Midday"	"423"	4	2	3	9	"42"	"23"	6	5
"6685     Sun. Sep 17, 2006          8          6          8     "	6685	2006-09-17	"Sun"	"Evening"	"868"	8	6	8	22	"86"	"68"	14	14
"6684     Sun. Sep 17, 2006          4          5          5     "	6684	2006-09-17	"Sun"	"Midday"	"455"	4	5	5	14	"45"	"55"	9	10
"6683     Sat. Sep 16, 2006          4          6          6     "	6683	2006-09-16	"Sat"	"Evening"	"466"	4	6	6	16	"46"	"66"	10	12
"6682     Sat. Sep 16, 2006          8          6          2     "	6682	2006-09-16	"Sat"	"Midday"	"862"	8	6	2	16	"86"	"62"	14	8
"6681     Fri. Sep 15, 2006          3          4          7     "	6681	2006-09-15	"Fri"	"Evening"	"347"	3	4	7	14	"34"	"47"	7	11
"6680     Fri. Sep 15, 2006          1          5          4     "	6680	2006-09-15	"Fri"	"Midday"	"154"	1	5	4	10	"15"	"54"	6	9
"6679     Thu. Sep 14, 2006          8          0          2     "	6679	2006-09-14	"Thu"	"Evening"	"802"	8	0	2	10	"80"	"02"	8	2
"6678     Thu. Sep 14, 2006          0          8          4     "	6678	2006-09-14	"Thu"	"Midday"	"084"	0	8	4	12	"08"	"84"	8	12
"6677     Wed. Sep 13, 2006          6          6          2     "	6677	2006-09-13	"Wed"	"Evening"	"662"	6	6	2	14	"66"	"62"	12	8
"6676     Wed. Sep 13, 2006          3          7          2     "	6676	2006-09-13	"Wed"	"Midday"	"372"	3	7	2	12	"37"	"72"	10	9
"6675     Tue. Sep 12, 2006          1          0          0     "	6675	2006-09-12	"Tue"	"Evening"	"100"	1	0	0	1	"10"	"00"	1	0
"6674     Tue. Sep 12, 2006          3          7          9     "	6674	2006-09-12	"Tue"	"Midday"	"379"	3	7	9	19	"37"	"79"	10	16
"6673     Mon. Sep 11, 2006          3          9          5     "	6673	2006-09-11	"Mon"	"Evening"	"395"	3	9	5	17	"39"	"95"	12	14
"6672     Mon. Sep 11, 2006          9          3          3     "	6672	2006-09-11	"Mon"	"Midday"	"933"	9	3	3	15	"93"	"33"	12	6
"6671     Sun. Sep 10, 2006          4          2          4     "	6671	2006-09-10	"Sun"	"Evening"	"424"	4	2	4	10	"42"	"24"	6	6
"6670     Sun. Sep 10, 2006          9          1          8     "	6670	2006-09-10	"Sun"	"Midday"	"918"	9	1	8	18	"91"	"18"	10	9
"6669     Sat. Sep 09, 2006          5          5          0     "	6669	2006-09-09	"Sat"	"Evening"	"550"	5	5	0	10	"55"	"50"	10	5
"6668     Sat. Sep 09, 2006          7          0          1     "	6668	2006-09-09	"Sat"	"Midday"	"701"	7	0	1	8	"70"	"01"	7	1
"6667     Fri. Sep 08, 2006          4          4          9     "	6667	2006-09-08	"Fri"	"Evening"	"449"	4	4	9	17	"44"	"49"	8	13
"6666     Fri. Sep 08, 2006          2          3          3     "	6666	2006-09-08	"Fri"	"Midday"	"233"	2	3	3	8	"23"	"33"	5	6
"6665     Thu. Sep 07, 2006          8          0          3     "	6665	2006-09-07	"Thu"	"Evening"	"803"	8	0	3	11	"80"	"03"	8	3
"6664     Thu. Sep 07, 2006          1          9          9     "	6664	2006-09-07	"Thu"	"Midday"	"199"	1	9	9	19	"19"	"99"	10	18
"6663     Wed. Sep 06, 2006          4          6          8     "	6663	2006-09-06	"Wed"	"Evening"	"468"	4	6	8	18	"46"	"68"	10	14
"6662     Wed. Sep 06, 2006          0          6          6     "	6662	2006-09-06	"Wed"	"Midday"	"066"	0	6	6	12	"06"	"66"	6	12
"6661     Tue. Sep 05, 2006          1          7          8     "	6661	2006-09-05	"Tue"	"Evening"	"178"	1	7	8	16	"17"	"78"	8	15
"6660     Tue. Sep 05, 2006          1          3          9     "	6660	2006-09-05	"Tue"	"Midday"	"139"	1	3	9	13	"13"	"39"	4	12
"6659     Mon. Sep 04, 2006          5          6          3     "	6659	2006-09-04	"Mon"	"Evening"	"563"	5	6	3	14	"56"	"63"	11	9
"6658     Mon. Sep 04, 2006          5          0          0     "	6658	2006-09-04	"Mon"	"Midday"	"500"	5	0	0	5	"50"	"00"	5	0
"6657     Sun. Sep 03, 2006          3          9          6     "	6657	2006-09-03	"Sun"	"Evening"	"396"	3	9	6	18	"39"	"96"	12	15
"6656     Sun. Sep 03, 2006          9          4          3     "	6656	2006-09-03	"Sun"	"Midday"	"943"	9	4	3	16	"94"	"43"	13	7
"6655     Sat. Sep 02, 2006          8          7          4     "	6655	2006-09-02	"Sat"	"Evening"	"874"	8	7	4	19	"87"	"74"	15	11
"6654     Sat. Sep 02, 2006          3          5          8     "	6654	2006-09-02	"Sat"	"Midday"	"358"	3	5	8	16	"35"	"58"	8	13
"6653     Fri. Sep 01, 2006          4          1          6     "	6653	2006-09-01	"Fri"	"Evening"	"416"	4	1	6	11	"41"	"16"	5	7
"6652     Fri. Sep 01, 2006          9          3          9     "	6652	2006-09-01	"Fri"	"Midday"	"939"	9	3	9	21	"93"	"39"	12	12
"6651     Thu. Aug 31, 2006          4          7          3     "	6651	2006-08-31	"Thu"	"Evening"	"473"	4	7	3	14	"47"	"73"	11	10
"6650     Thu. Aug 31, 2006          7          6          6     "	6650	2006-08-31	"Thu"	"Midday"	"766"	7	6	6	19	"76"	"66"	13	12
"6649     Wed. Aug 30, 2006          1          1          4     "	6649	2006-08-30	"Wed"	"Evening"	"114"	1	1	4	6	"11"	"14"	2	5
"6648     Wed. Aug 30, 2006          7          7          3     "	6648	2006-08-30	"Wed"	"Midday"	"773"	7	7	3	17	"77"	"73"	14	10
"6647     Tue. Aug 29, 2006          1          3          7     "	6647	2006-08-29	"Tue"	"Evening"	"137"	1	3	7	11	"13"	"37"	4	10
"6646     Tue. Aug 29, 2006          1          7          6     "	6646	2006-08-29	"Tue"	"Midday"	"176"	1	7	6	14	"17"	"76"	8	13
"6645     Mon. Aug 28, 2006          8          8          4     "	6645	2006-08-28	"Mon"	"Evening"	"884"	8	8	4	20	"88"	"84"	16	12
"6644     Mon. Aug 28, 2006          1          6          8     "	6644	2006-08-28	"Mon"	"Midday"	"168"	1	6	8	15	"16"	"68"	7	14
"6643     Sun. Aug 27, 2006          7          0          4     "	6643	2006-08-27	"Sun"	"Evening"	"704"	7	0	4	11	"70"	"04"	7	4
"6642     Sun. Aug 27, 2006          5          3          8     "	6642	2006-08-27	"Sun"	"Midday"	"538"	5	3	8	16	"53"	"38"	8	11
"6641     Sat. Aug 26, 2006          3          0          7     "	6641	2006-08-26	"Sat"	"Evening"	"307"	3	0	7	10	"30"	"07"	3	7
"6640     Sat. Aug 26, 2006          1          9          8     "	6640	2006-08-26	"Sat"	"Midday"	"198"	1	9	8	18	"19"	"98"	10	17
"6639     Fri. Aug 25, 2006          1          5          8     "	6639	2006-08-25	"Fri"	"Evening"	"158"	1	5	8	14	"15"	"58"	6	13
"6638     Fri. Aug 25, 2006          6          0          7     "	6638	2006-08-25	"Fri"	"Midday"	"607"	6	0	7	13	"60"	"07"	6	7
"6637     Thu. Aug 24, 2006          3          3          0     "	6637	2006-08-24	"Thu"	"Evening"	"330"	3	3	0	6	"33"	"30"	6	3
"6636     Thu. Aug 24, 2006          5          7          7     "	6636	2006-08-24	"Thu"	"Midday"	"577"	5	7	7	19	"57"	"77"	12	14
"6635     Wed. Aug 23, 2006          5          7          2     "	6635	2006-08-23	"Wed"	"Evening"	"572"	5	7	2	14	"57"	"72"	12	9
"6634     Wed. Aug 23, 2006          5          8          6     "	6634	2006-08-23	"Wed"	"Midday"	"586"	5	8	6	19	"58"	"86"	13	14
"6633     Tue. Aug 22, 2006          7          4          6     "	6633	2006-08-22	"Tue"	"Evening"	"746"	7	4	6	17	"74"	"46"	11	10
"6632     Tue. Aug 22, 2006          9          4          3     "	6632	2006-08-22	"Tue"	"Midday"	"943"	9	4	3	16	"94"	"43"	13	7
"6631     Mon. Aug 21, 2006          4          7          0     "	6631	2006-08-21	"Mon"	"Evening"	"470"	4	7	0	11	"47"	"70"	11	7
"6630     Mon. Aug 21, 2006          1          2          3     "	6630	2006-08-21	"Mon"	"Midday"	"123"	1	2	3	6	"12"	"23"	3	5
"6629     Sun. Aug 20, 2006          2          4          2     "	6629	2006-08-20	"Sun"	"Evening"	"242"	2	4	2	8	"24"	"42"	6	6
"6628     Sun. Aug 20, 2006          6          1          4     "	6628	2006-08-20	"Sun"	"Midday"	"614"	6	1	4	11	"61"	"14"	7	5
"6627     Sat. Aug 19, 2006          1          3          2     "	6627	2006-08-19	"Sat"	"Evening"	"132"	1	3	2	6	"13"	"32"	4	5
"6626     Sat. Aug 19, 2006          7          2          2     "	6626	2006-08-19	"Sat"	"Midday"	"722"	7	2	2	11	"72"	"22"	9	4
"6625     Fri. Aug 18, 2006          4          4          8     "	6625	2006-08-18	"Fri"	"Evening"	"448"	4	4	8	16	"44"	"48"	8	12
"6624     Fri. Aug 18, 2006          9          2          9     "	6624	2006-08-18	"Fri"	"Midday"	"929"	9	2	9	20	"92"	"29"	11	11
"6623     Thu. Aug 17, 2006          1          0          6     "	6623	2006-08-17	"Thu"	"Evening"	"106"	1	0	6	7	"10"	"06"	1	6
"6622     Thu. Aug 17, 2006          2          4          7     "	6622	2006-08-17	"Thu"	"Midday"	"247"	2	4	7	13	"24"	"47"	6	11
"6621     Wed. Aug 16, 2006          6          3          6     "	6621	2006-08-16	"Wed"	"Evening"	"636"	6	3	6	15	"63"	"36"	9	9
"6620     Wed. Aug 16, 2006          2          4          0     "	6620	2006-08-16	"Wed"	"Midday"	"240"	2	4	0	6	"24"	"40"	6	4
"6619     Tue. Aug 15, 2006          0          2          2     "	6619	2006-08-15	"Tue"	"Evening"	"022"	0	2	2	4	"02"	"22"	2	4
"6618     Tue. Aug 15, 2006          6          6          9     "	6618	2006-08-15	"Tue"	"Midday"	"669"	6	6	9	21	"66"	"69"	12	15
"6617     Mon. Aug 14, 2006          6          8          2     "	6617	2006-08-14	"Mon"	"Evening"	"682"	6	8	2	16	"68"	"82"	14	10
"6616     Mon. Aug 14, 2006          8          9          5     "	6616	2006-08-14	"Mon"	"Midday"	"895"	8	9	5	22	"89"	"95"	17	14
"6615     Sun. Aug 13, 2006          4          9          0     "	6615	2006-08-13	"Sun"	"Evening"	"490"	4	9	0	13	"49"	"90"	13	9
"6614     Sun. Aug 13, 2006          7          4          4     "	6614	2006-08-13	"Sun"	"Midday"	"744"	7	4	4	15	"74"	"44"	11	8
"6613     Sat. Aug 12, 2006          0          4          4     "	6613	2006-08-12	"Sat"	"Evening"	"044"	0	4	4	8	"04"	"44"	4	8
"6612     Sat. Aug 12, 2006          8          7          1     "	6612	2006-08-12	"Sat"	"Midday"	"871"	8	7	1	16	"87"	"71"	15	8
"6611     Fri. Aug 11, 2006          9          2          2     "	6611	2006-08-11	"Fri"	"Evening"	"922"	9	2	2	13	"92"	"22"	11	4
"6610     Fri. Aug 11, 2006          6          0          4     "	6610	2006-08-11	"Fri"	"Midday"	"604"	6	0	4	10	"60"	"04"	6	4
"6609     Thu. Aug 10, 2006          1          9          7     "	6609	2006-08-10	"Thu"	"Evening"	"197"	1	9	7	17	"19"	"97"	10	16
"6608     Thu. Aug 10, 2006          1          2          6     "	6608	2006-08-10	"Thu"	"Midday"	"126"	1	2	6	9	"12"	"26"	3	8
"6607     Wed. Aug 09, 2006          8          8          8     "	6607	2006-08-09	"Wed"	"Evening"	"888"	8	8	8	24	"88"	"88"	16	16
"6606     Wed. Aug 09, 2006          5          0          9     "	6606	2006-08-09	"Wed"	"Midday"	"509"	5	0	9	14	"50"	"09"	5	9
"6605     Tue. Aug 08, 2006          7          7          1     "	6605	2006-08-08	"Tue"	"Evening"	"771"	7	7	1	15	"77"	"71"	14	8
"6604     Tue. Aug 08, 2006          5          8          9     "	6604	2006-08-08	"Tue"	"Midday"	"589"	5	8	9	22	"58"	"89"	13	17
"6603     Mon. Aug 07, 2006          3          6          0     "	6603	2006-08-07	"Mon"	"Evening"	"360"	3	6	0	9	"36"	"60"	9	6
"6602     Mon. Aug 07, 2006          8          2          6     "	6602	2006-08-07	"Mon"	"Midday"	"826"	8	2	6	16	"82"	"26"	10	8
"6601     Sun. Aug 06, 2006          6          0          4     "	6601	2006-08-06	"Sun"	"Evening"	"604"	6	0	4	10	"60"	"04"	6	4
"6600     Sun. Aug 06, 2006          8          7          6     "	6600	2006-08-06	"Sun"	"Midday"	"876"	8	7	6	21	"87"	"76"	15	13
"6599     Sat. Aug 05, 2006          9          8          3     "	6599	2006-08-05	"Sat"	"Evening"	"983"	9	8	3	20	"98"	"83"	17	11
"6598     Sat. Aug 05, 2006          3          5          9     "	6598	2006-08-05	"Sat"	"Midday"	"359"	3	5	9	17	"35"	"59"	8	14
"6597     Fri. Aug 04, 2006          5          0          1     "	6597	2006-08-04	"Fri"	"Evening"	"501"	5	0	1	6	"50"	"01"	5	1
"6596     Fri. Aug 04, 2006          6          4          8     "	6596	2006-08-04	"Fri"	"Midday"	"648"	6	4	8	18	"64"	"48"	10	12
"6595     Thu. Aug 03, 2006          9          4          8     "	6595	2006-08-03	"Thu"	"Evening"	"948"	9	4	8	21	"94"	"48"	13	12
"6594     Thu. Aug 03, 2006          7          4          3     "	6594	2006-08-03	"Thu"	"Midday"	"743"	7	4	3	14	"74"	"43"	11	7
"6593     Wed. Aug 02, 2006          9          3          5     "	6593	2006-08-02	"Wed"	"Evening"	"935"	9	3	5	17	"93"	"35"	12	8
"6592     Wed. Aug 02, 2006          5          5          9     "	6592	2006-08-02	"Wed"	"Midday"	"559"	5	5	9	19	"55"	"59"	10	14
"6591     Tue. Aug 01, 2006          0          0          5     "	6591	2006-08-01	"Tue"	"Evening"	"005"	0	0	5	5	"00"	"05"	0	5
"6590     Tue. Aug 01, 2006          1          4          0     "	6590	2006-08-01	"Tue"	"Midday"	"140"	1	4	0	5	"14"	"40"	5	4
"6589     Mon. Jul 31, 2006          0          4          8     "	6589	2006-07-31	"Mon"	"Evening"	"048"	0	4	8	12	"04"	"48"	4	12
"6588     Mon. Jul 31, 2006          3          8          5     "	6588	2006-07-31	"Mon"	"Midday"	"385"	3	8	5	16	"38"	"85"	11	13
"6587     Sun. Jul 30, 2006          4          3          4     "	6587	2006-07-30	"Sun"	"Evening"	"434"	4	3	4	11	"43"	"34"	7	7
"6586     Sun. Jul 30, 2006          0          9          2     "	6586	2006-07-30	"Sun"	"Midday"	"092"	0	9	2	11	"09"	"92"	9	11
"6585     Sat. Jul 29, 2006          3          8          4     "	6585	2006-07-29	"Sat"	"Evening"	"384"	3	8	4	15	"38"	"84"	11	12
"6584     Sat. Jul 29, 2006          9          5          6     "	6584	2006-07-29	"Sat"	"Midday"	"956"	9	5	6	20	"95"	"56"	14	11
"6583     Fri. Jul 28, 2006          2          0          1     "	6583	2006-07-28	"Fri"	"Evening"	"201"	2	0	1	3	"20"	"01"	2	1
"6582     Fri. Jul 28, 2006          0          4          3     "	6582	2006-07-28	"Fri"	"Midday"	"043"	0	4	3	7	"04"	"43"	4	7
"6581     Thu. Jul 27, 2006          9          6          9     "	6581	2006-07-27	"Thu"	"Evening"	"969"	9	6	9	24	"96"	"69"	15	15
"6580     Thu. Jul 27, 2006          0          2          7     "	6580	2006-07-27	"Thu"	"Midday"	"027"	0	2	7	9	"02"	"27"	2	9
"6579     Wed. Jul 26, 2006          9          6          1     "	6579	2006-07-26	"Wed"	"Evening"	"961"	9	6	1	16	"96"	"61"	15	7
"6578     Wed. Jul 26, 2006          3          9          6     "	6578	2006-07-26	"Wed"	"Midday"	"396"	3	9	6	18	"39"	"96"	12	15
"6577     Tue. Jul 25, 2006          8          2          4     "	6577	2006-07-25	"Tue"	"Evening"	"824"	8	2	4	14	"82"	"24"	10	6
"6576     Tue. Jul 25, 2006          9          2          9     "	6576	2006-07-25	"Tue"	"Midday"	"929"	9	2	9	20	"92"	"29"	11	11
"6575     Mon. Jul 24, 2006          6          4          9     "	6575	2006-07-24	"Mon"	"Evening"	"649"	6	4	9	19	"64"	"49"	10	13
"6574     Mon. Jul 24, 2006          6          8          6     "	6574	2006-07-24	"Mon"	"Midday"	"686"	6	8	6	20	"68"	"86"	14	14
"6573     Sun. Jul 23, 2006          1          5          9     "	6573	2006-07-23	"Sun"	"Evening"	"159"	1	5	9	15	"15"	"59"	6	14
"6572     Sun. Jul 23, 2006          9          5          4     "	6572	2006-07-23	"Sun"	"Midday"	"954"	9	5	4	18	"95"	"54"	14	9
"6571     Sat. Jul 22, 2006          0          2          5     "	6571	2006-07-22	"Sat"	"Evening"	"025"	0	2	5	7	"02"	"25"	2	7
"6570     Sat. Jul 22, 2006          6          8          5     "	6570	2006-07-22	"Sat"	"Midday"	"685"	6	8	5	19	"68"	"85"	14	13
"6569     Fri. Jul 21, 2006          4          2          9     "	6569	2006-07-21	"Fri"	"Evening"	"429"	4	2	9	15	"42"	"29"	6	11
"6568     Fri. Jul 21, 2006          5          0          6     "	6568	2006-07-21	"Fri"	"Midday"	"506"	5	0	6	11	"50"	"06"	5	6
"6567     Thu. Jul 20, 2006          6          4          7     "	6567	2006-07-20	"Thu"	"Evening"	"647"	6	4	7	17	"64"	"47"	10	11
"6566     Thu. Jul 20, 2006          6          2          2     "	6566	2006-07-20	"Thu"	"Midday"	"622"	6	2	2	10	"62"	"22"	8	4
"6565     Wed. Jul 19, 2006          1          1          5     "	6565	2006-07-19	"Wed"	"Evening"	"115"	1	1	5	7	"11"	"15"	2	6
"6564     Wed. Jul 19, 2006          7          7          2     "	6564	2006-07-19	"Wed"	"Midday"	"772"	7	7	2	16	"77"	"72"	14	9
"6563     Tue. Jul 18, 2006          3          6          8     "	6563	2006-07-18	"Tue"	"Evening"	"368"	3	6	8	17	"36"	"68"	9	14
"6562     Tue. Jul 18, 2006          5          0          1     "	6562	2006-07-18	"Tue"	"Midday"	"501"	5	0	1	6	"50"	"01"	5	1
"6561     Mon. Jul 17, 2006          5          0          7     "	6561	2006-07-17	"Mon"	"Evening"	"507"	5	0	7	12	"50"	"07"	5	7
"6560     Mon. Jul 17, 2006          3          0          8     "	6560	2006-07-17	"Mon"	"Midday"	"308"	3	0	8	11	"30"	"08"	3	8
"6559     Sun. Jul 16, 2006          9          6          4     "	6559	2006-07-16	"Sun"	"Evening"	"964"	9	6	4	19	"96"	"64"	15	10
"6558     Sun. Jul 16, 2006          4          6          8     "	6558	2006-07-16	"Sun"	"Midday"	"468"	4	6	8	18	"46"	"68"	10	14
"6557     Sat. Jul 15, 2006          9          2          8     "	6557	2006-07-15	"Sat"	"Evening"	"928"	9	2	8	19	"92"	"28"	11	10
"6556     Sat. Jul 15, 2006          8          9          4     "	6556	2006-07-15	"Sat"	"Midday"	"894"	8	9	4	21	"89"	"94"	17	13
"6555     Fri. Jul 14, 2006          0          4          1     "	6555	2006-07-14	"Fri"	"Evening"	"041"	0	4	1	5	"04"	"41"	4	5
"6554     Fri. Jul 14, 2006          0          3          0     "	6554	2006-07-14	"Fri"	"Midday"	"030"	0	3	0	3	"03"	"30"	3	3
"6553     Thu. Jul 13, 2006          7          2          1     "	6553	2006-07-13	"Thu"	"Evening"	"721"	7	2	1	10	"72"	"21"	9	3
"6552     Thu. Jul 13, 2006          0          7          1     "	6552	2006-07-13	"Thu"	"Midday"	"071"	0	7	1	8	"07"	"71"	7	8
"6551     Wed. Jul 12, 2006          9          6          4     "	6551	2006-07-12	"Wed"	"Evening"	"964"	9	6	4	19	"96"	"64"	15	10
"6550     Wed. Jul 12, 2006          9          7          9     "	6550	2006-07-12	"Wed"	"Midday"	"979"	9	7	9	25	"97"	"79"	16	16
"6549     Tue. Jul 11, 2006          5          0          8     "	6549	2006-07-11	"Tue"	"Evening"	"508"	5	0	8	13	"50"	"08"	5	8
"6548     Tue. Jul 11, 2006          6          6          9     "	6548	2006-07-11	"Tue"	"Midday"	"669"	6	6	9	21	"66"	"69"	12	15
"6547     Mon. Jul 10, 2006          2          6          6     "	6547	2006-07-10	"Mon"	"Evening"	"266"	2	6	6	14	"26"	"66"	8	12
"6546     Mon. Jul 10, 2006          4          6          4     "	6546	2006-07-10	"Mon"	"Midday"	"464"	4	6	4	14	"46"	"64"	10	10
"6545     Sun. Jul 09, 2006          0          9          1     "	6545	2006-07-09	"Sun"	"Evening"	"091"	0	9	1	10	"09"	"91"	9	10
"6544     Sun. Jul 09, 2006          8          1          3     "	6544	2006-07-09	"Sun"	"Midday"	"813"	8	1	3	12	"81"	"13"	9	4
"6543     Sat. Jul 08, 2006          3          8          5     "	6543	2006-07-08	"Sat"	"Evening"	"385"	3	8	5	16	"38"	"85"	11	13
"6542     Sat. Jul 08, 2006          4          8          0     "	6542	2006-07-08	"Sat"	"Midday"	"480"	4	8	0	12	"48"	"80"	12	8
"6541     Fri. Jul 07, 2006          3          6          2     "	6541	2006-07-07	"Fri"	"Evening"	"362"	3	6	2	11	"36"	"62"	9	8
"6540     Fri. Jul 07, 2006          9          1          7     "	6540	2006-07-07	"Fri"	"Midday"	"917"	9	1	7	17	"91"	"17"	10	8
"6539     Thu. Jul 06, 2006          0          3          3     "	6539	2006-07-06	"Thu"	"Evening"	"033"	0	3	3	6	"03"	"33"	3	6
"6538     Thu. Jul 06, 2006          1          8          2     "	6538	2006-07-06	"Thu"	"Midday"	"182"	1	8	2	11	"18"	"82"	9	10
"6537     Wed. Jul 05, 2006          6          8          4     "	6537	2006-07-05	"Wed"	"Evening"	"684"	6	8	4	18	"68"	"84"	14	12
"6536     Wed. Jul 05, 2006          2          4          9     "	6536	2006-07-05	"Wed"	"Midday"	"249"	2	4	9	15	"24"	"49"	6	13
"6535     Tue. Jul 04, 2006          2          3          7     "	6535	2006-07-04	"Tue"	"Evening"	"237"	2	3	7	12	"23"	"37"	5	10
"6534     Tue. Jul 04, 2006          9          8          9     "	6534	2006-07-04	"Tue"	"Midday"	"989"	9	8	9	26	"98"	"89"	17	17
"6533     Mon. Jul 03, 2006          9          4          4     "	6533	2006-07-03	"Mon"	"Evening"	"944"	9	4	4	17	"94"	"44"	13	8
"6532     Mon. Jul 03, 2006          2          3          0     "	6532	2006-07-03	"Mon"	"Midday"	"230"	2	3	0	5	"23"	"30"	5	3
"6531     Sun. Jul 02, 2006          4          8          2     "	6531	2006-07-02	"Sun"	"Evening"	"482"	4	8	2	14	"48"	"82"	12	10
"6530     Sun. Jul 02, 2006          9          4          3     "	6530	2006-07-02	"Sun"	"Midday"	"943"	9	4	3	16	"94"	"43"	13	7
"6529     Sat. Jul 01, 2006          4          4          9     "	6529	2006-07-01	"Sat"	"Evening"	"449"	4	4	9	17	"44"	"49"	8	13
"6528     Sat. Jul 01, 2006          5          7          3     "	6528	2006-07-01	"Sat"	"Midday"	"573"	5	7	3	15	"57"	"73"	12	10
"6527     Fri. Jun 30, 2006          9          5          1     "	6527	2006-06-30	"Fri"	"Evening"	"951"	9	5	1	15	"95"	"51"	14	6
"6526     Fri. Jun 30, 2006          0          5          6     "	6526	2006-06-30	"Fri"	"Midday"	"056"	0	5	6	11	"05"	"56"	5	11
"6525     Thu. Jun 29, 2006          1          0          3     "	6525	2006-06-29	"Thu"	"Evening"	"103"	1	0	3	4	"10"	"03"	1	3
"6524     Thu. Jun 29, 2006          6          9          6     "	6524	2006-06-29	"Thu"	"Midday"	"696"	6	9	6	21	"69"	"96"	15	15
"6523     Wed. Jun 28, 2006          2          3          0     "	6523	2006-06-28	"Wed"	"Evening"	"230"	2	3	0	5	"23"	"30"	5	3
"6522     Wed. Jun 28, 2006          4          8          2     "	6522	2006-06-28	"Wed"	"Midday"	"482"	4	8	2	14	"48"	"82"	12	10
"6521     Tue. Jun 27, 2006          0          4          7     "	6521	2006-06-27	"Tue"	"Evening"	"047"	0	4	7	11	"04"	"47"	4	11
"6520     Tue. Jun 27, 2006          5          3          4     "	6520	2006-06-27	"Tue"	"Midday"	"534"	5	3	4	12	"53"	"34"	8	7
"6519     Mon. Jun 26, 2006          1          9          9     "	6519	2006-06-26	"Mon"	"Evening"	"199"	1	9	9	19	"19"	"99"	10	18
"6518     Mon. Jun 26, 2006          9          0          4     "	6518	2006-06-26	"Mon"	"Midday"	"904"	9	0	4	13	"90"	"04"	9	4
"6517     Sun. Jun 25, 2006          7          3          7     "	6517	2006-06-25	"Sun"	"Evening"	"737"	7	3	7	17	"73"	"37"	10	10
"6516     Sun. Jun 25, 2006          7          2          6     "	6516	2006-06-25	"Sun"	"Midday"	"726"	7	2	6	15	"72"	"26"	9	8
"6515     Sat. Jun 24, 2006          9          0          8     "	6515	2006-06-24	"Sat"	"Evening"	"908"	9	0	8	17	"90"	"08"	9	8
"6514     Sat. Jun 24, 2006          8          4          2     "	6514	2006-06-24	"Sat"	"Midday"	"842"	8	4	2	14	"84"	"42"	12	6
"6513     Fri. Jun 23, 2006          5          8          6     "	6513	2006-06-23	"Fri"	"Evening"	"586"	5	8	6	19	"58"	"86"	13	14
"6512     Fri. Jun 23, 2006          5          8          1     "	6512	2006-06-23	"Fri"	"Midday"	"581"	5	8	1	14	"58"	"81"	13	9
"6511     Thu. Jun 22, 2006          2          2          5     "	6511	2006-06-22	"Thu"	"Evening"	"225"	2	2	5	9	"22"	"25"	4	7
"6510     Thu. Jun 22, 2006          6          6          3     "	6510	2006-06-22	"Thu"	"Midday"	"663"	6	6	3	15	"66"	"63"	12	9
"6509     Wed. Jun 21, 2006          0          9          0     "	6509	2006-06-21	"Wed"	"Evening"	"090"	0	9	0	9	"09"	"90"	9	9
"6508     Wed. Jun 21, 2006          0          0          8     "	6508	2006-06-21	"Wed"	"Midday"	"008"	0	0	8	8	"00"	"08"	0	8
"6507     Tue. Jun 20, 2006          7          5          7     "	6507	2006-06-20	"Tue"	"Evening"	"757"	7	5	7	19	"75"	"57"	12	12
"6506     Tue. Jun 20, 2006          6          2          2     "	6506	2006-06-20	"Tue"	"Midday"	"622"	6	2	2	10	"62"	"22"	8	4
"6505     Mon. Jun 19, 2006          3          1          5     "	6505	2006-06-19	"Mon"	"Evening"	"315"	3	1	5	9	"31"	"15"	4	6
"6504     Mon. Jun 19, 2006          3          6          2     "	6504	2006-06-19	"Mon"	"Midday"	"362"	3	6	2	11	"36"	"62"	9	8
"6503     Sun. Jun 18, 2006          1          9          9     "	6503	2006-06-18	"Sun"	"Evening"	"199"	1	9	9	19	"19"	"99"	10	18
"6502     Sun. Jun 18, 2006          9          8          3     "	6502	2006-06-18	"Sun"	"Midday"	"983"	9	8	3	20	"98"	"83"	17	11
"6501     Sat. Jun 17, 2006          3          6          4     "	6501	2006-06-17	"Sat"	"Evening"	"364"	3	6	4	13	"36"	"64"	9	10
"6500     Sat. Jun 17, 2006          9          9          4     "	6500	2006-06-17	"Sat"	"Midday"	"994"	9	9	4	22	"99"	"94"	18	13
"6499     Fri. Jun 16, 2006          4          9          1     "	6499	2006-06-16	"Fri"	"Evening"	"491"	4	9	1	14	"49"	"91"	13	10
"6498     Fri. Jun 16, 2006          7          7          0     "	6498	2006-06-16	"Fri"	"Midday"	"770"	7	7	0	14	"77"	"70"	14	7
"6497     Thu. Jun 15, 2006          3          8          4     "	6497	2006-06-15	"Thu"	"Evening"	"384"	3	8	4	15	"38"	"84"	11	12
"6496     Thu. Jun 15, 2006          6          8          9     "	6496	2006-06-15	"Thu"	"Midday"	"689"	6	8	9	23	"68"	"89"	14	17
"6495     Wed. Jun 14, 2006          8          8          8     "	6495	2006-06-14	"Wed"	"Evening"	"888"	8	8	8	24	"88"	"88"	16	16
"6494     Wed. Jun 14, 2006          9          4          9     "	6494	2006-06-14	"Wed"	"Midday"	"949"	9	4	9	22	"94"	"49"	13	13
"6493     Tue. Jun 13, 2006          5          5          3     "	6493	2006-06-13	"Tue"	"Evening"	"553"	5	5	3	13	"55"	"53"	10	8
"6492     Tue. Jun 13, 2006          2          7          0     "	6492	2006-06-13	"Tue"	"Midday"	"270"	2	7	0	9	"27"	"70"	9	7
"6491     Mon. Jun 12, 2006          0          2          4     "	6491	2006-06-12	"Mon"	"Evening"	"024"	0	2	4	6	"02"	"24"	2	6
"6490     Mon. Jun 12, 2006          8          1          2     "	6490	2006-06-12	"Mon"	"Midday"	"812"	8	1	2	11	"81"	"12"	9	3
"6489     Sun. Jun 11, 2006          7          5          7     "	6489	2006-06-11	"Sun"	"Evening"	"757"	7	5	7	19	"75"	"57"	12	12
"6488     Sun. Jun 11, 2006          4          4          2     "	6488	2006-06-11	"Sun"	"Midday"	"442"	4	4	2	10	"44"	"42"	8	6
"6487     Sat. Jun 10, 2006          9          3          5     "	6487	2006-06-10	"Sat"	"Evening"	"935"	9	3	5	17	"93"	"35"	12	8
"6486     Sat. Jun 10, 2006          5          7          2     "	6486	2006-06-10	"Sat"	"Midday"	"572"	5	7	2	14	"57"	"72"	12	9
"6485     Fri. Jun 09, 2006          4          4          9     "	6485	2006-06-09	"Fri"	"Evening"	"449"	4	4	9	17	"44"	"49"	8	13
"6484     Fri. Jun 09, 2006          4          8          6     "	6484	2006-06-09	"Fri"	"Midday"	"486"	4	8	6	18	"48"	"86"	12	14
"6483     Thu. Jun 08, 2006          0          5          3     "	6483	2006-06-08	"Thu"	"Evening"	"053"	0	5	3	8	"05"	"53"	5	8
"6482     Thu. Jun 08, 2006          4          8          5     "	6482	2006-06-08	"Thu"	"Midday"	"485"	4	8	5	17	"48"	"85"	12	13
"6481     Wed. Jun 07, 2006          3          0          3     "	6481	2006-06-07	"Wed"	"Evening"	"303"	3	0	3	6	"30"	"03"	3	3
"6480     Wed. Jun 07, 2006          5          7          1     "	6480	2006-06-07	"Wed"	"Midday"	"571"	5	7	1	13	"57"	"71"	12	8
"6479     Tue. Jun 06, 2006          7          5          4     "	6479	2006-06-06	"Tue"	"Evening"	"754"	7	5	4	16	"75"	"54"	12	9
"6478     Tue. Jun 06, 2006          5          8          3     "	6478	2006-06-06	"Tue"	"Midday"	"583"	5	8	3	16	"58"	"83"	13	11
"6477     Mon. Jun 05, 2006          4          6          7     "	6477	2006-06-05	"Mon"	"Evening"	"467"	4	6	7	17	"46"	"67"	10	13
"6476     Mon. Jun 05, 2006          0          1          5     "	6476	2006-06-05	"Mon"	"Midday"	"015"	0	1	5	6	"01"	"15"	1	6
"6475     Sun. Jun 04, 2006          5          4          6     "	6475	2006-06-04	"Sun"	"Evening"	"546"	5	4	6	15	"54"	"46"	9	10
"6474     Sun. Jun 04, 2006          8          5          6     "	6474	2006-06-04	"Sun"	"Midday"	"856"	8	5	6	19	"85"	"56"	13	11
"6473     Sat. Jun 03, 2006          4          6          2     "	6473	2006-06-03	"Sat"	"Evening"	"462"	4	6	2	12	"46"	"62"	10	8
"6472     Sat. Jun 03, 2006          0          1          7     "	6472	2006-06-03	"Sat"	"Midday"	"017"	0	1	7	8	"01"	"17"	1	8
"6471     Fri. Jun 02, 2006          6          8          2     "	6471	2006-06-02	"Fri"	"Evening"	"682"	6	8	2	16	"68"	"82"	14	10
"6470     Fri. Jun 02, 2006          9          2          8     "	6470	2006-06-02	"Fri"	"Midday"	"928"	9	2	8	19	"92"	"28"	11	10
"6469     Thu. Jun 01, 2006          0          2          9     "	6469	2006-06-01	"Thu"	"Evening"	"029"	0	2	9	11	"02"	"29"	2	11
"6468     Thu. Jun 01, 2006          5          1          9     "	6468	2006-06-01	"Thu"	"Midday"	"519"	5	1	9	15	"51"	"19"	6	10
"6467     Wed. May 31, 2006          1          1          3     "	6467	2006-05-31	"Wed"	"Evening"	"113"	1	1	3	5	"11"	"13"	2	4
"6466     Wed. May 31, 2006          5          2          2     "	6466	2006-05-31	"Wed"	"Midday"	"522"	5	2	2	9	"52"	"22"	7	4
"6465     Tue. May 30, 2006          6          7          1     "	6465	2006-05-30	"Tue"	"Evening"	"671"	6	7	1	14	"67"	"71"	13	8
"6464     Tue. May 30, 2006          7          1          2     "	6464	2006-05-30	"Tue"	"Midday"	"712"	7	1	2	10	"71"	"12"	8	3
"6463     Mon. May 29, 2006          0          7          4     "	6463	2006-05-29	"Mon"	"Evening"	"074"	0	7	4	11	"07"	"74"	7	11
"6462     Mon. May 29, 2006          2          1          5     "	6462	2006-05-29	"Mon"	"Midday"	"215"	2	1	5	8	"21"	"15"	3	6
"6461     Sun. May 28, 2006          1          4          6     "	6461	2006-05-28	"Sun"	"Evening"	"146"	1	4	6	11	"14"	"46"	5	10
"6460     Sun. May 28, 2006          1          5          7     "	6460	2006-05-28	"Sun"	"Midday"	"157"	1	5	7	13	"15"	"57"	6	12
"6459     Sat. May 27, 2006          4          5          0     "	6459	2006-05-27	"Sat"	"Evening"	"450"	4	5	0	9	"45"	"50"	9	5
"6458     Sat. May 27, 2006          6          8          1     "	6458	2006-05-27	"Sat"	"Midday"	"681"	6	8	1	15	"68"	"81"	14	9
"6457     Fri. May 26, 2006          1          3          5     "	6457	2006-05-26	"Fri"	"Evening"	"135"	1	3	5	9	"13"	"35"	4	8
"6456     Fri. May 26, 2006          3          8          0     "	6456	2006-05-26	"Fri"	"Midday"	"380"	3	8	0	11	"38"	"80"	11	8
"6455     Thu. May 25, 2006          6          2          8     "	6455	2006-05-25	"Thu"	"Evening"	"628"	6	2	8	16	"62"	"28"	8	10
"6454     Thu. May 25, 2006          8          0          1     "	6454	2006-05-25	"Thu"	"Midday"	"801"	8	0	1	9	"80"	"01"	8	1
"6453     Wed. May 24, 2006          3          9          2     "	6453	2006-05-24	"Wed"	"Evening"	"392"	3	9	2	14	"39"	"92"	12	11
"6452     Wed. May 24, 2006          5          6          2     "	6452	2006-05-24	"Wed"	"Midday"	"562"	5	6	2	13	"56"	"62"	11	8
"6451     Tue. May 23, 2006          9          3          4     "	6451	2006-05-23	"Tue"	"Evening"	"934"	9	3	4	16	"93"	"34"	12	7
"6450     Tue. May 23, 2006          8          7          3     "	6450	2006-05-23	"Tue"	"Midday"	"873"	8	7	3	18	"87"	"73"	15	10
"6449     Mon. May 22, 2006          3          3          5     "	6449	2006-05-22	"Mon"	"Evening"	"335"	3	3	5	11	"33"	"35"	6	8
"6448     Mon. May 22, 2006          6          9          5     "	6448	2006-05-22	"Mon"	"Midday"	"695"	6	9	5	20	"69"	"95"	15	14
"6447     Sun. May 21, 2006          2          1          5     "	6447	2006-05-21	"Sun"	"Evening"	"215"	2	1	5	8	"21"	"15"	3	6
"6446     Sun. May 21, 2006          2          4          6     "	6446	2006-05-21	"Sun"	"Midday"	"246"	2	4	6	12	"24"	"46"	6	10
"6445     Sat. May 20, 2006          7          1          4     "	6445	2006-05-20	"Sat"	"Evening"	"714"	7	1	4	12	"71"	"14"	8	5
"6444     Sat. May 20, 2006          0          9          9     "	6444	2006-05-20	"Sat"	"Midday"	"099"	0	9	9	18	"09"	"99"	9	18
"6443     Fri. May 19, 2006          4          5          4     "	6443	2006-05-19	"Fri"	"Evening"	"454"	4	5	4	13	"45"	"54"	9	9
"6442     Fri. May 19, 2006          3          6          4     "	6442	2006-05-19	"Fri"	"Midday"	"364"	3	6	4	13	"36"	"64"	9	10
"6441     Thu. May 18, 2006          3          8          8     "	6441	2006-05-18	"Thu"	"Evening"	"388"	3	8	8	19	"38"	"88"	11	16
"6440     Thu. May 18, 2006          6          3          2     "	6440	2006-05-18	"Thu"	"Midday"	"632"	6	3	2	11	"63"	"32"	9	5
"6439     Wed. May 17, 2006          2          4          5     "	6439	2006-05-17	"Wed"	"Evening"	"245"	2	4	5	11	"24"	"45"	6	9
"6438     Wed. May 17, 2006          4          9          6     "	6438	2006-05-17	"Wed"	"Midday"	"496"	4	9	6	19	"49"	"96"	13	15
"6437     Tue. May 16, 2006          1          0          1     "	6437	2006-05-16	"Tue"	"Evening"	"101"	1	0	1	2	"10"	"01"	1	1
"6436     Tue. May 16, 2006          4          8          9     "	6436	2006-05-16	"Tue"	"Midday"	"489"	4	8	9	21	"48"	"89"	12	17
"6435     Mon. May 15, 2006          8          4          5     "	6435	2006-05-15	"Mon"	"Evening"	"845"	8	4	5	17	"84"	"45"	12	9
"6434     Mon. May 15, 2006          6          2          7     "	6434	2006-05-15	"Mon"	"Midday"	"627"	6	2	7	15	"62"	"27"	8	9
"6433     Sun. May 14, 2006          1          7          1     "	6433	2006-05-14	"Sun"	"Evening"	"171"	1	7	1	9	"17"	"71"	8	8
"6432     Sun. May 14, 2006          6          8          6     "	6432	2006-05-14	"Sun"	"Midday"	"686"	6	8	6	20	"68"	"86"	14	14
"6431     Sat. May 13, 2006          4          4          7     "	6431	2006-05-13	"Sat"	"Evening"	"447"	4	4	7	15	"44"	"47"	8	11
"6430     Sat. May 13, 2006          8          6          6     "	6430	2006-05-13	"Sat"	"Midday"	"866"	8	6	6	20	"86"	"66"	14	12
"6429     Fri. May 12, 2006          6          2          9     "	6429	2006-05-12	"Fri"	"Evening"	"629"	6	2	9	17	"62"	"29"	8	11
"6428     Fri. May 12, 2006          4          1          2     "	6428	2006-05-12	"Fri"	"Midday"	"412"	4	1	2	7	"41"	"12"	5	3
"6427     Thu. May 11, 2006          1          5          4     "	6427	2006-05-11	"Thu"	"Evening"	"154"	1	5	4	10	"15"	"54"	6	9
"6426     Thu. May 11, 2006          5          7          4     "	6426	2006-05-11	"Thu"	"Midday"	"574"	5	7	4	16	"57"	"74"	12	11
"6425     Wed. May 10, 2006          0          8          0     "	6425	2006-05-10	"Wed"	"Evening"	"080"	0	8	0	8	"08"	"80"	8	8
"6424     Wed. May 10, 2006          4          8          0     "	6424	2006-05-10	"Wed"	"Midday"	"480"	4	8	0	12	"48"	"80"	12	8
"6423     Tue. May 09, 2006          6          8          0     "	6423	2006-05-09	"Tue"	"Evening"	"680"	6	8	0	14	"68"	"80"	14	8
"6422     Tue. May 09, 2006          5          7          6     "	6422	2006-05-09	"Tue"	"Midday"	"576"	5	7	6	18	"57"	"76"	12	13
"6421     Mon. May 08, 2006          9          5          3     "	6421	2006-05-08	"Mon"	"Evening"	"953"	9	5	3	17	"95"	"53"	14	8
"6420     Mon. May 08, 2006          1          9          7     "	6420	2006-05-08	"Mon"	"Midday"	"197"	1	9	7	17	"19"	"97"	10	16
"6419     Sun. May 07, 2006          3          5          7     "	6419	2006-05-07	"Sun"	"Evening"	"357"	3	5	7	15	"35"	"57"	8	12
"6418     Sun. May 07, 2006          3          5          1     "	6418	2006-05-07	"Sun"	"Midday"	"351"	3	5	1	9	"35"	"51"	8	6
"6417     Sat. May 06, 2006          2          2          4     "	6417	2006-05-06	"Sat"	"Evening"	"224"	2	2	4	8	"22"	"24"	4	6
"6416     Sat. May 06, 2006          6          5          7     "	6416	2006-05-06	"Sat"	"Midday"	"657"	6	5	7	18	"65"	"57"	11	12
"6415     Fri. May 05, 2006          1          9          5     "	6415	2006-05-05	"Fri"	"Evening"	"195"	1	9	5	15	"19"	"95"	10	14
"6414     Fri. May 05, 2006          7          6          4     "	6414	2006-05-05	"Fri"	"Midday"	"764"	7	6	4	17	"76"	"64"	13	10
"6413     Thu. May 04, 2006          7          2          0     "	6413	2006-05-04	"Thu"	"Evening"	"720"	7	2	0	9	"72"	"20"	9	2
"6412     Thu. May 04, 2006          6          5          5     "	6412	2006-05-04	"Thu"	"Midday"	"655"	6	5	5	16	"65"	"55"	11	10
"6411     Wed. May 03, 2006          1          4          3     "	6411	2006-05-03	"Wed"	"Evening"	"143"	1	4	3	8	"14"	"43"	5	7
"6410     Wed. May 03, 2006          5          1          6     "	6410	2006-05-03	"Wed"	"Midday"	"516"	5	1	6	12	"51"	"16"	6	7
"6409     Tue. May 02, 2006          4          3          4     "	6409	2006-05-02	"Tue"	"Evening"	"434"	4	3	4	11	"43"	"34"	7	7
"6408     Tue. May 02, 2006          6          3          8     "	6408	2006-05-02	"Tue"	"Midday"	"638"	6	3	8	17	"63"	"38"	9	11
"6407     Mon. May 01, 2006          8          0          1     "	6407	2006-05-01	"Mon"	"Evening"	"801"	8	0	1	9	"80"	"01"	8	1
"6406     Mon. May 01, 2006          3          8          2     "	6406	2006-05-01	"Mon"	"Midday"	"382"	3	8	2	13	"38"	"82"	11	10
"6405     Sun. Apr 30, 2006          3          4          0     "	6405	2006-04-30	"Sun"	"Evening"	"340"	3	4	0	7	"34"	"40"	7	4
"6404     Sun. Apr 30, 2006          6          2          2     "	6404	2006-04-30	"Sun"	"Midday"	"622"	6	2	2	10	"62"	"22"	8	4
"6403     Sat. Apr 29, 2006          1          4          3     "	6403	2006-04-29	"Sat"	"Evening"	"143"	1	4	3	8	"14"	"43"	5	7
"6402     Sat. Apr 29, 2006          7          9          4     "	6402	2006-04-29	"Sat"	"Midday"	"794"	7	9	4	20	"79"	"94"	16	13
"6401     Fri. Apr 28, 2006          5          8          2     "	6401	2006-04-28	"Fri"	"Evening"	"582"	5	8	2	15	"58"	"82"	13	10
"6400     Fri. Apr 28, 2006          7          9          3     "	6400	2006-04-28	"Fri"	"Midday"	"793"	7	9	3	19	"79"	"93"	16	12
"6399     Thu. Apr 27, 2006          3          5          1     "	6399	2006-04-27	"Thu"	"Evening"	"351"	3	5	1	9	"35"	"51"	8	6
"6398     Thu. Apr 27, 2006          0          6          8     "	6398	2006-04-27	"Thu"	"Midday"	"068"	0	6	8	14	"06"	"68"	6	14
"6397     Wed. Apr 26, 2006          1          2          7     "	6397	2006-04-26	"Wed"	"Evening"	"127"	1	2	7	10	"12"	"27"	3	9
"6396     Wed. Apr 26, 2006          7          7          0     "	6396	2006-04-26	"Wed"	"Midday"	"770"	7	7	0	14	"77"	"70"	14	7
"6395     Tue. Apr 25, 2006          7          7          1     "	6395	2006-04-25	"Tue"	"Evening"	"771"	7	7	1	15	"77"	"71"	14	8
"6394     Tue. Apr 25, 2006          3          1          4     "	6394	2006-04-25	"Tue"	"Midday"	"314"	3	1	4	8	"31"	"14"	4	5
"6393     Mon. Apr 24, 2006          7          2          0     "	6393	2006-04-24	"Mon"	"Evening"	"720"	7	2	0	9	"72"	"20"	9	2
"6392     Mon. Apr 24, 2006          5          6          0     "	6392	2006-04-24	"Mon"	"Midday"	"560"	5	6	0	11	"56"	"60"	11	6
"6391     Sun. Apr 23, 2006          6          4          1     "	6391	2006-04-23	"Sun"	"Evening"	"641"	6	4	1	11	"64"	"41"	10	5
"6390     Sun. Apr 23, 2006          8          2          0     "	6390	2006-04-23	"Sun"	"Midday"	"820"	8	2	0	10	"82"	"20"	10	2
"6389     Sat. Apr 22, 2006          4          7          8     "	6389	2006-04-22	"Sat"	"Evening"	"478"	4	7	8	19	"47"	"78"	11	15
"6388     Sat. Apr 22, 2006          5          7          7     "	6388	2006-04-22	"Sat"	"Midday"	"577"	5	7	7	19	"57"	"77"	12	14
"6387     Fri. Apr 21, 2006          2          5          2     "	6387	2006-04-21	"Fri"	"Evening"	"252"	2	5	2	9	"25"	"52"	7	7
"6386     Fri. Apr 21, 2006          5          2          9     "	6386	2006-04-21	"Fri"	"Midday"	"529"	5	2	9	16	"52"	"29"	7	11
"6385     Thu. Apr 20, 2006          0          2          4     "	6385	2006-04-20	"Thu"	"Evening"	"024"	0	2	4	6	"02"	"24"	2	6
"6384     Thu. Apr 20, 2006          1          5          9     "	6384	2006-04-20	"Thu"	"Midday"	"159"	1	5	9	15	"15"	"59"	6	14
"6383     Wed. Apr 19, 2006          3          9          2     "	6383	2006-04-19	"Wed"	"Evening"	"392"	3	9	2	14	"39"	"92"	12	11
"6382     Wed. Apr 19, 2006          1          5          9     "	6382	2006-04-19	"Wed"	"Midday"	"159"	1	5	9	15	"15"	"59"	6	14
"6381     Tue. Apr 18, 2006          5          0          1     "	6381	2006-04-18	"Tue"	"Evening"	"501"	5	0	1	6	"50"	"01"	5	1
"6380     Tue. Apr 18, 2006          1          8          3     "	6380	2006-04-18	"Tue"	"Midday"	"183"	1	8	3	12	"18"	"83"	9	11
"6379     Mon. Apr 17, 2006          4          1          0     "	6379	2006-04-17	"Mon"	"Evening"	"410"	4	1	0	5	"41"	"10"	5	1
"6378     Mon. Apr 17, 2006          3          0          4     "	6378	2006-04-17	"Mon"	"Midday"	"304"	3	0	4	7	"30"	"04"	3	4
"6377     Sun. Apr 16, 2006          1          7          4     "	6377	2006-04-16	"Sun"	"Evening"	"174"	1	7	4	12	"17"	"74"	8	11
"6376     Sun. Apr 16, 2006          6          1          8     "	6376	2006-04-16	"Sun"	"Midday"	"618"	6	1	8	15	"61"	"18"	7	9
"6375     Sat. Apr 15, 2006          1          5          2     "	6375	2006-04-15	"Sat"	"Evening"	"152"	1	5	2	8	"15"	"52"	6	7
"6374     Sat. Apr 15, 2006          7          3          4     "	6374	2006-04-15	"Sat"	"Midday"	"734"	7	3	4	14	"73"	"34"	10	7
"6373     Fri. Apr 14, 2006          3          1          4     "	6373	2006-04-14	"Fri"	"Evening"	"314"	3	1	4	8	"31"	"14"	4	5
"6372     Fri. Apr 14, 2006          8          6          3     "	6372	2006-04-14	"Fri"	"Midday"	"863"	8	6	3	17	"86"	"63"	14	9
"6371     Thu. Apr 13, 2006          8          3          9     "	6371	2006-04-13	"Thu"	"Evening"	"839"	8	3	9	20	"83"	"39"	11	12
"6370     Thu. Apr 13, 2006          7          3          9     "	6370	2006-04-13	"Thu"	"Midday"	"739"	7	3	9	19	"73"	"39"	10	12
"6369     Wed. Apr 12, 2006          3          9          0     "	6369	2006-04-12	"Wed"	"Evening"	"390"	3	9	0	12	"39"	"90"	12	9
"6368     Wed. Apr 12, 2006          6          2          4     "	6368	2006-04-12	"Wed"	"Midday"	"624"	6	2	4	12	"62"	"24"	8	6
"6367     Tue. Apr 11, 2006          7          2          6     "	6367	2006-04-11	"Tue"	"Evening"	"726"	7	2	6	15	"72"	"26"	9	8
"6366     Tue. Apr 11, 2006          2          2          0     "	6366	2006-04-11	"Tue"	"Midday"	"220"	2	2	0	4	"22"	"20"	4	2
"6365     Mon. Apr 10, 2006          5          3          0     "	6365	2006-04-10	"Mon"	"Evening"	"530"	5	3	0	8	"53"	"30"	8	3
"6364     Mon. Apr 10, 2006          5          7          5     "	6364	2006-04-10	"Mon"	"Midday"	"575"	5	7	5	17	"57"	"75"	12	12
"6363     Sun. Apr 09, 2006          0          1          9     "	6363	2006-04-09	"Sun"	"Evening"	"019"	0	1	9	10	"01"	"19"	1	10
"6362     Sun. Apr 09, 2006          8          5          3     "	6362	2006-04-09	"Sun"	"Midday"	"853"	8	5	3	16	"85"	"53"	13	8
"6361     Sat. Apr 08, 2006          0          4          8     "	6361	2006-04-08	"Sat"	"Evening"	"048"	0	4	8	12	"04"	"48"	4	12
"6360     Sat. Apr 08, 2006          0          8          2     "	6360	2006-04-08	"Sat"	"Midday"	"082"	0	8	2	10	"08"	"82"	8	10
"6359     Fri. Apr 07, 2006          4          9          0     "	6359	2006-04-07	"Fri"	"Evening"	"490"	4	9	0	13	"49"	"90"	13	9
"6358     Fri. Apr 07, 2006          3          4          9     "	6358	2006-04-07	"Fri"	"Midday"	"349"	3	4	9	16	"34"	"49"	7	13
"6357     Thu. Apr 06, 2006          3          5          2     "	6357	2006-04-06	"Thu"	"Evening"	"352"	3	5	2	10	"35"	"52"	8	7
"6356     Thu. Apr 06, 2006          3          3          1     "	6356	2006-04-06	"Thu"	"Midday"	"331"	3	3	1	7	"33"	"31"	6	4
"6355     Wed. Apr 05, 2006          1          8          4     "	6355	2006-04-05	"Wed"	"Evening"	"184"	1	8	4	13	"18"	"84"	9	12
"6354     Wed. Apr 05, 2006          6          6          1     "	6354	2006-04-05	"Wed"	"Midday"	"661"	6	6	1	13	"66"	"61"	12	7
"6353     Tue. Apr 04, 2006          3          6          3     "	6353	2006-04-04	"Tue"	"Evening"	"363"	3	6	3	12	"36"	"63"	9	9
"6352     Tue. Apr 04, 2006          7          4          2     "	6352	2006-04-04	"Tue"	"Midday"	"742"	7	4	2	13	"74"	"42"	11	6
"6351     Mon. Apr 03, 2006          3          7          8     "	6351	2006-04-03	"Mon"	"Evening"	"378"	3	7	8	18	"37"	"78"	10	15
"6350     Mon. Apr 03, 2006          3          8          9     "	6350	2006-04-03	"Mon"	"Midday"	"389"	3	8	9	20	"38"	"89"	11	17
"6349     Sun. Apr 02, 2006          6          5          4     "	6349	2006-04-02	"Sun"	"Evening"	"654"	6	5	4	15	"65"	"54"	11	9
"6348     Sun. Apr 02, 2006          5          5          9     "	6348	2006-04-02	"Sun"	"Midday"	"559"	5	5	9	19	"55"	"59"	10	14
"6347     Sat. Apr 01, 2006          5          4          2     "	6347	2006-04-01	"Sat"	"Evening"	"542"	5	4	2	11	"54"	"42"	9	6
"6346     Sat. Apr 01, 2006          3          6          0     "	6346	2006-04-01	"Sat"	"Midday"	"360"	3	6	0	9	"36"	"60"	9	6
"6345     Fri. Mar 31, 2006          9          4          6     "	6345	2006-03-31	"Fri"	"Evening"	"946"	9	4	6	19	"94"	"46"	13	10
"6344     Fri. Mar 31, 2006          3          9          9     "	6344	2006-03-31	"Fri"	"Midday"	"399"	3	9	9	21	"39"	"99"	12	18
"6343     Thu. Mar 30, 2006          8          9          3     "	6343	2006-03-30	"Thu"	"Evening"	"893"	8	9	3	20	"89"	"93"	17	12
"6342     Thu. Mar 30, 2006          7          4          3     "	6342	2006-03-30	"Thu"	"Midday"	"743"	7	4	3	14	"74"	"43"	11	7
"6341     Wed. Mar 29, 2006          0          4          3     "	6341	2006-03-29	"Wed"	"Evening"	"043"	0	4	3	7	"04"	"43"	4	7
"6340     Wed. Mar 29, 2006          9          4          3     "	6340	2006-03-29	"Wed"	"Midday"	"943"	9	4	3	16	"94"	"43"	13	7
"6339     Tue. Mar 28, 2006          0          5          2     "	6339	2006-03-28	"Tue"	"Evening"	"052"	0	5	2	7	"05"	"52"	5	7
"6338     Tue. Mar 28, 2006          2          3          5     "	6338	2006-03-28	"Tue"	"Midday"	"235"	2	3	5	10	"23"	"35"	5	8
"6337     Mon. Mar 27, 2006          3          0          5     "	6337	2006-03-27	"Mon"	"Evening"	"305"	3	0	5	8	"30"	"05"	3	5
"6336     Mon. Mar 27, 2006          2          8          4     "	6336	2006-03-27	"Mon"	"Midday"	"284"	2	8	4	14	"28"	"84"	10	12
"6335     Sun. Mar 26, 2006          0          2          1     "	6335	2006-03-26	"Sun"	"Evening"	"021"	0	2	1	3	"02"	"21"	2	3
"6334     Sun. Mar 26, 2006          1          9          6     "	6334	2006-03-26	"Sun"	"Midday"	"196"	1	9	6	16	"19"	"96"	10	15
"6333     Sat. Mar 25, 2006          1          8          3     "	6333	2006-03-25	"Sat"	"Evening"	"183"	1	8	3	12	"18"	"83"	9	11
"6332     Sat. Mar 25, 2006          7          9          9     "	6332	2006-03-25	"Sat"	"Midday"	"799"	7	9	9	25	"79"	"99"	16	18
"6331     Fri. Mar 24, 2006          1          7          4     "	6331	2006-03-24	"Fri"	"Evening"	"174"	1	7	4	12	"17"	"74"	8	11
"6330     Fri. Mar 24, 2006          7          8          3     "	6330	2006-03-24	"Fri"	"Midday"	"783"	7	8	3	18	"78"	"83"	15	11
"6329     Thu. Mar 23, 2006          8          2          7     "	6329	2006-03-23	"Thu"	"Evening"	"827"	8	2	7	17	"82"	"27"	10	9
"6328     Thu. Mar 23, 2006          9          2          0     "	6328	2006-03-23	"Thu"	"Midday"	"920"	9	2	0	11	"92"	"20"	11	2
"6327     Wed. Mar 22, 2006          4          7          1     "	6327	2006-03-22	"Wed"	"Evening"	"471"	4	7	1	12	"47"	"71"	11	8
"6326     Wed. Mar 22, 2006          1          3          0     "	6326	2006-03-22	"Wed"	"Midday"	"130"	1	3	0	4	"13"	"30"	4	3
"6325     Tue. Mar 21, 2006          0          5          1     "	6325	2006-03-21	"Tue"	"Evening"	"051"	0	5	1	6	"05"	"51"	5	6
"6324     Tue. Mar 21, 2006          3          2          2     "	6324	2006-03-21	"Tue"	"Midday"	"322"	3	2	2	7	"32"	"22"	5	4
"6323     Mon. Mar 20, 2006          2          7          5     "	6323	2006-03-20	"Mon"	"Evening"	"275"	2	7	5	14	"27"	"75"	9	12
"6322     Mon. Mar 20, 2006          0          9          9     "	6322	2006-03-20	"Mon"	"Midday"	"099"	0	9	9	18	"09"	"99"	9	18
"6321     Sun. Mar 19, 2006          2          7          9     "	6321	2006-03-19	"Sun"	"Evening"	"279"	2	7	9	18	"27"	"79"	9	16
"6320     Sun. Mar 19, 2006          2          8          5     "	6320	2006-03-19	"Sun"	"Midday"	"285"	2	8	5	15	"28"	"85"	10	13
"6319     Sat. Mar 18, 2006          8          0          2     "	6319	2006-03-18	"Sat"	"Evening"	"802"	8	0	2	10	"80"	"02"	8	2
"6318     Sat. Mar 18, 2006          2          1          8     "	6318	2006-03-18	"Sat"	"Midday"	"218"	2	1	8	11	"21"	"18"	3	9
"6317     Fri. Mar 17, 2006          9          6          7     "	6317	2006-03-17	"Fri"	"Evening"	"967"	9	6	7	22	"96"	"67"	15	13
"6316     Fri. Mar 17, 2006          8          0          6     "	6316	2006-03-17	"Fri"	"Midday"	"806"	8	0	6	14	"80"	"06"	8	6
"6315     Thu. Mar 16, 2006          7          3          5     "	6315	2006-03-16	"Thu"	"Evening"	"735"	7	3	5	15	"73"	"35"	10	8
"6314     Thu. Mar 16, 2006          6          7          1     "	6314	2006-03-16	"Thu"	"Midday"	"671"	6	7	1	14	"67"	"71"	13	8
"6313     Wed. Mar 15, 2006          1          2          5     "	6313	2006-03-15	"Wed"	"Evening"	"125"	1	2	5	8	"12"	"25"	3	7
"6312     Wed. Mar 15, 2006          5          1          6     "	6312	2006-03-15	"Wed"	"Midday"	"516"	5	1	6	12	"51"	"16"	6	7
"6311     Tue. Mar 14, 2006          5          1          1     "	6311	2006-03-14	"Tue"	"Evening"	"511"	5	1	1	7	"51"	"11"	6	2
"6310     Tue. Mar 14, 2006          4          3          5     "	6310	2006-03-14	"Tue"	"Midday"	"435"	4	3	5	12	"43"	"35"	7	8
"6309     Mon. Mar 13, 2006          9          9          8     "	6309	2006-03-13	"Mon"	"Evening"	"998"	9	9	8	26	"99"	"98"	18	17
"6308     Mon. Mar 13, 2006          9          4          2     "	6308	2006-03-13	"Mon"	"Midday"	"942"	9	4	2	15	"94"	"42"	13	6
"6307     Sun. Mar 12, 2006          2          5          8     "	6307	2006-03-12	"Sun"	"Evening"	"258"	2	5	8	15	"25"	"58"	7	13
"6306     Sun. Mar 12, 2006          1          0          4     "	6306	2006-03-12	"Sun"	"Midday"	"104"	1	0	4	5	"10"	"04"	1	4
"6305     Sat. Mar 11, 2006          6          3          6     "	6305	2006-03-11	"Sat"	"Evening"	"636"	6	3	6	15	"63"	"36"	9	9
"6304     Sat. Mar 11, 2006          8          9          1     "	6304	2006-03-11	"Sat"	"Midday"	"891"	8	9	1	18	"89"	"91"	17	10
"6303     Fri. Mar 10, 2006          4          5          1     "	6303	2006-03-10	"Fri"	"Evening"	"451"	4	5	1	10	"45"	"51"	9	6
"6302     Fri. Mar 10, 2006          3          8          0     "	6302	2006-03-10	"Fri"	"Midday"	"380"	3	8	0	11	"38"	"80"	11	8
"6301     Thu. Mar 09, 2006          1          1          1     "	6301	2006-03-09	"Thu"	"Evening"	"111"	1	1	1	3	"11"	"11"	2	2
"6300     Thu. Mar 09, 2006          1          5          0     "	6300	2006-03-09	"Thu"	"Midday"	"150"	1	5	0	6	"15"	"50"	6	5
"6299     Wed. Mar 08, 2006          8          1          3     "	6299	2006-03-08	"Wed"	"Evening"	"813"	8	1	3	12	"81"	"13"	9	4
"6298     Wed. Mar 08, 2006          8          2          5     "	6298	2006-03-08	"Wed"	"Midday"	"825"	8	2	5	15	"82"	"25"	10	7
"6297     Tue. Mar 07, 2006          5          6          3     "	6297	2006-03-07	"Tue"	"Evening"	"563"	5	6	3	14	"56"	"63"	11	9
"6296     Tue. Mar 07, 2006          5          7          0     "	6296	2006-03-07	"Tue"	"Midday"	"570"	5	7	0	12	"57"	"70"	12	7
"6295     Mon. Mar 06, 2006          8          0          8     "	6295	2006-03-06	"Mon"	"Evening"	"808"	8	0	8	16	"80"	"08"	8	8
"6294     Mon. Mar 06, 2006          1          1          7     "	6294	2006-03-06	"Mon"	"Midday"	"117"	1	1	7	9	"11"	"17"	2	8
"6293     Sun. Mar 05, 2006          4          3          6     "	6293	2006-03-05	"Sun"	"Evening"	"436"	4	3	6	13	"43"	"36"	7	9
"6292     Sun. Mar 05, 2006          7          8          9     "	6292	2006-03-05	"Sun"	"Midday"	"789"	7	8	9	24	"78"	"89"	15	17
"6291     Sat. Mar 04, 2006          0          3          0     "	6291	2006-03-04	"Sat"	"Evening"	"030"	0	3	0	3	"03"	"30"	3	3
"6290     Sat. Mar 04, 2006          8          4          0     "	6290	2006-03-04	"Sat"	"Midday"	"840"	8	4	0	12	"84"	"40"	12	4
"6289     Fri. Mar 03, 2006          4          9          3     "	6289	2006-03-03	"Fri"	"Evening"	"493"	4	9	3	16	"49"	"93"	13	12
"6288     Fri. Mar 03, 2006          9          3          1     "	6288	2006-03-03	"Fri"	"Midday"	"931"	9	3	1	13	"93"	"31"	12	4
"6287     Thu. Mar 02, 2006          4          4          5     "	6287	2006-03-02	"Thu"	"Evening"	"445"	4	4	5	13	"44"	"45"	8	9
"6286     Thu. Mar 02, 2006          6          4          1     "	6286	2006-03-02	"Thu"	"Midday"	"641"	6	4	1	11	"64"	"41"	10	5
"6285     Wed. Mar 01, 2006          9          9          7     "	6285	2006-03-01	"Wed"	"Evening"	"997"	9	9	7	25	"99"	"97"	18	16
"6284     Wed. Mar 01, 2006          0          3          8     "	6284	2006-03-01	"Wed"	"Midday"	"038"	0	3	8	11	"03"	"38"	3	11
"6283     Tue. Feb 28, 2006          3          2          3     "	6283	2006-02-28	"Tue"	"Evening"	"323"	3	2	3	8	"32"	"23"	5	5
"6282     Tue. Feb 28, 2006          8          9          2     "	6282	2006-02-28	"Tue"	"Midday"	"892"	8	9	2	19	"89"	"92"	17	11
"6281     Mon. Feb 27, 2006          4          9          0     "	6281	2006-02-27	"Mon"	"Evening"	"490"	4	9	0	13	"49"	"90"	13	9
"6280     Mon. Feb 27, 2006          6          9          0     "	6280	2006-02-27	"Mon"	"Midday"	"690"	6	9	0	15	"69"	"90"	15	9
"6279     Sun. Feb 26, 2006          3          2          6     "	6279	2006-02-26	"Sun"	"Evening"	"326"	3	2	6	11	"32"	"26"	5	8
"6278     Sun. Feb 26, 2006          7          5          7     "	6278	2006-02-26	"Sun"	"Midday"	"757"	7	5	7	19	"75"	"57"	12	12
"6277     Sat. Feb 25, 2006          1          9          5     "	6277	2006-02-25	"Sat"	"Evening"	"195"	1	9	5	15	"19"	"95"	10	14
"6276     Sat. Feb 25, 2006          0          9          1     "	6276	2006-02-25	"Sat"	"Midday"	"091"	0	9	1	10	"09"	"91"	9	10
"6275     Fri. Feb 24, 2006          6          7          5     "	6275	2006-02-24	"Fri"	"Evening"	"675"	6	7	5	18	"67"	"75"	13	12
"6274     Fri. Feb 24, 2006          0          8          4     "	6274	2006-02-24	"Fri"	"Midday"	"084"	0	8	4	12	"08"	"84"	8	12
"6273     Thu. Feb 23, 2006          1          7          2     "	6273	2006-02-23	"Thu"	"Evening"	"172"	1	7	2	10	"17"	"72"	8	9
"6272     Thu. Feb 23, 2006          4          1          6     "	6272	2006-02-23	"Thu"	"Midday"	"416"	4	1	6	11	"41"	"16"	5	7
"6271     Wed. Feb 22, 2006          4          8          1     "	6271	2006-02-22	"Wed"	"Evening"	"481"	4	8	1	13	"48"	"81"	12	9
"6270     Wed. Feb 22, 2006          5          9          7     "	6270	2006-02-22	"Wed"	"Midday"	"597"	5	9	7	21	"59"	"97"	14	16
"6269     Tue. Feb 21, 2006          2          1          1     "	6269	2006-02-21	"Tue"	"Evening"	"211"	2	1	1	4	"21"	"11"	3	2
"6268     Tue. Feb 21, 2006          8          3          0     "	6268	2006-02-21	"Tue"	"Midday"	"830"	8	3	0	11	"83"	"30"	11	3
"6267     Mon. Feb 20, 2006          4          7          1     "	6267	2006-02-20	"Mon"	"Evening"	"471"	4	7	1	12	"47"	"71"	11	8
"6266     Mon. Feb 20, 2006          2          8          1     "	6266	2006-02-20	"Mon"	"Midday"	"281"	2	8	1	11	"28"	"81"	10	9
"6265     Sun. Feb 19, 2006          2          1          9     "	6265	2006-02-19	"Sun"	"Evening"	"219"	2	1	9	12	"21"	"19"	3	10
"6264     Sun. Feb 19, 2006          1          7          3     "	6264	2006-02-19	"Sun"	"Midday"	"173"	1	7	3	11	"17"	"73"	8	10
"6263     Sat. Feb 18, 2006          4          4          3     "	6263	2006-02-18	"Sat"	"Evening"	"443"	4	4	3	11	"44"	"43"	8	7
"6262     Sat. Feb 18, 2006          9          6          6     "	6262	2006-02-18	"Sat"	"Midday"	"966"	9	6	6	21	"96"	"66"	15	12
"6261     Fri. Feb 17, 2006          0          7          8     "	6261	2006-02-17	"Fri"	"Evening"	"078"	0	7	8	15	"07"	"78"	7	15
"6260     Fri. Feb 17, 2006          2          5          3     "	6260	2006-02-17	"Fri"	"Midday"	"253"	2	5	3	10	"25"	"53"	7	8
"6259     Thu. Feb 16, 2006          1          3          1     "	6259	2006-02-16	"Thu"	"Evening"	"131"	1	3	1	5	"13"	"31"	4	4
"6258     Thu. Feb 16, 2006          5          2          1     "	6258	2006-02-16	"Thu"	"Midday"	"521"	5	2	1	8	"52"	"21"	7	3
"6257     Wed. Feb 15, 2006          4          7          1     "	6257	2006-02-15	"Wed"	"Evening"	"471"	4	7	1	12	"47"	"71"	11	8
"6256     Wed. Feb 15, 2006          2          3          8     "	6256	2006-02-15	"Wed"	"Midday"	"238"	2	3	8	13	"23"	"38"	5	11
"6255     Tue. Feb 14, 2006          4          8          7     "	6255	2006-02-14	"Tue"	"Evening"	"487"	4	8	7	19	"48"	"87"	12	15
"6254     Tue. Feb 14, 2006          0          6          7     "	6254	2006-02-14	"Tue"	"Midday"	"067"	0	6	7	13	"06"	"67"	6	13
"6253     Mon. Feb 13, 2006          3          7          0     "	6253	2006-02-13	"Mon"	"Evening"	"370"	3	7	0	10	"37"	"70"	10	7
"6252     Mon. Feb 13, 2006          2          0          3     "	6252	2006-02-13	"Mon"	"Midday"	"203"	2	0	3	5	"20"	"03"	2	3
"6251     Sun. Feb 12, 2006          2          4          3     "	6251	2006-02-12	"Sun"	"Evening"	"243"	2	4	3	9	"24"	"43"	6	7
"6250     Sun. Feb 12, 2006          8          9          3     "	6250	2006-02-12	"Sun"	"Midday"	"893"	8	9	3	20	"89"	"93"	17	12
"6249     Sat. Feb 11, 2006          8          7          0     "	6249	2006-02-11	"Sat"	"Evening"	"870"	8	7	0	15	"87"	"70"	15	7
"6248     Sat. Feb 11, 2006          8          8          9     "	6248	2006-02-11	"Sat"	"Midday"	"889"	8	8	9	25	"88"	"89"	16	17
"6247     Fri. Feb 10, 2006          2          5          3     "	6247	2006-02-10	"Fri"	"Evening"	"253"	2	5	3	10	"25"	"53"	7	8
"6246     Fri. Feb 10, 2006          4          3          4     "	6246	2006-02-10	"Fri"	"Midday"	"434"	4	3	4	11	"43"	"34"	7	7
"6245     Thu. Feb 09, 2006          4          7          0     "	6245	2006-02-09	"Thu"	"Evening"	"470"	4	7	0	11	"47"	"70"	11	7
"6244     Thu. Feb 09, 2006          7          1          7     "	6244	2006-02-09	"Thu"	"Midday"	"717"	7	1	7	15	"71"	"17"	8	8
"6243     Wed. Feb 08, 2006          8          7          0     "	6243	2006-02-08	"Wed"	"Evening"	"870"	8	7	0	15	"87"	"70"	15	7
"6242     Wed. Feb 08, 2006          3          5          4     "	6242	2006-02-08	"Wed"	"Midday"	"354"	3	5	4	12	"35"	"54"	8	9
"6241     Tue. Feb 07, 2006          3          0          1     "	6241	2006-02-07	"Tue"	"Evening"	"301"	3	0	1	4	"30"	"01"	3	1
"6240     Tue. Feb 07, 2006          6          5          2     "	6240	2006-02-07	"Tue"	"Midday"	"652"	6	5	2	13	"65"	"52"	11	7
"6239     Mon. Feb 06, 2006          9          1          2     "	6239	2006-02-06	"Mon"	"Evening"	"912"	9	1	2	12	"91"	"12"	10	3
"6238     Mon. Feb 06, 2006          5          1          6     "	6238	2006-02-06	"Mon"	"Midday"	"516"	5	1	6	12	"51"	"16"	6	7
"6237     Sun. Feb 05, 2006          5          6          8     "	6237	2006-02-05	"Sun"	"Evening"	"568"	5	6	8	19	"56"	"68"	11	14
"6236     Sun. Feb 05, 2006          7          2          4     "	6236	2006-02-05	"Sun"	"Midday"	"724"	7	2	4	13	"72"	"24"	9	6
"6235     Sat. Feb 04, 2006          1          6          7     "	6235	2006-02-04	"Sat"	"Evening"	"167"	1	6	7	14	"16"	"67"	7	13
"6234     Sat. Feb 04, 2006          9          8          4     "	6234	2006-02-04	"Sat"	"Midday"	"984"	9	8	4	21	"98"	"84"	17	12
"6233     Fri. Feb 03, 2006          2          6          4     "	6233	2006-02-03	"Fri"	"Evening"	"264"	2	6	4	12	"26"	"64"	8	10
"6232     Fri. Feb 03, 2006          6          4          8     "	6232	2006-02-03	"Fri"	"Midday"	"648"	6	4	8	18	"64"	"48"	10	12
"6231     Thu. Feb 02, 2006          7          8          1     "	6231	2006-02-02	"Thu"	"Evening"	"781"	7	8	1	16	"78"	"81"	15	9
"6230     Thu. Feb 02, 2006          6          3          6     "	6230	2006-02-02	"Thu"	"Midday"	"636"	6	3	6	15	"63"	"36"	9	9
"6229     Wed. Feb 01, 2006          6          2          0     "	6229	2006-02-01	"Wed"	"Evening"	"620"	6	2	0	8	"62"	"20"	8	2
"6228     Wed. Feb 01, 2006          4          5          0     "	6228	2006-02-01	"Wed"	"Midday"	"450"	4	5	0	9	"45"	"50"	9	5
"6227     Tue. Jan 31, 2006          6          6          1     "	6227	2006-01-31	"Tue"	"Evening"	"661"	6	6	1	13	"66"	"61"	12	7
"6226     Tue. Jan 31, 2006          6          0          2     "	6226	2006-01-31	"Tue"	"Midday"	"602"	6	0	2	8	"60"	"02"	6	2
"6225     Mon. Jan 30, 2006          7          6          8     "	6225	2006-01-30	"Mon"	"Evening"	"768"	7	6	8	21	"76"	"68"	13	14
"6224     Mon. Jan 30, 2006          6          8          0     "	6224	2006-01-30	"Mon"	"Midday"	"680"	6	8	0	14	"68"	"80"	14	8
"6223     Sun. Jan 29, 2006          6          0          3     "	6223	2006-01-29	"Sun"	"Evening"	"603"	6	0	3	9	"60"	"03"	6	3
"6222     Sun. Jan 29, 2006          8          0          1     "	6222	2006-01-29	"Sun"	"Midday"	"801"	8	0	1	9	"80"	"01"	8	1
"6221     Sat. Jan 28, 2006          7          0          3     "	6221	2006-01-28	"Sat"	"Evening"	"703"	7	0	3	10	"70"	"03"	7	3
"6220     Sat. Jan 28, 2006          8          7          2     "	6220	2006-01-28	"Sat"	"Midday"	"872"	8	7	2	17	"87"	"72"	15	9
"6219     Fri. Jan 27, 2006          6          1          0     "	6219	2006-01-27	"Fri"	"Evening"	"610"	6	1	0	7	"61"	"10"	7	1
"6218     Fri. Jan 27, 2006          7          7          7     "	6218	2006-01-27	"Fri"	"Midday"	"777"	7	7	7	21	"77"	"77"	14	14
"6217     Thu. Jan 26, 2006          0          8          4     "	6217	2006-01-26	"Thu"	"Evening"	"084"	0	8	4	12	"08"	"84"	8	12
"6216     Thu. Jan 26, 2006          2          5          6     "	6216	2006-01-26	"Thu"	"Midday"	"256"	2	5	6	13	"25"	"56"	7	11
"6215     Wed. Jan 25, 2006          9          6          8     "	6215	2006-01-25	"Wed"	"Evening"	"968"	9	6	8	23	"96"	"68"	15	14
"6214     Wed. Jan 25, 2006          3          4          4     "	6214	2006-01-25	"Wed"	"Midday"	"344"	3	4	4	11	"34"	"44"	7	8
"6213     Tue. Jan 24, 2006          2          7          4     "	6213	2006-01-24	"Tue"	"Evening"	"274"	2	7	4	13	"27"	"74"	9	11
"6212     Tue. Jan 24, 2006          8          1          4     "	6212	2006-01-24	"Tue"	"Midday"	"814"	8	1	4	13	"81"	"14"	9	5
"6211     Mon. Jan 23, 2006          8          0          1     "	6211	2006-01-23	"Mon"	"Evening"	"801"	8	0	1	9	"80"	"01"	8	1
"6210     Mon. Jan 23, 2006          0          0          1     "	6210	2006-01-23	"Mon"	"Midday"	"001"	0	0	1	1	"00"	"01"	0	1
"6209     Sun. Jan 22, 2006          0          3          6     "	6209	2006-01-22	"Sun"	"Evening"	"036"	0	3	6	9	"03"	"36"	3	9
"6208     Sun. Jan 22, 2006          3          2          4     "	6208	2006-01-22	"Sun"	"Midday"	"324"	3	2	4	9	"32"	"24"	5	6
"6207     Sat. Jan 21, 2006          7          8          1     "	6207	2006-01-21	"Sat"	"Evening"	"781"	7	8	1	16	"78"	"81"	15	9
"6206     Sat. Jan 21, 2006          3          5          6     "	6206	2006-01-21	"Sat"	"Midday"	"356"	3	5	6	14	"35"	"56"	8	11
"6205     Fri. Jan 20, 2006          6          8          3     "	6205	2006-01-20	"Fri"	"Evening"	"683"	6	8	3	17	"68"	"83"	14	11
"6204     Fri. Jan 20, 2006          2          9          3     "	6204	2006-01-20	"Fri"	"Midday"	"293"	2	9	3	14	"29"	"93"	11	12
"6203     Thu. Jan 19, 2006          5          7          6     "	6203	2006-01-19	"Thu"	"Evening"	"576"	5	7	6	18	"57"	"76"	12	13
"6202     Thu. Jan 19, 2006          6          9          3     "	6202	2006-01-19	"Thu"	"Midday"	"693"	6	9	3	18	"69"	"93"	15	12
"6201     Wed. Jan 18, 2006          1          7          1     "	6201	2006-01-18	"Wed"	"Evening"	"171"	1	7	1	9	"17"	"71"	8	8
"6200     Wed. Jan 18, 2006          7          2          2     "	6200	2006-01-18	"Wed"	"Midday"	"722"	7	2	2	11	"72"	"22"	9	4
"6199     Tue. Jan 17, 2006          4          8          0     "	6199	2006-01-17	"Tue"	"Evening"	"480"	4	8	0	12	"48"	"80"	12	8
"6198     Tue. Jan 17, 2006          3          4          6     "	6198	2006-01-17	"Tue"	"Midday"	"346"	3	4	6	13	"34"	"46"	7	10
"6197     Mon. Jan 16, 2006          2          5          7     "	6197	2006-01-16	"Mon"	"Evening"	"257"	2	5	7	14	"25"	"57"	7	12
"6196     Mon. Jan 16, 2006          8          1          3     "	6196	2006-01-16	"Mon"	"Midday"	"813"	8	1	3	12	"81"	"13"	9	4
"6195     Sun. Jan 15, 2006          6          9          7     "	6195	2006-01-15	"Sun"	"Evening"	"697"	6	9	7	22	"69"	"97"	15	16
"6194     Sun. Jan 15, 2006          1          4          3     "	6194	2006-01-15	"Sun"	"Midday"	"143"	1	4	3	8	"14"	"43"	5	7
"6193     Sat. Jan 14, 2006          2          3          4     "	6193	2006-01-14	"Sat"	"Evening"	"234"	2	3	4	9	"23"	"34"	5	7
"6192     Sat. Jan 14, 2006          4          3          7     "	6192	2006-01-14	"Sat"	"Midday"	"437"	4	3	7	14	"43"	"37"	7	10
"6191     Fri. Jan 13, 2006          1          9          7     "	6191	2006-01-13	"Fri"	"Evening"	"197"	1	9	7	17	"19"	"97"	10	16
"6190     Fri. Jan 13, 2006          1          2          5     "	6190	2006-01-13	"Fri"	"Midday"	"125"	1	2	5	8	"12"	"25"	3	7
"6189     Thu. Jan 12, 2006          7          8          9     "	6189	2006-01-12	"Thu"	"Evening"	"789"	7	8	9	24	"78"	"89"	15	17
"6188     Thu. Jan 12, 2006          8          9          1     "	6188	2006-01-12	"Thu"	"Midday"	"891"	8	9	1	18	"89"	"91"	17	10
"6187     Wed. Jan 11, 2006          9          5          3     "	6187	2006-01-11	"Wed"	"Evening"	"953"	9	5	3	17	"95"	"53"	14	8
"6186     Wed. Jan 11, 2006          5          4          1     "	6186	2006-01-11	"Wed"	"Midday"	"541"	5	4	1	10	"54"	"41"	9	5
"6185     Tue. Jan 10, 2006          4          7          2     "	6185	2006-01-10	"Tue"	"Evening"	"472"	4	7	2	13	"47"	"72"	11	9
"6184     Tue. Jan 10, 2006          5          7          3     "	6184	2006-01-10	"Tue"	"Midday"	"573"	5	7	3	15	"57"	"73"	12	10
"6183     Mon. Jan 09, 2006          6          4          5     "	6183	2006-01-09	"Mon"	"Evening"	"645"	6	4	5	15	"64"	"45"	10	9
"6182     Mon. Jan 09, 2006          0          7          3     "	6182	2006-01-09	"Mon"	"Midday"	"073"	0	7	3	10	"07"	"73"	7	10
"6181     Sun. Jan 08, 2006          9          7          4     "	6181	2006-01-08	"Sun"	"Evening"	"974"	9	7	4	20	"97"	"74"	16	11
"6180     Sun. Jan 08, 2006          8          5          0     "	6180	2006-01-08	"Sun"	"Midday"	"850"	8	5	0	13	"85"	"50"	13	5
"6179     Sat. Jan 07, 2006          7          4          9     "	6179	2006-01-07	"Sat"	"Evening"	"749"	7	4	9	20	"74"	"49"	11	13
"6178     Sat. Jan 07, 2006          2          3          2     "	6178	2006-01-07	"Sat"	"Midday"	"232"	2	3	2	7	"23"	"32"	5	5
"6177     Fri. Jan 06, 2006          5          6          4     "	6177	2006-01-06	"Fri"	"Evening"	"564"	5	6	4	15	"56"	"64"	11	10
"6176     Fri. Jan 06, 2006          1          3          4     "	6176	2006-01-06	"Fri"	"Midday"	"134"	1	3	4	8	"13"	"34"	4	7
"6175     Thu. Jan 05, 2006          0          8          7     "	6175	2006-01-05	"Thu"	"Evening"	"087"	0	8	7	15	"08"	"87"	8	15
"6174     Thu. Jan 05, 2006          9          8          1     "	6174	2006-01-05	"Thu"	"Midday"	"981"	9	8	1	18	"98"	"81"	17	9
"6173     Wed. Jan 04, 2006          5          8          4     "	6173	2006-01-04	"Wed"	"Evening"	"584"	5	8	4	17	"58"	"84"	13	12
"6172     Wed. Jan 04, 2006          7          3          5     "	6172	2006-01-04	"Wed"	"Midday"	"735"	7	3	5	15	"73"	"35"	10	8
"6171     Tue. Jan 03, 2006          6          8          2     "	6171	2006-01-03	"Tue"	"Evening"	"682"	6	8	2	16	"68"	"82"	14	10
"6170     Tue. Jan 03, 2006          0          6          6     "	6170	2006-01-03	"Tue"	"Midday"	"066"	0	6	6	12	"06"	"66"	6	12
"6169     Mon. Jan 02, 2006          5          2          6     "	6169	2006-01-02	"Mon"	"Evening"	"526"	5	2	6	13	"52"	"26"	7	8
"6168     Mon. Jan 02, 2006          2          1          8     "	6168	2006-01-02	"Mon"	"Midday"	"218"	2	1	8	11	"21"	"18"	3	9
"6167     Sun. Jan 01, 2006          4          1          3     "	6167	2006-01-01	"Sun"	"Evening"	"413"	4	1	3	8	"41"	"13"	5	4
"6166     Sun. Jan 01, 2006          4          7          2     "	6166	2006-01-01	"Sun"	"Midday"	"472"	4	7	2	13	"47"	"72"	11	9
"6165     Sat. Dec 31, 2005          2          6          1     "	6165	2005-12-31	"Sat"	"Evening"	"261"	2	6	1	9	"26"	"61"	8	7
"6164     Sat. Dec 31, 2005          3          1          8     "	6164	2005-12-31	"Sat"	"Midday"	"318"	3	1	8	12	"31"	"18"	4	9
"6163     Fri. Dec 30, 2005          7          1          1     "	6163	2005-12-30	"Fri"	"Evening"	"711"	7	1	1	9	"71"	"11"	8	2
"6162     Fri. Dec 30, 2005          2          7          1     "	6162	2005-12-30	"Fri"	"Midday"	"271"	2	7	1	10	"27"	"71"	9	8
"6161     Thu. Dec 29, 2005          3          9          7     "	6161	2005-12-29	"Thu"	"Evening"	"397"	3	9	7	19	"39"	"97"	12	16
"6160     Thu. Dec 29, 2005          5          5          1     "	6160	2005-12-29	"Thu"	"Midday"	"551"	5	5	1	11	"55"	"51"	10	6
"6159     Wed. Dec 28, 2005          6          0          7     "	6159	2005-12-28	"Wed"	"Evening"	"607"	6	0	7	13	"60"	"07"	6	7
"6158     Wed. Dec 28, 2005          4          3          7     "	6158	2005-12-28	"Wed"	"Midday"	"437"	4	3	7	14	"43"	"37"	7	10
"6157     Tue. Dec 27, 2005          5          6          6     "	6157	2005-12-27	"Tue"	"Evening"	"566"	5	6	6	17	"56"	"66"	11	12
"6156     Tue. Dec 27, 2005          1          4          8     "	6156	2005-12-27	"Tue"	"Midday"	"148"	1	4	8	13	"14"	"48"	5	12
"6155     Mon. Dec 26, 2005          1          7          4     "	6155	2005-12-26	"Mon"	"Evening"	"174"	1	7	4	12	"17"	"74"	8	11
"6154     Mon. Dec 26, 2005          2          4          1     "	6154	2005-12-26	"Mon"	"Midday"	"241"	2	4	1	7	"24"	"41"	6	5
"6153     Sun. Dec 25, 2005          6          3          5     "	6153	2005-12-25	"Sun"	"Evening"	"635"	6	3	5	14	"63"	"35"	9	8
"6152     Sun. Dec 25, 2005          0          8          2     "	6152	2005-12-25	"Sun"	"Midday"	"082"	0	8	2	10	"08"	"82"	8	10
"6151     Sat. Dec 24, 2005          3          6          9     "	6151	2005-12-24	"Sat"	"Evening"	"369"	3	6	9	18	"36"	"69"	9	15
"6150     Sat. Dec 24, 2005          3          8          3     "	6150	2005-12-24	"Sat"	"Midday"	"383"	3	8	3	14	"38"	"83"	11	11
"6149     Fri. Dec 23, 2005          4          3          9     "	6149	2005-12-23	"Fri"	"Evening"	"439"	4	3	9	16	"43"	"39"	7	12
"6148     Fri. Dec 23, 2005          2          0          6     "	6148	2005-12-23	"Fri"	"Midday"	"206"	2	0	6	8	"20"	"06"	2	6
"6147     Thu. Dec 22, 2005          9          2          3     "	6147	2005-12-22	"Thu"	"Evening"	"923"	9	2	3	14	"92"	"23"	11	5
"6146     Thu. Dec 22, 2005          0          4          4     "	6146	2005-12-22	"Thu"	"Midday"	"044"	0	4	4	8	"04"	"44"	4	8
"6145     Wed. Dec 21, 2005          7          0          8     "	6145	2005-12-21	"Wed"	"Evening"	"708"	7	0	8	15	"70"	"08"	7	8
"6144     Wed. Dec 21, 2005          8          6          6     "	6144	2005-12-21	"Wed"	"Midday"	"866"	8	6	6	20	"86"	"66"	14	12
"6143     Tue. Dec 20, 2005          9          4          2     "	6143	2005-12-20	"Tue"	"Evening"	"942"	9	4	2	15	"94"	"42"	13	6
"6142     Tue. Dec 20, 2005          3          1          4     "	6142	2005-12-20	"Tue"	"Midday"	"314"	3	1	4	8	"31"	"14"	4	5
"6141     Mon. Dec 19, 2005          0          8          4     "	6141	2005-12-19	"Mon"	"Evening"	"084"	0	8	4	12	"08"	"84"	8	12
"6140     Mon. Dec 19, 2005          4          3          8     "	6140	2005-12-19	"Mon"	"Midday"	"438"	4	3	8	15	"43"	"38"	7	11
"6139     Sun. Dec 18, 2005          9          3          4     "	6139	2005-12-18	"Sun"	"Evening"	"934"	9	3	4	16	"93"	"34"	12	7
"6138     Sun. Dec 18, 2005          2          1          9     "	6138	2005-12-18	"Sun"	"Midday"	"219"	2	1	9	12	"21"	"19"	3	10
"6137     Sat. Dec 17, 2005          2          9          1     "	6137	2005-12-17	"Sat"	"Evening"	"291"	2	9	1	12	"29"	"91"	11	10
"6136     Sat. Dec 17, 2005          1          5          7     "	6136	2005-12-17	"Sat"	"Midday"	"157"	1	5	7	13	"15"	"57"	6	12
"6135     Fri. Dec 16, 2005          9          6          7     "	6135	2005-12-16	"Fri"	"Evening"	"967"	9	6	7	22	"96"	"67"	15	13
"6134     Fri. Dec 16, 2005          0          3          0     "	6134	2005-12-16	"Fri"	"Midday"	"030"	0	3	0	3	"03"	"30"	3	3
"6133     Thu. Dec 15, 2005          3          5          7     "	6133	2005-12-15	"Thu"	"Evening"	"357"	3	5	7	15	"35"	"57"	8	12
"6132     Thu. Dec 15, 2005          0          8          8     "	6132	2005-12-15	"Thu"	"Midday"	"088"	0	8	8	16	"08"	"88"	8	16
"6131     Wed. Dec 14, 2005          5          1          1     "	6131	2005-12-14	"Wed"	"Evening"	"511"	5	1	1	7	"51"	"11"	6	2
"6130     Wed. Dec 14, 2005          2          1          9     "	6130	2005-12-14	"Wed"	"Midday"	"219"	2	1	9	12	"21"	"19"	3	10
"6129     Tue. Dec 13, 2005          6          2          4     "	6129	2005-12-13	"Tue"	"Evening"	"624"	6	2	4	12	"62"	"24"	8	6
"6128     Tue. Dec 13, 2005          6          8          3     "	6128	2005-12-13	"Tue"	"Midday"	"683"	6	8	3	17	"68"	"83"	14	11
"6127     Mon. Dec 12, 2005          9          8          1     "	6127	2005-12-12	"Mon"	"Evening"	"981"	9	8	1	18	"98"	"81"	17	9
"6126     Mon. Dec 12, 2005          9          6          6     "	6126	2005-12-12	"Mon"	"Midday"	"966"	9	6	6	21	"96"	"66"	15	12
"6125     Sun. Dec 11, 2005          1          8          4     "	6125	2005-12-11	"Sun"	"Evening"	"184"	1	8	4	13	"18"	"84"	9	12
"6124     Sun. Dec 11, 2005          0          1          2     "	6124	2005-12-11	"Sun"	"Midday"	"012"	0	1	2	3	"01"	"12"	1	3
"6123     Sat. Dec 10, 2005          1          8          9     "	6123	2005-12-10	"Sat"	"Evening"	"189"	1	8	9	18	"18"	"89"	9	17
"6122     Sat. Dec 10, 2005          6          6          7     "	6122	2005-12-10	"Sat"	"Midday"	"667"	6	6	7	19	"66"	"67"	12	13
"6121     Fri. Dec 09, 2005          1          8          9     "	6121	2005-12-09	"Fri"	"Evening"	"189"	1	8	9	18	"18"	"89"	9	17
"6120     Fri. Dec 09, 2005          6          0          9     "	6120	2005-12-09	"Fri"	"Midday"	"609"	6	0	9	15	"60"	"09"	6	9
"6119     Thu. Dec 08, 2005          2          2          3     "	6119	2005-12-08	"Thu"	"Evening"	"223"	2	2	3	7	"22"	"23"	4	5
"6118     Thu. Dec 08, 2005          7          2          9     "	6118	2005-12-08	"Thu"	"Midday"	"729"	7	2	9	18	"72"	"29"	9	11
"6117     Wed. Dec 07, 2005          2          4          5     "	6117	2005-12-07	"Wed"	"Evening"	"245"	2	4	5	11	"24"	"45"	6	9
"6116     Wed. Dec 07, 2005          1          5          4     "	6116	2005-12-07	"Wed"	"Midday"	"154"	1	5	4	10	"15"	"54"	6	9
"6115     Tue. Dec 06, 2005          0          3          4     "	6115	2005-12-06	"Tue"	"Evening"	"034"	0	3	4	7	"03"	"34"	3	7
"6114     Tue. Dec 06, 2005          9          8          0     "	6114	2005-12-06	"Tue"	"Midday"	"980"	9	8	0	17	"98"	"80"	17	8
"6113     Mon. Dec 05, 2005          2          0          4     "	6113	2005-12-05	"Mon"	"Evening"	"204"	2	0	4	6	"20"	"04"	2	4
"6112     Mon. Dec 05, 2005          8          7          4     "	6112	2005-12-05	"Mon"	"Midday"	"874"	8	7	4	19	"87"	"74"	15	11
"6111     Sun. Dec 04, 2005          2          9          5     "	6111	2005-12-04	"Sun"	"Evening"	"295"	2	9	5	16	"29"	"95"	11	14
"6110     Sun. Dec 04, 2005          2          2          7     "	6110	2005-12-04	"Sun"	"Midday"	"227"	2	2	7	11	"22"	"27"	4	9
"6109     Sat. Dec 03, 2005          0          0          8     "	6109	2005-12-03	"Sat"	"Evening"	"008"	0	0	8	8	"00"	"08"	0	8
"6108     Sat. Dec 03, 2005          6          0          2     "	6108	2005-12-03	"Sat"	"Midday"	"602"	6	0	2	8	"60"	"02"	6	2
"6107     Fri. Dec 02, 2005          4          8          3     "	6107	2005-12-02	"Fri"	"Evening"	"483"	4	8	3	15	"48"	"83"	12	11
"6106     Fri. Dec 02, 2005          1          4          1     "	6106	2005-12-02	"Fri"	"Midday"	"141"	1	4	1	6	"14"	"41"	5	5
"6105     Thu. Dec 01, 2005          0          6          0     "	6105	2005-12-01	"Thu"	"Evening"	"060"	0	6	0	6	"06"	"60"	6	6
"6104     Thu. Dec 01, 2005          5          0          4     "	6104	2005-12-01	"Thu"	"Midday"	"504"	5	0	4	9	"50"	"04"	5	4
"6103     Wed. Nov 30, 2005          5          5          8     "	6103	2005-11-30	"Wed"	"Evening"	"558"	5	5	8	18	"55"	"58"	10	13
"6102     Wed. Nov 30, 2005          1          9          3     "	6102	2005-11-30	"Wed"	"Midday"	"193"	1	9	3	13	"19"	"93"	10	12
"6101     Tue. Nov 29, 2005          4          4          0     "	6101	2005-11-29	"Tue"	"Evening"	"440"	4	4	0	8	"44"	"40"	8	4
"6100     Tue. Nov 29, 2005          1          4          7     "	6100	2005-11-29	"Tue"	"Midday"	"147"	1	4	7	12	"14"	"47"	5	11
"6099     Mon. Nov 28, 2005          4          4          1     "	6099	2005-11-28	"Mon"	"Evening"	"441"	4	4	1	9	"44"	"41"	8	5
"6098     Mon. Nov 28, 2005          6          9          2     "	6098	2005-11-28	"Mon"	"Midday"	"692"	6	9	2	17	"69"	"92"	15	11
"6097     Sun. Nov 27, 2005          6          8          6     "	6097	2005-11-27	"Sun"	"Evening"	"686"	6	8	6	20	"68"	"86"	14	14
"6096     Sun. Nov 27, 2005          0          3          0     "	6096	2005-11-27	"Sun"	"Midday"	"030"	0	3	0	3	"03"	"30"	3	3
"6095     Sat. Nov 26, 2005          6          1          7     "	6095	2005-11-26	"Sat"	"Evening"	"617"	6	1	7	14	"61"	"17"	7	8
"6094     Sat. Nov 26, 2005          1          2          6     "	6094	2005-11-26	"Sat"	"Midday"	"126"	1	2	6	9	"12"	"26"	3	8
"6093     Fri. Nov 25, 2005          3          7          8     "	6093	2005-11-25	"Fri"	"Evening"	"378"	3	7	8	18	"37"	"78"	10	15
"6092     Fri. Nov 25, 2005          7          3          2     "	6092	2005-11-25	"Fri"	"Midday"	"732"	7	3	2	12	"73"	"32"	10	5
"6091     Thu. Nov 24, 2005          6          8          1     "	6091	2005-11-24	"Thu"	"Evening"	"681"	6	8	1	15	"68"	"81"	14	9
"6090     Thu. Nov 24, 2005          7          9          6     "	6090	2005-11-24	"Thu"	"Midday"	"796"	7	9	6	22	"79"	"96"	16	15
"6089     Wed. Nov 23, 2005          0          6          9     "	6089	2005-11-23	"Wed"	"Evening"	"069"	0	6	9	15	"06"	"69"	6	15
"6088     Wed. Nov 23, 2005          1          5          7     "	6088	2005-11-23	"Wed"	"Midday"	"157"	1	5	7	13	"15"	"57"	6	12
"6087     Tue. Nov 22, 2005          6          2          1     "	6087	2005-11-22	"Tue"	"Evening"	"621"	6	2	1	9	"62"	"21"	8	3
"6086     Tue. Nov 22, 2005          0          1          1     "	6086	2005-11-22	"Tue"	"Midday"	"011"	0	1	1	2	"01"	"11"	1	2
"6085     Mon. Nov 21, 2005          9          7          2     "	6085	2005-11-21	"Mon"	"Evening"	"972"	9	7	2	18	"97"	"72"	16	9
"6084     Mon. Nov 21, 2005          2          9          6     "	6084	2005-11-21	"Mon"	"Midday"	"296"	2	9	6	17	"29"	"96"	11	15
"6083     Sun. Nov 20, 2005          4          6          7     "	6083	2005-11-20	"Sun"	"Evening"	"467"	4	6	7	17	"46"	"67"	10	13
"6082     Sun. Nov 20, 2005          4          9          5     "	6082	2005-11-20	"Sun"	"Midday"	"495"	4	9	5	18	"49"	"95"	13	14
"6081     Sat. Nov 19, 2005          5          0          1     "	6081	2005-11-19	"Sat"	"Evening"	"501"	5	0	1	6	"50"	"01"	5	1
"6080     Sat. Nov 19, 2005          0          7          9     "	6080	2005-11-19	"Sat"	"Midday"	"079"	0	7	9	16	"07"	"79"	7	16
"6079     Fri. Nov 18, 2005          4          2          8     "	6079	2005-11-18	"Fri"	"Evening"	"428"	4	2	8	14	"42"	"28"	6	10
"6078     Fri. Nov 18, 2005          1          6          1     "	6078	2005-11-18	"Fri"	"Midday"	"161"	1	6	1	8	"16"	"61"	7	7
"6077     Thu. Nov 17, 2005          1          3          5     "	6077	2005-11-17	"Thu"	"Evening"	"135"	1	3	5	9	"13"	"35"	4	8
"6076     Thu. Nov 17, 2005          4          6          4     "	6076	2005-11-17	"Thu"	"Midday"	"464"	4	6	4	14	"46"	"64"	10	10
"6075     Wed. Nov 16, 2005          1          8          8     "	6075	2005-11-16	"Wed"	"Evening"	"188"	1	8	8	17	"18"	"88"	9	16
"6074     Wed. Nov 16, 2005          6          4          9     "	6074	2005-11-16	"Wed"	"Midday"	"649"	6	4	9	19	"64"	"49"	10	13
"6073     Tue. Nov 15, 2005          2          1          3     "	6073	2005-11-15	"Tue"	"Evening"	"213"	2	1	3	6	"21"	"13"	3	4
"6072     Tue. Nov 15, 2005          6          5          7     "	6072	2005-11-15	"Tue"	"Midday"	"657"	6	5	7	18	"65"	"57"	11	12
"6071     Mon. Nov 14, 2005          3          1          1     "	6071	2005-11-14	"Mon"	"Evening"	"311"	3	1	1	5	"31"	"11"	4	2
"6070     Mon. Nov 14, 2005          1          9          3     "	6070	2005-11-14	"Mon"	"Midday"	"193"	1	9	3	13	"19"	"93"	10	12
"6069     Sun. Nov 13, 2005          0          5          0     "	6069	2005-11-13	"Sun"	"Evening"	"050"	0	5	0	5	"05"	"50"	5	5
"6068     Sun. Nov 13, 2005          6          1          3     "	6068	2005-11-13	"Sun"	"Midday"	"613"	6	1	3	10	"61"	"13"	7	4
"6067     Sat. Nov 12, 2005          5          9          9     "	6067	2005-11-12	"Sat"	"Evening"	"599"	5	9	9	23	"59"	"99"	14	18
"6066     Sat. Nov 12, 2005          4          3          0     "	6066	2005-11-12	"Sat"	"Midday"	"430"	4	3	0	7	"43"	"30"	7	3
"6065     Fri. Nov 11, 2005          8          2          3     "	6065	2005-11-11	"Fri"	"Evening"	"823"	8	2	3	13	"82"	"23"	10	5
"6064     Fri. Nov 11, 2005          2          6          1     "	6064	2005-11-11	"Fri"	"Midday"	"261"	2	6	1	9	"26"	"61"	8	7
"6063     Thu. Nov 10, 2005          2          1          1     "	6063	2005-11-10	"Thu"	"Evening"	"211"	2	1	1	4	"21"	"11"	3	2
"6062     Thu. Nov 10, 2005          2          1          3     "	6062	2005-11-10	"Thu"	"Midday"	"213"	2	1	3	6	"21"	"13"	3	4
"6061     Wed. Nov 09, 2005          7          4          8     "	6061	2005-11-09	"Wed"	"Evening"	"748"	7	4	8	19	"74"	"48"	11	12
"6060     Wed. Nov 09, 2005          8          4          7     "	6060	2005-11-09	"Wed"	"Midday"	"847"	8	4	7	19	"84"	"47"	12	11
"6059     Tue. Nov 08, 2005          1          7          6     "	6059	2005-11-08	"Tue"	"Evening"	"176"	1	7	6	14	"17"	"76"	8	13
"6058     Tue. Nov 08, 2005          2          3          8     "	6058	2005-11-08	"Tue"	"Midday"	"238"	2	3	8	13	"23"	"38"	5	11
"6057     Mon. Nov 07, 2005          2          5          5     "	6057	2005-11-07	"Mon"	"Evening"	"255"	2	5	5	12	"25"	"55"	7	10
"6056     Mon. Nov 07, 2005          9          7          1     "	6056	2005-11-07	"Mon"	"Midday"	"971"	9	7	1	17	"97"	"71"	16	8
"6055     Sun. Nov 06, 2005          3          9          6     "	6055	2005-11-06	"Sun"	"Evening"	"396"	3	9	6	18	"39"	"96"	12	15
"6054     Sun. Nov 06, 2005          1          8          7     "	6054	2005-11-06	"Sun"	"Midday"	"187"	1	8	7	16	"18"	"87"	9	15
"6053     Sat. Nov 05, 2005          4          0          0     "	6053	2005-11-05	"Sat"	"Evening"	"400"	4	0	0	4	"40"	"00"	4	0
"6052     Sat. Nov 05, 2005          1          6          2     "	6052	2005-11-05	"Sat"	"Midday"	"162"	1	6	2	9	"16"	"62"	7	8
"6051     Fri. Nov 04, 2005          2          2          9     "	6051	2005-11-04	"Fri"	"Evening"	"229"	2	2	9	13	"22"	"29"	4	11
"6050     Fri. Nov 04, 2005          4          3          7     "	6050	2005-11-04	"Fri"	"Midday"	"437"	4	3	7	14	"43"	"37"	7	10
"6049     Thu. Nov 03, 2005          3          4          6     "	6049	2005-11-03	"Thu"	"Evening"	"346"	3	4	6	13	"34"	"46"	7	10
"6048     Thu. Nov 03, 2005          0          7          6     "	6048	2005-11-03	"Thu"	"Midday"	"076"	0	7	6	13	"07"	"76"	7	13
"6047     Wed. Nov 02, 2005          4          5          0     "	6047	2005-11-02	"Wed"	"Evening"	"450"	4	5	0	9	"45"	"50"	9	5
"6046     Wed. Nov 02, 2005          5          1          9     "	6046	2005-11-02	"Wed"	"Midday"	"519"	5	1	9	15	"51"	"19"	6	10
"6045     Tue. Nov 01, 2005          5          9          1     "	6045	2005-11-01	"Tue"	"Evening"	"591"	5	9	1	15	"59"	"91"	14	10
"6044     Tue. Nov 01, 2005          0          6          3     "	6044	2005-11-01	"Tue"	"Midday"	"063"	0	6	3	9	"06"	"63"	6	9
"6043     Mon. Oct 31, 2005          6          6          1     "	6043	2005-10-31	"Mon"	"Evening"	"661"	6	6	1	13	"66"	"61"	12	7
"6042     Mon. Oct 31, 2005          8          8          1     "	6042	2005-10-31	"Mon"	"Midday"	"881"	8	8	1	17	"88"	"81"	16	9
"6041     Sun. Oct 30, 2005          4          5          6     "	6041	2005-10-30	"Sun"	"Evening"	"456"	4	5	6	15	"45"	"56"	9	11
"6040     Sun. Oct 30, 2005          3          2          8     "	6040	2005-10-30	"Sun"	"Midday"	"328"	3	2	8	13	"32"	"28"	5	10
"6039     Sat. Oct 29, 2005          2          3          4     "	6039	2005-10-29	"Sat"	"Evening"	"234"	2	3	4	9	"23"	"34"	5	7
"6038     Sat. Oct 29, 2005          6          5          9     "	6038	2005-10-29	"Sat"	"Midday"	"659"	6	5	9	20	"65"	"59"	11	14
"6037     Fri. Oct 28, 2005          7          2          5     "	6037	2005-10-28	"Fri"	"Evening"	"725"	7	2	5	14	"72"	"25"	9	7
"6036     Fri. Oct 28, 2005          2          0          9     "	6036	2005-10-28	"Fri"	"Midday"	"209"	2	0	9	11	"20"	"09"	2	9
"6035     Thu. Oct 27, 2005          3          0          6     "	6035	2005-10-27	"Thu"	"Evening"	"306"	3	0	6	9	"30"	"06"	3	6
"6034     Thu. Oct 27, 2005          0          3          8     "	6034	2005-10-27	"Thu"	"Midday"	"038"	0	3	8	11	"03"	"38"	3	11
"6033     Wed. Oct 26, 2005          3          4          6     "	6033	2005-10-26	"Wed"	"Evening"	"346"	3	4	6	13	"34"	"46"	7	10
"6032     Wed. Oct 26, 2005          0          9          4     "	6032	2005-10-26	"Wed"	"Midday"	"094"	0	9	4	13	"09"	"94"	9	13
"6031     Tue. Oct 25, 2005          6          4          7     "	6031	2005-10-25	"Tue"	"Evening"	"647"	6	4	7	17	"64"	"47"	10	11
"6030     Tue. Oct 25, 2005          2          2          2     "	6030	2005-10-25	"Tue"	"Midday"	"222"	2	2	2	6	"22"	"22"	4	4
"6029     Mon. Oct 24, 2005          3          9          9     "	6029	2005-10-24	"Mon"	"Evening"	"399"	3	9	9	21	"39"	"99"	12	18
"6028     Mon. Oct 24, 2005          3          2          9     "	6028	2005-10-24	"Mon"	"Midday"	"329"	3	2	9	14	"32"	"29"	5	11
"6027     Sun. Oct 23, 2005          8          6          8     "	6027	2005-10-23	"Sun"	"Evening"	"868"	8	6	8	22	"86"	"68"	14	14
"6026     Sun. Oct 23, 2005          1          6          5     "	6026	2005-10-23	"Sun"	"Midday"	"165"	1	6	5	12	"16"	"65"	7	11
"6025     Sat. Oct 22, 2005          8          3          2     "	6025	2005-10-22	"Sat"	"Evening"	"832"	8	3	2	13	"83"	"32"	11	5
"6024     Sat. Oct 22, 2005          7          1          8     "	6024	2005-10-22	"Sat"	"Midday"	"718"	7	1	8	16	"71"	"18"	8	9
"6023     Fri. Oct 21, 2005          5          9          8     "	6023	2005-10-21	"Fri"	"Evening"	"598"	5	9	8	22	"59"	"98"	14	17
"6022     Fri. Oct 21, 2005          5          8          5     "	6022	2005-10-21	"Fri"	"Midday"	"585"	5	8	5	18	"58"	"85"	13	13
"6021     Thu. Oct 20, 2005          6          4          4     "	6021	2005-10-20	"Thu"	"Evening"	"644"	6	4	4	14	"64"	"44"	10	8
"6020     Thu. Oct 20, 2005          7          3          5     "	6020	2005-10-20	"Thu"	"Midday"	"735"	7	3	5	15	"73"	"35"	10	8
"6019     Wed. Oct 19, 2005          6          0          8     "	6019	2005-10-19	"Wed"	"Evening"	"608"	6	0	8	14	"60"	"08"	6	8
"6018     Wed. Oct 19, 2005          5          6          7     "	6018	2005-10-19	"Wed"	"Midday"	"567"	5	6	7	18	"56"	"67"	11	13
"6017     Tue. Oct 18, 2005          9          3          9     "	6017	2005-10-18	"Tue"	"Evening"	"939"	9	3	9	21	"93"	"39"	12	12
"6016     Tue. Oct 18, 2005          0          1          5     "	6016	2005-10-18	"Tue"	"Midday"	"015"	0	1	5	6	"01"	"15"	1	6
"6015     Mon. Oct 17, 2005          5          8          8     "	6015	2005-10-17	"Mon"	"Evening"	"588"	5	8	8	21	"58"	"88"	13	16
"6014     Mon. Oct 17, 2005          5          4          0     "	6014	2005-10-17	"Mon"	"Midday"	"540"	5	4	0	9	"54"	"40"	9	4
"6013     Sun. Oct 16, 2005          0          9          5     "	6013	2005-10-16	"Sun"	"Evening"	"095"	0	9	5	14	"09"	"95"	9	14
"6012     Sun. Oct 16, 2005          5          5          1     "	6012	2005-10-16	"Sun"	"Midday"	"551"	5	5	1	11	"55"	"51"	10	6
"6011     Sat. Oct 15, 2005          9          7          4     "	6011	2005-10-15	"Sat"	"Evening"	"974"	9	7	4	20	"97"	"74"	16	11
"6010     Sat. Oct 15, 2005          6          8          6     "	6010	2005-10-15	"Sat"	"Midday"	"686"	6	8	6	20	"68"	"86"	14	14
"6009     Fri. Oct 14, 2005          1          3          3     "	6009	2005-10-14	"Fri"	"Evening"	"133"	1	3	3	7	"13"	"33"	4	6
"6008     Fri. Oct 14, 2005          3          2          2     "	6008	2005-10-14	"Fri"	"Midday"	"322"	3	2	2	7	"32"	"22"	5	4
"6007     Thu. Oct 13, 2005          7          6          9     "	6007	2005-10-13	"Thu"	"Evening"	"769"	7	6	9	22	"76"	"69"	13	15
"6006     Thu. Oct 13, 2005          0          5          7     "	6006	2005-10-13	"Thu"	"Midday"	"057"	0	5	7	12	"05"	"57"	5	12
"6005     Wed. Oct 12, 2005          1          2          2     "	6005	2005-10-12	"Wed"	"Evening"	"122"	1	2	2	5	"12"	"22"	3	4
"6004     Wed. Oct 12, 2005          7          3          2     "	6004	2005-10-12	"Wed"	"Midday"	"732"	7	3	2	12	"73"	"32"	10	5
"6003     Tue. Oct 11, 2005          5          7          0     "	6003	2005-10-11	"Tue"	"Evening"	"570"	5	7	0	12	"57"	"70"	12	7
"6002     Tue. Oct 11, 2005          8          2          9     "	6002	2005-10-11	"Tue"	"Midday"	"829"	8	2	9	19	"82"	"29"	10	11
"6001     Mon. Oct 10, 2005          8          3          2     "	6001	2005-10-10	"Mon"	"Evening"	"832"	8	3	2	13	"83"	"32"	11	5
"6000     Mon. Oct 10, 2005          2          9          6     "	6000	2005-10-10	"Mon"	"Midday"	"296"	2	9	6	17	"29"	"96"	11	15
"5999     Sun. Oct 09, 2005          6          3          2     "	5999	2005-10-09	"Sun"	"Evening"	"632"	6	3	2	11	"63"	"32"	9	5
"5998     Sun. Oct 09, 2005          7          4          9     "	5998	2005-10-09	"Sun"	"Midday"	"749"	7	4	9	20	"74"	"49"	11	13
"5997     Sat. Oct 08, 2005          6          4          5     "	5997	2005-10-08	"Sat"	"Evening"	"645"	6	4	5	15	"64"	"45"	10	9
"5996     Sat. Oct 08, 2005          5          8          4     "	5996	2005-10-08	"Sat"	"Midday"	"584"	5	8	4	17	"58"	"84"	13	12
"5995     Fri. Oct 07, 2005          0          5          6     "	5995	2005-10-07	"Fri"	"Evening"	"056"	0	5	6	11	"05"	"56"	5	11
"5994     Fri. Oct 07, 2005          2          6          2     "	5994	2005-10-07	"Fri"	"Midday"	"262"	2	6	2	10	"26"	"62"	8	8
"5993     Thu. Oct 06, 2005          3          7          3     "	5993	2005-10-06	"Thu"	"Evening"	"373"	3	7	3	13	"37"	"73"	10	10
"5992     Thu. Oct 06, 2005          9          3          1     "	5992	2005-10-06	"Thu"	"Midday"	"931"	9	3	1	13	"93"	"31"	12	4
"5991     Wed. Oct 05, 2005          9          8          9     "	5991	2005-10-05	"Wed"	"Evening"	"989"	9	8	9	26	"98"	"89"	17	17
"5990     Wed. Oct 05, 2005          6          7          6     "	5990	2005-10-05	"Wed"	"Midday"	"676"	6	7	6	19	"67"	"76"	13	13
"5989     Tue. Oct 04, 2005          5          8          4     "	5989	2005-10-04	"Tue"	"Evening"	"584"	5	8	4	17	"58"	"84"	13	12
"5988     Tue. Oct 04, 2005          9          3          0     "	5988	2005-10-04	"Tue"	"Midday"	"930"	9	3	0	12	"93"	"30"	12	3
"5987     Mon. Oct 03, 2005          9          5          0     "	5987	2005-10-03	"Mon"	"Evening"	"950"	9	5	0	14	"95"	"50"	14	5
"5986     Mon. Oct 03, 2005          1          0          2     "	5986	2005-10-03	"Mon"	"Midday"	"102"	1	0	2	3	"10"	"02"	1	2
"5985     Sun. Oct 02, 2005          3          6          1     "	5985	2005-10-02	"Sun"	"Evening"	"361"	3	6	1	10	"36"	"61"	9	7
"5984     Sun. Oct 02, 2005          5          4          9     "	5984	2005-10-02	"Sun"	"Midday"	"549"	5	4	9	18	"54"	"49"	9	13
"5983     Sat. Oct 01, 2005          2          1          7     "	5983	2005-10-01	"Sat"	"Evening"	"217"	2	1	7	10	"21"	"17"	3	8
"5982     Sat. Oct 01, 2005          9          3          0     "	5982	2005-10-01	"Sat"	"Midday"	"930"	9	3	0	12	"93"	"30"	12	3
"5981     Fri. Sep 30, 2005          0          4          1     "	5981	2005-09-30	"Fri"	"Evening"	"041"	0	4	1	5	"04"	"41"	4	5
"5980     Fri. Sep 30, 2005          5          7          4     "	5980	2005-09-30	"Fri"	"Midday"	"574"	5	7	4	16	"57"	"74"	12	11
"5979     Thu. Sep 29, 2005          5          2          0     "	5979	2005-09-29	"Thu"	"Evening"	"520"	5	2	0	7	"52"	"20"	7	2
"5978     Thu. Sep 29, 2005          0          9          7     "	5978	2005-09-29	"Thu"	"Midday"	"097"	0	9	7	16	"09"	"97"	9	16
"5977     Wed. Sep 28, 2005          1          1          2     "	5977	2005-09-28	"Wed"	"Evening"	"112"	1	1	2	4	"11"	"12"	2	3
"5976     Wed. Sep 28, 2005          3          0          1     "	5976	2005-09-28	"Wed"	"Midday"	"301"	3	0	1	4	"30"	"01"	3	1
"5975     Tue. Sep 27, 2005          9          1          4     "	5975	2005-09-27	"Tue"	"Evening"	"914"	9	1	4	14	"91"	"14"	10	5
"5974     Tue. Sep 27, 2005          0          4          1     "	5974	2005-09-27	"Tue"	"Midday"	"041"	0	4	1	5	"04"	"41"	4	5
"5973     Mon. Sep 26, 2005          6          4          4     "	5973	2005-09-26	"Mon"	"Evening"	"644"	6	4	4	14	"64"	"44"	10	8
"5972     Mon. Sep 26, 2005          3          0          9     "	5972	2005-09-26	"Mon"	"Midday"	"309"	3	0	9	12	"30"	"09"	3	9
"5971     Sun. Sep 25, 2005          4          0          9     "	5971	2005-09-25	"Sun"	"Evening"	"409"	4	0	9	13	"40"	"09"	4	9
"5970     Sun. Sep 25, 2005          5          2          8     "	5970	2005-09-25	"Sun"	"Midday"	"528"	5	2	8	15	"52"	"28"	7	10
"5969     Sat. Sep 24, 2005          7          3          9     "	5969	2005-09-24	"Sat"	"Evening"	"739"	7	3	9	19	"73"	"39"	10	12
"5968     Sat. Sep 24, 2005          1          3          7     "	5968	2005-09-24	"Sat"	"Midday"	"137"	1	3	7	11	"13"	"37"	4	10
"5967     Fri. Sep 23, 2005          5          3          0     "	5967	2005-09-23	"Fri"	"Evening"	"530"	5	3	0	8	"53"	"30"	8	3
"5966     Fri. Sep 23, 2005          0          8          0     "	5966	2005-09-23	"Fri"	"Midday"	"080"	0	8	0	8	"08"	"80"	8	8
"5965     Thu. Sep 22, 2005          0          4          0     "	5965	2005-09-22	"Thu"	"Evening"	"040"	0	4	0	4	"04"	"40"	4	4
"5964     Thu. Sep 22, 2005          0          0          1     "	5964	2005-09-22	"Thu"	"Midday"	"001"	0	0	1	1	"00"	"01"	0	1
"5963     Wed. Sep 21, 2005          4          9          5     "	5963	2005-09-21	"Wed"	"Evening"	"495"	4	9	5	18	"49"	"95"	13	14
"5962     Wed. Sep 21, 2005          9          1          8     "	5962	2005-09-21	"Wed"	"Midday"	"918"	9	1	8	18	"91"	"18"	10	9
"5961     Tue. Sep 20, 2005          5          4          0     "	5961	2005-09-20	"Tue"	"Evening"	"540"	5	4	0	9	"54"	"40"	9	4
"5960     Tue. Sep 20, 2005          9          5          8     "	5960	2005-09-20	"Tue"	"Midday"	"958"	9	5	8	22	"95"	"58"	14	13
"5959     Mon. Sep 19, 2005          0          9          3     "	5959	2005-09-19	"Mon"	"Evening"	"093"	0	9	3	12	"09"	"93"	9	12
"5958     Mon. Sep 19, 2005          2          5          7     "	5958	2005-09-19	"Mon"	"Midday"	"257"	2	5	7	14	"25"	"57"	7	12
"5957     Sun. Sep 18, 2005          9          1          6     "	5957	2005-09-18	"Sun"	"Evening"	"916"	9	1	6	16	"91"	"16"	10	7
"5956     Sun. Sep 18, 2005          6          6          0     "	5956	2005-09-18	"Sun"	"Midday"	"660"	6	6	0	12	"66"	"60"	12	6
"5955     Sat. Sep 17, 2005          0          9          6     "	5955	2005-09-17	"Sat"	"Evening"	"096"	0	9	6	15	"09"	"96"	9	15
"5954     Sat. Sep 17, 2005          1          5          3     "	5954	2005-09-17	"Sat"	"Midday"	"153"	1	5	3	9	"15"	"53"	6	8
"5953     Fri. Sep 16, 2005          3          9          4     "	5953	2005-09-16	"Fri"	"Evening"	"394"	3	9	4	16	"39"	"94"	12	13
"5952     Fri. Sep 16, 2005          4          8          6     "	5952	2005-09-16	"Fri"	"Midday"	"486"	4	8	6	18	"48"	"86"	12	14
"5951     Thu. Sep 15, 2005          8          2          2     "	5951	2005-09-15	"Thu"	"Evening"	"822"	8	2	2	12	"82"	"22"	10	4
"5950     Thu. Sep 15, 2005          0          6          4     "	5950	2005-09-15	"Thu"	"Midday"	"064"	0	6	4	10	"06"	"64"	6	10
"5949     Wed. Sep 14, 2005          2          0          7     "	5949	2005-09-14	"Wed"	"Evening"	"207"	2	0	7	9	"20"	"07"	2	7
"5948     Wed. Sep 14, 2005          6          9          1     "	5948	2005-09-14	"Wed"	"Midday"	"691"	6	9	1	16	"69"	"91"	15	10
"5947     Tue. Sep 13, 2005          1          2          8     "	5947	2005-09-13	"Tue"	"Evening"	"128"	1	2	8	11	"12"	"28"	3	10
"5946     Tue. Sep 13, 2005          5          2          6     "	5946	2005-09-13	"Tue"	"Midday"	"526"	5	2	6	13	"52"	"26"	7	8
"5945     Mon. Sep 12, 2005          2          0          9     "	5945	2005-09-12	"Mon"	"Evening"	"209"	2	0	9	11	"20"	"09"	2	9
"5944     Mon. Sep 12, 2005          2          5          0     "	5944	2005-09-12	"Mon"	"Midday"	"250"	2	5	0	7	"25"	"50"	7	5
"5943     Sun. Sep 11, 2005          5          0          4     "	5943	2005-09-11	"Sun"	"Evening"	"504"	5	0	4	9	"50"	"04"	5	4
"5942     Sun. Sep 11, 2005          9          1          9     "	5942	2005-09-11	"Sun"	"Midday"	"919"	9	1	9	19	"91"	"19"	10	10
"5941     Sat. Sep 10, 2005          6          4          3     "	5941	2005-09-10	"Sat"	"Evening"	"643"	6	4	3	13	"64"	"43"	10	7
"5940     Sat. Sep 10, 2005          7          7          5     "	5940	2005-09-10	"Sat"	"Midday"	"775"	7	7	5	19	"77"	"75"	14	12
"5939     Fri. Sep 09, 2005          8          3          2     "	5939	2005-09-09	"Fri"	"Evening"	"832"	8	3	2	13	"83"	"32"	11	5
"5938     Fri. Sep 09, 2005          4          6          9     "	5938	2005-09-09	"Fri"	"Midday"	"469"	4	6	9	19	"46"	"69"	10	15
"5937     Thu. Sep 08, 2005          2          2          8     "	5937	2005-09-08	"Thu"	"Evening"	"228"	2	2	8	12	"22"	"28"	4	10
"5936     Thu. Sep 08, 2005          7          7          8     "	5936	2005-09-08	"Thu"	"Midday"	"778"	7	7	8	22	"77"	"78"	14	15
"5935     Wed. Sep 07, 2005          9          8          7     "	5935	2005-09-07	"Wed"	"Evening"	"987"	9	8	7	24	"98"	"87"	17	15
"5934     Wed. Sep 07, 2005          7          9          4     "	5934	2005-09-07	"Wed"	"Midday"	"794"	7	9	4	20	"79"	"94"	16	13
"5933     Tue. Sep 06, 2005          9          4          6     "	5933	2005-09-06	"Tue"	"Evening"	"946"	9	4	6	19	"94"	"46"	13	10
"5932     Tue. Sep 06, 2005          5          4          5     "	5932	2005-09-06	"Tue"	"Midday"	"545"	5	4	5	14	"54"	"45"	9	9
"5931     Mon. Sep 05, 2005          0          1          5     "	5931	2005-09-05	"Mon"	"Evening"	"015"	0	1	5	6	"01"	"15"	1	6
"5930     Mon. Sep 05, 2005          2          6          9     "	5930	2005-09-05	"Mon"	"Midday"	"269"	2	6	9	17	"26"	"69"	8	15
"5929     Sun. Sep 04, 2005          1          6          0     "	5929	2005-09-04	"Sun"	"Evening"	"160"	1	6	0	7	"16"	"60"	7	6
"5928     Sun. Sep 04, 2005          2          5          6     "	5928	2005-09-04	"Sun"	"Midday"	"256"	2	5	6	13	"25"	"56"	7	11
"5927     Sat. Sep 03, 2005          2          1          4     "	5927	2005-09-03	"Sat"	"Evening"	"214"	2	1	4	7	"21"	"14"	3	5
"5926     Sat. Sep 03, 2005          3          8          8     "	5926	2005-09-03	"Sat"	"Midday"	"388"	3	8	8	19	"38"	"88"	11	16
"5925     Fri. Sep 02, 2005          3          0          3     "	5925	2005-09-02	"Fri"	"Evening"	"303"	3	0	3	6	"30"	"03"	3	3
"5924     Fri. Sep 02, 2005          1          5          9     "	5924	2005-09-02	"Fri"	"Midday"	"159"	1	5	9	15	"15"	"59"	6	14
"5923     Thu. Sep 01, 2005          7          3          7     "	5923	2005-09-01	"Thu"	"Evening"	"737"	7	3	7	17	"73"	"37"	10	10
"5922     Thu. Sep 01, 2005          4          7          5     "	5922	2005-09-01	"Thu"	"Midday"	"475"	4	7	5	16	"47"	"75"	11	12
"5921     Wed. Aug 31, 2005          8          0          6     "	5921	2005-08-31	"Wed"	"Evening"	"806"	8	0	6	14	"80"	"06"	8	6
"5920     Wed. Aug 31, 2005          2          8          1     "	5920	2005-08-31	"Wed"	"Midday"	"281"	2	8	1	11	"28"	"81"	10	9
"5919     Tue. Aug 30, 2005          7          5          2     "	5919	2005-08-30	"Tue"	"Evening"	"752"	7	5	2	14	"75"	"52"	12	7
"5918     Tue. Aug 30, 2005          8          5          6     "	5918	2005-08-30	"Tue"	"Midday"	"856"	8	5	6	19	"85"	"56"	13	11
"5917     Mon. Aug 29, 2005          1          9          5     "	5917	2005-08-29	"Mon"	"Evening"	"195"	1	9	5	15	"19"	"95"	10	14
"5916     Mon. Aug 29, 2005          2          1          5     "	5916	2005-08-29	"Mon"	"Midday"	"215"	2	1	5	8	"21"	"15"	3	6
"5915     Sun. Aug 28, 2005          4          0          6     "	5915	2005-08-28	"Sun"	"Evening"	"406"	4	0	6	10	"40"	"06"	4	6
"5914     Sun. Aug 28, 2005          6          5          2     "	5914	2005-08-28	"Sun"	"Midday"	"652"	6	5	2	13	"65"	"52"	11	7
"5913     Sat. Aug 27, 2005          2          7          4     "	5913	2005-08-27	"Sat"	"Evening"	"274"	2	7	4	13	"27"	"74"	9	11
"5912     Sat. Aug 27, 2005          7          3          3     "	5912	2005-08-27	"Sat"	"Midday"	"733"	7	3	3	13	"73"	"33"	10	6
"5911     Fri. Aug 26, 2005          4          6          3     "	5911	2005-08-26	"Fri"	"Evening"	"463"	4	6	3	13	"46"	"63"	10	9
"5910     Fri. Aug 26, 2005          1          5          7     "	5910	2005-08-26	"Fri"	"Midday"	"157"	1	5	7	13	"15"	"57"	6	12
"5909     Thu. Aug 25, 2005          0          6          0     "	5909	2005-08-25	"Thu"	"Evening"	"060"	0	6	0	6	"06"	"60"	6	6
"5908     Thu. Aug 25, 2005          4          7          2     "	5908	2005-08-25	"Thu"	"Midday"	"472"	4	7	2	13	"47"	"72"	11	9
"5907     Wed. Aug 24, 2005          9          8          1     "	5907	2005-08-24	"Wed"	"Evening"	"981"	9	8	1	18	"98"	"81"	17	9
"5906     Wed. Aug 24, 2005          0          4          2     "	5906	2005-08-24	"Wed"	"Midday"	"042"	0	4	2	6	"04"	"42"	4	6
"5905     Tue. Aug 23, 2005          6          6          9     "	5905	2005-08-23	"Tue"	"Evening"	"669"	6	6	9	21	"66"	"69"	12	15
"5904     Tue. Aug 23, 2005          7          3          4     "	5904	2005-08-23	"Tue"	"Midday"	"734"	7	3	4	14	"73"	"34"	10	7
"5903     Mon. Aug 22, 2005          9          9          3     "	5903	2005-08-22	"Mon"	"Evening"	"993"	9	9	3	21	"99"	"93"	18	12
"5902     Mon. Aug 22, 2005          4          1          4     "	5902	2005-08-22	"Mon"	"Midday"	"414"	4	1	4	9	"41"	"14"	5	5
"5901     Sun. Aug 21, 2005          5          0          6     "	5901	2005-08-21	"Sun"	"Evening"	"506"	5	0	6	11	"50"	"06"	5	6
"5900     Sun. Aug 21, 2005          1          1          2     "	5900	2005-08-21	"Sun"	"Midday"	"112"	1	1	2	4	"11"	"12"	2	3
"5899     Sat. Aug 20, 2005          2          3          0     "	5899	2005-08-20	"Sat"	"Evening"	"230"	2	3	0	5	"23"	"30"	5	3
"5898     Sat. Aug 20, 2005          5          2          8     "	5898	2005-08-20	"Sat"	"Midday"	"528"	5	2	8	15	"52"	"28"	7	10
"5897     Fri. Aug 19, 2005          9          7          3     "	5897	2005-08-19	"Fri"	"Evening"	"973"	9	7	3	19	"97"	"73"	16	10
"5896     Fri. Aug 19, 2005          1          7          0     "	5896	2005-08-19	"Fri"	"Midday"	"170"	1	7	0	8	"17"	"70"	8	7
"5895     Thu. Aug 18, 2005          0          3          2     "	5895	2005-08-18	"Thu"	"Evening"	"032"	0	3	2	5	"03"	"32"	3	5
"5894     Thu. Aug 18, 2005          9          1          6     "	5894	2005-08-18	"Thu"	"Midday"	"916"	9	1	6	16	"91"	"16"	10	7
"5893     Wed. Aug 17, 2005          7          1          3     "	5893	2005-08-17	"Wed"	"Evening"	"713"	7	1	3	11	"71"	"13"	8	4
"5892     Wed. Aug 17, 2005          3          2          5     "	5892	2005-08-17	"Wed"	"Midday"	"325"	3	2	5	10	"32"	"25"	5	7
"5891     Tue. Aug 16, 2005          8          0          3     "	5891	2005-08-16	"Tue"	"Evening"	"803"	8	0	3	11	"80"	"03"	8	3
"5890     Tue. Aug 16, 2005          2          2          7     "	5890	2005-08-16	"Tue"	"Midday"	"227"	2	2	7	11	"22"	"27"	4	9
"5889     Mon. Aug 15, 2005          5          7          1     "	5889	2005-08-15	"Mon"	"Evening"	"571"	5	7	1	13	"57"	"71"	12	8
"5888     Mon. Aug 15, 2005          2          2          2     "	5888	2005-08-15	"Mon"	"Midday"	"222"	2	2	2	6	"22"	"22"	4	4
"5887     Sun. Aug 14, 2005          6          6          0     "	5887	2005-08-14	"Sun"	"Evening"	"660"	6	6	0	12	"66"	"60"	12	6
"5886     Sun. Aug 14, 2005          1          2          2     "	5886	2005-08-14	"Sun"	"Midday"	"122"	1	2	2	5	"12"	"22"	3	4
"5885     Sat. Aug 13, 2005          3          9          7     "	5885	2005-08-13	"Sat"	"Evening"	"397"	3	9	7	19	"39"	"97"	12	16
"5884     Sat. Aug 13, 2005          1          9          2     "	5884	2005-08-13	"Sat"	"Midday"	"192"	1	9	2	12	"19"	"92"	10	11
"5883     Fri. Aug 12, 2005          5          1          6     "	5883	2005-08-12	"Fri"	"Evening"	"516"	5	1	6	12	"51"	"16"	6	7
"5882     Fri. Aug 12, 2005          6          7          4     "	5882	2005-08-12	"Fri"	"Midday"	"674"	6	7	4	17	"67"	"74"	13	11
"5881     Thu. Aug 11, 2005          1          4          7     "	5881	2005-08-11	"Thu"	"Evening"	"147"	1	4	7	12	"14"	"47"	5	11
"5880     Thu. Aug 11, 2005          4          3          8     "	5880	2005-08-11	"Thu"	"Midday"	"438"	4	3	8	15	"43"	"38"	7	11
"5879     Wed. Aug 10, 2005          0          7          3     "	5879	2005-08-10	"Wed"	"Evening"	"073"	0	7	3	10	"07"	"73"	7	10
"5878     Wed. Aug 10, 2005          2          6          0     "	5878	2005-08-10	"Wed"	"Midday"	"260"	2	6	0	8	"26"	"60"	8	6
"5877     Tue. Aug 09, 2005          2          5          5     "	5877	2005-08-09	"Tue"	"Evening"	"255"	2	5	5	12	"25"	"55"	7	10
"5876     Tue. Aug 09, 2005          0          6          0     "	5876	2005-08-09	"Tue"	"Midday"	"060"	0	6	0	6	"06"	"60"	6	6
"5875     Mon. Aug 08, 2005          8          3          0     "	5875	2005-08-08	"Mon"	"Evening"	"830"	8	3	0	11	"83"	"30"	11	3
"5874     Mon. Aug 08, 2005          2          8          1     "	5874	2005-08-08	"Mon"	"Midday"	"281"	2	8	1	11	"28"	"81"	10	9
"5873     Sun. Aug 07, 2005          3          2          9     "	5873	2005-08-07	"Sun"	"Evening"	"329"	3	2	9	14	"32"	"29"	5	11
"5872     Sun. Aug 07, 2005          6          3          9     "	5872	2005-08-07	"Sun"	"Midday"	"639"	6	3	9	18	"63"	"39"	9	12
"5871     Sat. Aug 06, 2005          1          0          6     "	5871	2005-08-06	"Sat"	"Evening"	"106"	1	0	6	7	"10"	"06"	1	6
"5870     Sat. Aug 06, 2005          7          5          1     "	5870	2005-08-06	"Sat"	"Midday"	"751"	7	5	1	13	"75"	"51"	12	6
"5869     Fri. Aug 05, 2005          1          2          5     "	5869	2005-08-05	"Fri"	"Evening"	"125"	1	2	5	8	"12"	"25"	3	7
"5868     Fri. Aug 05, 2005          5          3          2     "	5868	2005-08-05	"Fri"	"Midday"	"532"	5	3	2	10	"53"	"32"	8	5
"5867     Thu. Aug 04, 2005          4          7          3     "	5867	2005-08-04	"Thu"	"Evening"	"473"	4	7	3	14	"47"	"73"	11	10
"5866     Thu. Aug 04, 2005          3          8          6     "	5866	2005-08-04	"Thu"	"Midday"	"386"	3	8	6	17	"38"	"86"	11	14
"5865     Wed. Aug 03, 2005          5          8          5     "	5865	2005-08-03	"Wed"	"Evening"	"585"	5	8	5	18	"58"	"85"	13	13
"5864     Wed. Aug 03, 2005          3          5          5     "	5864	2005-08-03	"Wed"	"Midday"	"355"	3	5	5	13	"35"	"55"	8	10
"5863     Tue. Aug 02, 2005          8          2          1     "	5863	2005-08-02	"Tue"	"Evening"	"821"	8	2	1	11	"82"	"21"	10	3
"5862     Tue. Aug 02, 2005          8          1          1     "	5862	2005-08-02	"Tue"	"Midday"	"811"	8	1	1	10	"81"	"11"	9	2
"5861     Mon. Aug 01, 2005          0          7          7     "	5861	2005-08-01	"Mon"	"Evening"	"077"	0	7	7	14	"07"	"77"	7	14
"5860     Mon. Aug 01, 2005          8          3          4     "	5860	2005-08-01	"Mon"	"Midday"	"834"	8	3	4	15	"83"	"34"	11	7
"5859     Sun. Jul 31, 2005          4          1          5     "	5859	2005-07-31	"Sun"	"Evening"	"415"	4	1	5	10	"41"	"15"	5	6
"5858     Sun. Jul 31, 2005          1          9          9     "	5858	2005-07-31	"Sun"	"Midday"	"199"	1	9	9	19	"19"	"99"	10	18
"5857     Sat. Jul 30, 2005          6          1          0     "	5857	2005-07-30	"Sat"	"Evening"	"610"	6	1	0	7	"61"	"10"	7	1
"5856     Sat. Jul 30, 2005          9          8          7     "	5856	2005-07-30	"Sat"	"Midday"	"987"	9	8	7	24	"98"	"87"	17	15
"5855     Fri. Jul 29, 2005          2          4          4     "	5855	2005-07-29	"Fri"	"Evening"	"244"	2	4	4	10	"24"	"44"	6	8
"5854     Fri. Jul 29, 2005          5          1          6     "	5854	2005-07-29	"Fri"	"Midday"	"516"	5	1	6	12	"51"	"16"	6	7
"5853     Thu. Jul 28, 2005          3          0          5     "	5853	2005-07-28	"Thu"	"Evening"	"305"	3	0	5	8	"30"	"05"	3	5
"5852     Thu. Jul 28, 2005          6          2          1     "	5852	2005-07-28	"Thu"	"Midday"	"621"	6	2	1	9	"62"	"21"	8	3
"5851     Wed. Jul 27, 2005          1          4          4     "	5851	2005-07-27	"Wed"	"Evening"	"144"	1	4	4	9	"14"	"44"	5	8
"5850     Wed. Jul 27, 2005          8          2          3     "	5850	2005-07-27	"Wed"	"Midday"	"823"	8	2	3	13	"82"	"23"	10	5
"5849     Tue. Jul 26, 2005          8          6          1     "	5849	2005-07-26	"Tue"	"Evening"	"861"	8	6	1	15	"86"	"61"	14	7
"5848     Tue. Jul 26, 2005          3          6          6     "	5848	2005-07-26	"Tue"	"Midday"	"366"	3	6	6	15	"36"	"66"	9	12
"5847     Mon. Jul 25, 2005          1          7          5     "	5847	2005-07-25	"Mon"	"Evening"	"175"	1	7	5	13	"17"	"75"	8	12
"5846     Mon. Jul 25, 2005          8          5          3     "	5846	2005-07-25	"Mon"	"Midday"	"853"	8	5	3	16	"85"	"53"	13	8
"5845     Sun. Jul 24, 2005          8          1          1     "	5845	2005-07-24	"Sun"	"Evening"	"811"	8	1	1	10	"81"	"11"	9	2
"5844     Sun. Jul 24, 2005          6          0          6     "	5844	2005-07-24	"Sun"	"Midday"	"606"	6	0	6	12	"60"	"06"	6	6
"5843     Sat. Jul 23, 2005          9          0          2     "	5843	2005-07-23	"Sat"	"Evening"	"902"	9	0	2	11	"90"	"02"	9	2
"5842     Sat. Jul 23, 2005          9          1          1     "	5842	2005-07-23	"Sat"	"Midday"	"911"	9	1	1	11	"91"	"11"	10	2
"5841     Fri. Jul 22, 2005          2          9          3     "	5841	2005-07-22	"Fri"	"Evening"	"293"	2	9	3	14	"29"	"93"	11	12
"5840     Fri. Jul 22, 2005          1          3          4     "	5840	2005-07-22	"Fri"	"Midday"	"134"	1	3	4	8	"13"	"34"	4	7
"5839     Thu. Jul 21, 2005          5          0          9     "	5839	2005-07-21	"Thu"	"Evening"	"509"	5	0	9	14	"50"	"09"	5	9
"5838     Thu. Jul 21, 2005          4          3          9     "	5838	2005-07-21	"Thu"	"Midday"	"439"	4	3	9	16	"43"	"39"	7	12
"5837     Wed. Jul 20, 2005          4          1          1     "	5837	2005-07-20	"Wed"	"Evening"	"411"	4	1	1	6	"41"	"11"	5	2
"5836     Wed. Jul 20, 2005          1          2          4     "	5836	2005-07-20	"Wed"	"Midday"	"124"	1	2	4	7	"12"	"24"	3	6
"5835     Tue. Jul 19, 2005          6          7          0     "	5835	2005-07-19	"Tue"	"Evening"	"670"	6	7	0	13	"67"	"70"	13	7
"5834     Tue. Jul 19, 2005          4          9          5     "	5834	2005-07-19	"Tue"	"Midday"	"495"	4	9	5	18	"49"	"95"	13	14
"5833     Mon. Jul 18, 2005          8          3          9     "	5833	2005-07-18	"Mon"	"Evening"	"839"	8	3	9	20	"83"	"39"	11	12
"5832     Mon. Jul 18, 2005          8          7          7     "	5832	2005-07-18	"Mon"	"Midday"	"877"	8	7	7	22	"87"	"77"	15	14
"5831     Sun. Jul 17, 2005          4          7          3     "	5831	2005-07-17	"Sun"	"Evening"	"473"	4	7	3	14	"47"	"73"	11	10
"5830     Sun. Jul 17, 2005          7          9          6     "	5830	2005-07-17	"Sun"	"Midday"	"796"	7	9	6	22	"79"	"96"	16	15
"5829     Sat. Jul 16, 2005          4          1          1     "	5829	2005-07-16	"Sat"	"Evening"	"411"	4	1	1	6	"41"	"11"	5	2
"5828     Sat. Jul 16, 2005          3          8          4     "	5828	2005-07-16	"Sat"	"Midday"	"384"	3	8	4	15	"38"	"84"	11	12
"5827     Fri. Jul 15, 2005          0          6          8     "	5827	2005-07-15	"Fri"	"Evening"	"068"	0	6	8	14	"06"	"68"	6	14
"5826     Fri. Jul 15, 2005          1          3          4     "	5826	2005-07-15	"Fri"	"Midday"	"134"	1	3	4	8	"13"	"34"	4	7
"5825     Thu. Jul 14, 2005          9          0          0     "	5825	2005-07-14	"Thu"	"Evening"	"900"	9	0	0	9	"90"	"00"	9	0
"5824     Thu. Jul 14, 2005          0          5          8     "	5824	2005-07-14	"Thu"	"Midday"	"058"	0	5	8	13	"05"	"58"	5	13
"5823     Wed. Jul 13, 2005          9          6          9     "	5823	2005-07-13	"Wed"	"Evening"	"969"	9	6	9	24	"96"	"69"	15	15
"5822     Wed. Jul 13, 2005          0          4          6     "	5822	2005-07-13	"Wed"	"Midday"	"046"	0	4	6	10	"04"	"46"	4	10
"5821     Tue. Jul 12, 2005          6          9          5     "	5821	2005-07-12	"Tue"	"Evening"	"695"	6	9	5	20	"69"	"95"	15	14
"5820     Tue. Jul 12, 2005          6          9          5     "	5820	2005-07-12	"Tue"	"Midday"	"695"	6	9	5	20	"69"	"95"	15	14
"5819     Mon. Jul 11, 2005          5          4          7     "	5819	2005-07-11	"Mon"	"Evening"	"547"	5	4	7	16	"54"	"47"	9	11
"5818     Mon. Jul 11, 2005          2          1          1     "	5818	2005-07-11	"Mon"	"Midday"	"211"	2	1	1	4	"21"	"11"	3	2
"5817     Sun. Jul 10, 2005          4          7          5     "	5817	2005-07-10	"Sun"	"Evening"	"475"	4	7	5	16	"47"	"75"	11	12
"5816     Sun. Jul 10, 2005          5          3          6     "	5816	2005-07-10	"Sun"	"Midday"	"536"	5	3	6	14	"53"	"36"	8	9
"5815     Sat. Jul 09, 2005          8          7          3     "	5815	2005-07-09	"Sat"	"Evening"	"873"	8	7	3	18	"87"	"73"	15	10
"5814     Sat. Jul 09, 2005          4          1          2     "	5814	2005-07-09	"Sat"	"Midday"	"412"	4	1	2	7	"41"	"12"	5	3
"5813     Fri. Jul 08, 2005          6          5          5     "	5813	2005-07-08	"Fri"	"Evening"	"655"	6	5	5	16	"65"	"55"	11	10
"5812     Fri. Jul 08, 2005          4          1          7     "	5812	2005-07-08	"Fri"	"Midday"	"417"	4	1	7	12	"41"	"17"	5	8
"5811     Thu. Jul 07, 2005          9          6          5     "	5811	2005-07-07	"Thu"	"Evening"	"965"	9	6	5	20	"96"	"65"	15	11
"5810     Thu. Jul 07, 2005          2          6          1     "	5810	2005-07-07	"Thu"	"Midday"	"261"	2	6	1	9	"26"	"61"	8	7
"5809     Wed. Jul 06, 2005          7          0          1     "	5809	2005-07-06	"Wed"	"Evening"	"701"	7	0	1	8	"70"	"01"	7	1
"5808     Wed. Jul 06, 2005          4          6          3     "	5808	2005-07-06	"Wed"	"Midday"	"463"	4	6	3	13	"46"	"63"	10	9
"5807     Tue. Jul 05, 2005          4          3          4     "	5807	2005-07-05	"Tue"	"Evening"	"434"	4	3	4	11	"43"	"34"	7	7
"5806     Tue. Jul 05, 2005          5          0          5     "	5806	2005-07-05	"Tue"	"Midday"	"505"	5	0	5	10	"50"	"05"	5	5
"5805     Mon. Jul 04, 2005          4          7          3     "	5805	2005-07-04	"Mon"	"Evening"	"473"	4	7	3	14	"47"	"73"	11	10
"5804     Mon. Jul 04, 2005          0          2          6     "	5804	2005-07-04	"Mon"	"Midday"	"026"	0	2	6	8	"02"	"26"	2	8
"5803     Sun. Jul 03, 2005          4          9          2     "	5803	2005-07-03	"Sun"	"Evening"	"492"	4	9	2	15	"49"	"92"	13	11
"5802     Sun. Jul 03, 2005          1          0          6     "	5802	2005-07-03	"Sun"	"Midday"	"106"	1	0	6	7	"10"	"06"	1	6
"5801     Sat. Jul 02, 2005          8          7          1     "	5801	2005-07-02	"Sat"	"Evening"	"871"	8	7	1	16	"87"	"71"	15	8
"5800     Sat. Jul 02, 2005          6          7          2     "	5800	2005-07-02	"Sat"	"Midday"	"672"	6	7	2	15	"67"	"72"	13	9
"5799     Fri. Jul 01, 2005          6          8          0     "	5799	2005-07-01	"Fri"	"Evening"	"680"	6	8	0	14	"68"	"80"	14	8
"5798     Fri. Jul 01, 2005          6          4          0     "	5798	2005-07-01	"Fri"	"Midday"	"640"	6	4	0	10	"64"	"40"	10	4
"5797     Thu. Jun 30, 2005          2          4          2     "	5797	2005-06-30	"Thu"	"Evening"	"242"	2	4	2	8	"24"	"42"	6	6
"5796     Thu. Jun 30, 2005          0          7          1     "	5796	2005-06-30	"Thu"	"Midday"	"071"	0	7	1	8	"07"	"71"	7	8
"5795     Wed. Jun 29, 2005          0          9          2     "	5795	2005-06-29	"Wed"	"Evening"	"092"	0	9	2	11	"09"	"92"	9	11
"5794     Wed. Jun 29, 2005          2          1          8     "	5794	2005-06-29	"Wed"	"Midday"	"218"	2	1	8	11	"21"	"18"	3	9
"5793     Tue. Jun 28, 2005          2          7          5     "	5793	2005-06-28	"Tue"	"Evening"	"275"	2	7	5	14	"27"	"75"	9	12
"5792     Tue. Jun 28, 2005          0          5          9     "	5792	2005-06-28	"Tue"	"Midday"	"059"	0	5	9	14	"05"	"59"	5	14
"5791     Mon. Jun 27, 2005          6          3          7     "	5791	2005-06-27	"Mon"	"Evening"	"637"	6	3	7	16	"63"	"37"	9	10
"5790     Mon. Jun 27, 2005          7          1          6     "	5790	2005-06-27	"Mon"	"Midday"	"716"	7	1	6	14	"71"	"16"	8	7
"5789     Sun. Jun 26, 2005          0          1          7     "	5789	2005-06-26	"Sun"	"Evening"	"017"	0	1	7	8	"01"	"17"	1	8
"5788     Sun. Jun 26, 2005          1          2          3     "	5788	2005-06-26	"Sun"	"Midday"	"123"	1	2	3	6	"12"	"23"	3	5
"5787     Sat. Jun 25, 2005          8          7          1     "	5787	2005-06-25	"Sat"	"Evening"	"871"	8	7	1	16	"87"	"71"	15	8
"5786     Sat. Jun 25, 2005          6          7          0     "	5786	2005-06-25	"Sat"	"Midday"	"670"	6	7	0	13	"67"	"70"	13	7
"5785     Fri. Jun 24, 2005          6          3          8     "	5785	2005-06-24	"Fri"	"Evening"	"638"	6	3	8	17	"63"	"38"	9	11
"5784     Fri. Jun 24, 2005          9          4          1     "	5784	2005-06-24	"Fri"	"Midday"	"941"	9	4	1	14	"94"	"41"	13	5
"5783     Thu. Jun 23, 2005          0          3          9     "	5783	2005-06-23	"Thu"	"Evening"	"039"	0	3	9	12	"03"	"39"	3	12
"5782     Thu. Jun 23, 2005          6          4          2     "	5782	2005-06-23	"Thu"	"Midday"	"642"	6	4	2	12	"64"	"42"	10	6
"5781     Wed. Jun 22, 2005          6          0          7     "	5781	2005-06-22	"Wed"	"Evening"	"607"	6	0	7	13	"60"	"07"	6	7
"5780     Wed. Jun 22, 2005          5          8          5     "	5780	2005-06-22	"Wed"	"Midday"	"585"	5	8	5	18	"58"	"85"	13	13
"5779     Tue. Jun 21, 2005          2          2          0     "	5779	2005-06-21	"Tue"	"Evening"	"220"	2	2	0	4	"22"	"20"	4	2
"5778     Tue. Jun 21, 2005          2          4          4     "	5778	2005-06-21	"Tue"	"Midday"	"244"	2	4	4	10	"24"	"44"	6	8
"5777     Mon. Jun 20, 2005          7          5          0     "	5777	2005-06-20	"Mon"	"Evening"	"750"	7	5	0	12	"75"	"50"	12	5
"5776     Mon. Jun 20, 2005          5          9          4     "	5776	2005-06-20	"Mon"	"Midday"	"594"	5	9	4	18	"59"	"94"	14	13
"5775     Sun. Jun 19, 2005          0          0          8     "	5775	2005-06-19	"Sun"	"Evening"	"008"	0	0	8	8	"00"	"08"	0	8
"5774     Sun. Jun 19, 2005          0          2          3     "	5774	2005-06-19	"Sun"	"Midday"	"023"	0	2	3	5	"02"	"23"	2	5
"5773     Sat. Jun 18, 2005          8          4          0     "	5773	2005-06-18	"Sat"	"Evening"	"840"	8	4	0	12	"84"	"40"	12	4
"5772     Sat. Jun 18, 2005          1          8          2     "	5772	2005-06-18	"Sat"	"Midday"	"182"	1	8	2	11	"18"	"82"	9	10
"5771     Fri. Jun 17, 2005          2          9          8     "	5771	2005-06-17	"Fri"	"Evening"	"298"	2	9	8	19	"29"	"98"	11	17
"5770     Fri. Jun 17, 2005          2          3          0     "	5770	2005-06-17	"Fri"	"Midday"	"230"	2	3	0	5	"23"	"30"	5	3
"5769     Thu. Jun 16, 2005          1          0          1     "	5769	2005-06-16	"Thu"	"Evening"	"101"	1	0	1	2	"10"	"01"	1	1
"5768     Thu. Jun 16, 2005          6          8          4     "	5768	2005-06-16	"Thu"	"Midday"	"684"	6	8	4	18	"68"	"84"	14	12
"5767     Wed. Jun 15, 2005          8          3          9     "	5767	2005-06-15	"Wed"	"Evening"	"839"	8	3	9	20	"83"	"39"	11	12
"5766     Wed. Jun 15, 2005          3          7          0     "	5766	2005-06-15	"Wed"	"Midday"	"370"	3	7	0	10	"37"	"70"	10	7
"5765     Tue. Jun 14, 2005          3          8          0     "	5765	2005-06-14	"Tue"	"Evening"	"380"	3	8	0	11	"38"	"80"	11	8
"5764     Tue. Jun 14, 2005          1          0          6     "	5764	2005-06-14	"Tue"	"Midday"	"106"	1	0	6	7	"10"	"06"	1	6
"5763     Mon. Jun 13, 2005          0          9          0     "	5763	2005-06-13	"Mon"	"Evening"	"090"	0	9	0	9	"09"	"90"	9	9
"5762     Mon. Jun 13, 2005          1          9          4     "	5762	2005-06-13	"Mon"	"Midday"	"194"	1	9	4	14	"19"	"94"	10	13
"5761     Sun. Jun 12, 2005          2          7          9     "	5761	2005-06-12	"Sun"	"Evening"	"279"	2	7	9	18	"27"	"79"	9	16
"5760     Sun. Jun 12, 2005          9          7          7     "	5760	2005-06-12	"Sun"	"Midday"	"977"	9	7	7	23	"97"	"77"	16	14
"5759     Sat. Jun 11, 2005          8          0          4     "	5759	2005-06-11	"Sat"	"Evening"	"804"	8	0	4	12	"80"	"04"	8	4
"5758     Sat. Jun 11, 2005          2          7          9     "	5758	2005-06-11	"Sat"	"Midday"	"279"	2	7	9	18	"27"	"79"	9	16
"5757     Fri. Jun 10, 2005          4          6          1     "	5757	2005-06-10	"Fri"	"Evening"	"461"	4	6	1	11	"46"	"61"	10	7
"5756     Fri. Jun 10, 2005          5          9          4     "	5756	2005-06-10	"Fri"	"Midday"	"594"	5	9	4	18	"59"	"94"	14	13
"5755     Thu. Jun 09, 2005          8          7          2     "	5755	2005-06-09	"Thu"	"Evening"	"872"	8	7	2	17	"87"	"72"	15	9
"5754     Thu. Jun 09, 2005          1          9          2     "	5754	2005-06-09	"Thu"	"Midday"	"192"	1	9	2	12	"19"	"92"	10	11
"5753     Wed. Jun 08, 2005          3          5          1     "	5753	2005-06-08	"Wed"	"Evening"	"351"	3	5	1	9	"35"	"51"	8	6
"5752     Wed. Jun 08, 2005          5          9          8     "	5752	2005-06-08	"Wed"	"Midday"	"598"	5	9	8	22	"59"	"98"	14	17
"5751     Tue. Jun 07, 2005          9          0          6     "	5751	2005-06-07	"Tue"	"Evening"	"906"	9	0	6	15	"90"	"06"	9	6
"5750     Tue. Jun 07, 2005          3          0          6     "	5750	2005-06-07	"Tue"	"Midday"	"306"	3	0	6	9	"30"	"06"	3	6
"5749     Mon. Jun 06, 2005          5          7          6     "	5749	2005-06-06	"Mon"	"Evening"	"576"	5	7	6	18	"57"	"76"	12	13
"5748     Mon. Jun 06, 2005          7          8          8     "	5748	2005-06-06	"Mon"	"Midday"	"788"	7	8	8	23	"78"	"88"	15	16
"5747     Sun. Jun 05, 2005          0          6          3     "	5747	2005-06-05	"Sun"	"Evening"	"063"	0	6	3	9	"06"	"63"	6	9
"5746     Sun. Jun 05, 2005          5          3          1     "	5746	2005-06-05	"Sun"	"Midday"	"531"	5	3	1	9	"53"	"31"	8	4
"5745     Sat. Jun 04, 2005          7          8          2     "	5745	2005-06-04	"Sat"	"Evening"	"782"	7	8	2	17	"78"	"82"	15	10
"5744     Sat. Jun 04, 2005          1          0          1     "	5744	2005-06-04	"Sat"	"Midday"	"101"	1	0	1	2	"10"	"01"	1	1
"5743     Fri. Jun 03, 2005          9          8          4     "	5743	2005-06-03	"Fri"	"Evening"	"984"	9	8	4	21	"98"	"84"	17	12
"5742     Fri. Jun 03, 2005          2          3          1     "	5742	2005-06-03	"Fri"	"Midday"	"231"	2	3	1	6	"23"	"31"	5	4
"5741     Thu. Jun 02, 2005          5          4          3     "	5741	2005-06-02	"Thu"	"Evening"	"543"	5	4	3	12	"54"	"43"	9	7
"5740     Thu. Jun 02, 2005          5          0          8     "	5740	2005-06-02	"Thu"	"Midday"	"508"	5	0	8	13	"50"	"08"	5	8
"5739     Wed. Jun 01, 2005          7          7          8     "	5739	2005-06-01	"Wed"	"Evening"	"778"	7	7	8	22	"77"	"78"	14	15
"5738     Wed. Jun 01, 2005          7          6          7     "	5738	2005-06-01	"Wed"	"Midday"	"767"	7	6	7	20	"76"	"67"	13	13
"5737     Tue. May 31, 2005          6          2          8     "	5737	2005-05-31	"Tue"	"Evening"	"628"	6	2	8	16	"62"	"28"	8	10
"5736     Tue. May 31, 2005          6          8          1     "	5736	2005-05-31	"Tue"	"Midday"	"681"	6	8	1	15	"68"	"81"	14	9
"5735     Mon. May 30, 2005          8          1          3     "	5735	2005-05-30	"Mon"	"Evening"	"813"	8	1	3	12	"81"	"13"	9	4
"5734     Mon. May 30, 2005          9          1          6     "	5734	2005-05-30	"Mon"	"Midday"	"916"	9	1	6	16	"91"	"16"	10	7
"5733     Sun. May 29, 2005          6          4          6     "	5733	2005-05-29	"Sun"	"Evening"	"646"	6	4	6	16	"64"	"46"	10	10
"5732     Sun. May 29, 2005          1          7          4     "	5732	2005-05-29	"Sun"	"Midday"	"174"	1	7	4	12	"17"	"74"	8	11
"5731     Sat. May 28, 2005          8          8          5     "	5731	2005-05-28	"Sat"	"Evening"	"885"	8	8	5	21	"88"	"85"	16	13
"5730     Sat. May 28, 2005          7          1          7     "	5730	2005-05-28	"Sat"	"Midday"	"717"	7	1	7	15	"71"	"17"	8	8
"5729     Fri. May 27, 2005          5          4          2     "	5729	2005-05-27	"Fri"	"Evening"	"542"	5	4	2	11	"54"	"42"	9	6
"5728     Fri. May 27, 2005          3          1          3     "	5728	2005-05-27	"Fri"	"Midday"	"313"	3	1	3	7	"31"	"13"	4	4
"5727     Thu. May 26, 2005          3          0          8     "	5727	2005-05-26	"Thu"	"Evening"	"308"	3	0	8	11	"30"	"08"	3	8
"5726     Thu. May 26, 2005          8          4          6     "	5726	2005-05-26	"Thu"	"Midday"	"846"	8	4	6	18	"84"	"46"	12	10
"5725     Wed. May 25, 2005          0          6          5     "	5725	2005-05-25	"Wed"	"Evening"	"065"	0	6	5	11	"06"	"65"	6	11
"5724     Wed. May 25, 2005          8          5          7     "	5724	2005-05-25	"Wed"	"Midday"	"857"	8	5	7	20	"85"	"57"	13	12
"5723     Tue. May 24, 2005          0          8          4     "	5723	2005-05-24	"Tue"	"Evening"	"084"	0	8	4	12	"08"	"84"	8	12
"5722     Tue. May 24, 2005          5          9          6     "	5722	2005-05-24	"Tue"	"Midday"	"596"	5	9	6	20	"59"	"96"	14	15
"5721     Mon. May 23, 2005          6          4          6     "	5721	2005-05-23	"Mon"	"Evening"	"646"	6	4	6	16	"64"	"46"	10	10
"5720     Mon. May 23, 2005          8          7          6     "	5720	2005-05-23	"Mon"	"Midday"	"876"	8	7	6	21	"87"	"76"	15	13
"5719     Sun. May 22, 2005          1          1          6     "	5719	2005-05-22	"Sun"	"Evening"	"116"	1	1	6	8	"11"	"16"	2	7
"5718     Sun. May 22, 2005          2          7          1     "	5718	2005-05-22	"Sun"	"Midday"	"271"	2	7	1	10	"27"	"71"	9	8
"5717     Sat. May 21, 2005          5          0          1     "	5717	2005-05-21	"Sat"	"Evening"	"501"	5	0	1	6	"50"	"01"	5	1
"5716     Sat. May 21, 2005          0          9          9     "	5716	2005-05-21	"Sat"	"Midday"	"099"	0	9	9	18	"09"	"99"	9	18
"5715     Fri. May 20, 2005          9          1          4     "	5715	2005-05-20	"Fri"	"Evening"	"914"	9	1	4	14	"91"	"14"	10	5
"5714     Fri. May 20, 2005          2          7          3     "	5714	2005-05-20	"Fri"	"Midday"	"273"	2	7	3	12	"27"	"73"	9	10
"5713     Thu. May 19, 2005          0          7          3     "	5713	2005-05-19	"Thu"	"Evening"	"073"	0	7	3	10	"07"	"73"	7	10
"5712     Thu. May 19, 2005          9          5          9     "	5712	2005-05-19	"Thu"	"Midday"	"959"	9	5	9	23	"95"	"59"	14	14
"5711     Wed. May 18, 2005          8          4          5     "	5711	2005-05-18	"Wed"	"Evening"	"845"	8	4	5	17	"84"	"45"	12	9
"5710     Wed. May 18, 2005          3          7          2     "	5710	2005-05-18	"Wed"	"Midday"	"372"	3	7	2	12	"37"	"72"	10	9
"5709     Tue. May 17, 2005          2          8          9     "	5709	2005-05-17	"Tue"	"Evening"	"289"	2	8	9	19	"28"	"89"	10	17
"5708     Tue. May 17, 2005          6          7          4     "	5708	2005-05-17	"Tue"	"Midday"	"674"	6	7	4	17	"67"	"74"	13	11
"5707     Mon. May 16, 2005          0          5          5     "	5707	2005-05-16	"Mon"	"Evening"	"055"	0	5	5	10	"05"	"55"	5	10
"5706     Mon. May 16, 2005          6          3          3     "	5706	2005-05-16	"Mon"	"Midday"	"633"	6	3	3	12	"63"	"33"	9	6
"5705     Sun. May 15, 2005          2          2          9     "	5705	2005-05-15	"Sun"	"Evening"	"229"	2	2	9	13	"22"	"29"	4	11
"5704     Sun. May 15, 2005          9          4          7     "	5704	2005-05-15	"Sun"	"Midday"	"947"	9	4	7	20	"94"	"47"	13	11
"5703     Sat. May 14, 2005          4          5          3     "	5703	2005-05-14	"Sat"	"Evening"	"453"	4	5	3	12	"45"	"53"	9	8
"5702     Sat. May 14, 2005          3          9          2     "	5702	2005-05-14	"Sat"	"Midday"	"392"	3	9	2	14	"39"	"92"	12	11
"5701     Fri. May 13, 2005          3          9          7     "	5701	2005-05-13	"Fri"	"Evening"	"397"	3	9	7	19	"39"	"97"	12	16
"5700     Fri. May 13, 2005          8          3          0     "	5700	2005-05-13	"Fri"	"Midday"	"830"	8	3	0	11	"83"	"30"	11	3
"5699     Thu. May 12, 2005          1          2          2     "	5699	2005-05-12	"Thu"	"Evening"	"122"	1	2	2	5	"12"	"22"	3	4
"5698     Thu. May 12, 2005          0          3          6     "	5698	2005-05-12	"Thu"	"Midday"	"036"	0	3	6	9	"03"	"36"	3	9
"5697     Wed. May 11, 2005          8          9          3     "	5697	2005-05-11	"Wed"	"Evening"	"893"	8	9	3	20	"89"	"93"	17	12
"5696     Wed. May 11, 2005          7          7          9     "	5696	2005-05-11	"Wed"	"Midday"	"779"	7	7	9	23	"77"	"79"	14	16
"5695     Tue. May 10, 2005          7          3          4     "	5695	2005-05-10	"Tue"	"Evening"	"734"	7	3	4	14	"73"	"34"	10	7
"5694     Tue. May 10, 2005          0          8          0     "	5694	2005-05-10	"Tue"	"Midday"	"080"	0	8	0	8	"08"	"80"	8	8
"5693     Mon. May 09, 2005          4          4          8     "	5693	2005-05-09	"Mon"	"Evening"	"448"	4	4	8	16	"44"	"48"	8	12
"5692     Mon. May 09, 2005          2          7          4     "	5692	2005-05-09	"Mon"	"Midday"	"274"	2	7	4	13	"27"	"74"	9	11
"5691     Sun. May 08, 2005          6          7          6     "	5691	2005-05-08	"Sun"	"Evening"	"676"	6	7	6	19	"67"	"76"	13	13
"5690     Sun. May 08, 2005          0          9          1     "	5690	2005-05-08	"Sun"	"Midday"	"091"	0	9	1	10	"09"	"91"	9	10
"5689     Sat. May 07, 2005          2          1          1     "	5689	2005-05-07	"Sat"	"Evening"	"211"	2	1	1	4	"21"	"11"	3	2
"5688     Sat. May 07, 2005          2          7          3     "	5688	2005-05-07	"Sat"	"Midday"	"273"	2	7	3	12	"27"	"73"	9	10
"5687     Fri. May 06, 2005          6          5          5     "	5687	2005-05-06	"Fri"	"Evening"	"655"	6	5	5	16	"65"	"55"	11	10
"5686     Fri. May 06, 2005          1          8          4     "	5686	2005-05-06	"Fri"	"Midday"	"184"	1	8	4	13	"18"	"84"	9	12
"5685     Thu. May 05, 2005          0          7          2     "	5685	2005-05-05	"Thu"	"Evening"	"072"	0	7	2	9	"07"	"72"	7	9
"5684     Thu. May 05, 2005          8          1          3     "	5684	2005-05-05	"Thu"	"Midday"	"813"	8	1	3	12	"81"	"13"	9	4
"5683     Wed. May 04, 2005          7          7          5     "	5683	2005-05-04	"Wed"	"Evening"	"775"	7	7	5	19	"77"	"75"	14	12
"5682     Wed. May 04, 2005          8          4          6     "	5682	2005-05-04	"Wed"	"Midday"	"846"	8	4	6	18	"84"	"46"	12	10
"5681     Tue. May 03, 2005          9          7          9     "	5681	2005-05-03	"Tue"	"Evening"	"979"	9	7	9	25	"97"	"79"	16	16
"5680     Tue. May 03, 2005          4          0          6     "	5680	2005-05-03	"Tue"	"Midday"	"406"	4	0	6	10	"40"	"06"	4	6
"5679     Mon. May 02, 2005          1          2          3     "	5679	2005-05-02	"Mon"	"Evening"	"123"	1	2	3	6	"12"	"23"	3	5
"5678     Mon. May 02, 2005          9          7          7     "	5678	2005-05-02	"Mon"	"Midday"	"977"	9	7	7	23	"97"	"77"	16	14
"5677     Sun. May 01, 2005          6          6          9     "	5677	2005-05-01	"Sun"	"Evening"	"669"	6	6	9	21	"66"	"69"	12	15
"5676     Sun. May 01, 2005          7          3          5     "	5676	2005-05-01	"Sun"	"Midday"	"735"	7	3	5	15	"73"	"35"	10	8
"5675     Sat. Apr 30, 2005          3          8          0     "	5675	2005-04-30	"Sat"	"Evening"	"380"	3	8	0	11	"38"	"80"	11	8
"5674     Sat. Apr 30, 2005          9          2          5     "	5674	2005-04-30	"Sat"	"Midday"	"925"	9	2	5	16	"92"	"25"	11	7
"5673     Fri. Apr 29, 2005          5          6          0     "	5673	2005-04-29	"Fri"	"Evening"	"560"	5	6	0	11	"56"	"60"	11	6
"5672     Fri. Apr 29, 2005          1          0          5     "	5672	2005-04-29	"Fri"	"Midday"	"105"	1	0	5	6	"10"	"05"	1	5
"5671     Thu. Apr 28, 2005          7          0          2     "	5671	2005-04-28	"Thu"	"Evening"	"702"	7	0	2	9	"70"	"02"	7	2
"5670     Thu. Apr 28, 2005          0          2          0     "	5670	2005-04-28	"Thu"	"Midday"	"020"	0	2	0	2	"02"	"20"	2	2
"5669     Wed. Apr 27, 2005          6          3          4     "	5669	2005-04-27	"Wed"	"Evening"	"634"	6	3	4	13	"63"	"34"	9	7
"5668     Wed. Apr 27, 2005          4          1          3     "	5668	2005-04-27	"Wed"	"Midday"	"413"	4	1	3	8	"41"	"13"	5	4
"5667     Tue. Apr 26, 2005          1          6          8     "	5667	2005-04-26	"Tue"	"Evening"	"168"	1	6	8	15	"16"	"68"	7	14
"5666     Tue. Apr 26, 2005          7          2          2     "	5666	2005-04-26	"Tue"	"Midday"	"722"	7	2	2	11	"72"	"22"	9	4
"5665     Mon. Apr 25, 2005          8          3          2     "	5665	2005-04-25	"Mon"	"Evening"	"832"	8	3	2	13	"83"	"32"	11	5
"5664     Mon. Apr 25, 2005          9          8          7     "	5664	2005-04-25	"Mon"	"Midday"	"987"	9	8	7	24	"98"	"87"	17	15
"5663     Sun. Apr 24, 2005          4          7          1     "	5663	2005-04-24	"Sun"	"Evening"	"471"	4	7	1	12	"47"	"71"	11	8
"5662     Sun. Apr 24, 2005          3          1          7     "	5662	2005-04-24	"Sun"	"Midday"	"317"	3	1	7	11	"31"	"17"	4	8
"5661     Sat. Apr 23, 2005          1          3          3     "	5661	2005-04-23	"Sat"	"Evening"	"133"	1	3	3	7	"13"	"33"	4	6
"5660     Sat. Apr 23, 2005          8          8          3     "	5660	2005-04-23	"Sat"	"Midday"	"883"	8	8	3	19	"88"	"83"	16	11
"5659     Fri. Apr 22, 2005          8          9          7     "	5659	2005-04-22	"Fri"	"Evening"	"897"	8	9	7	24	"89"	"97"	17	16
"5658     Fri. Apr 22, 2005          7          8          3     "	5658	2005-04-22	"Fri"	"Midday"	"783"	7	8	3	18	"78"	"83"	15	11
"5657     Thu. Apr 21, 2005          6          0          6     "	5657	2005-04-21	"Thu"	"Evening"	"606"	6	0	6	12	"60"	"06"	6	6
"5656     Thu. Apr 21, 2005          7          7          6     "	5656	2005-04-21	"Thu"	"Midday"	"776"	7	7	6	20	"77"	"76"	14	13
"5655     Wed. Apr 20, 2005          7          9          7     "	5655	2005-04-20	"Wed"	"Evening"	"797"	7	9	7	23	"79"	"97"	16	16
"5654     Wed. Apr 20, 2005          2          1          1     "	5654	2005-04-20	"Wed"	"Midday"	"211"	2	1	1	4	"21"	"11"	3	2
"5653     Tue. Apr 19, 2005          8          1          8     "	5653	2005-04-19	"Tue"	"Evening"	"818"	8	1	8	17	"81"	"18"	9	9
"5652     Tue. Apr 19, 2005          3          9          0     "	5652	2005-04-19	"Tue"	"Midday"	"390"	3	9	0	12	"39"	"90"	12	9
"5651     Mon. Apr 18, 2005          6          9          3     "	5651	2005-04-18	"Mon"	"Evening"	"693"	6	9	3	18	"69"	"93"	15	12
"5650     Mon. Apr 18, 2005          0          1          9     "	5650	2005-04-18	"Mon"	"Midday"	"019"	0	1	9	10	"01"	"19"	1	10
"5649     Sun. Apr 17, 2005          4          1          0     "	5649	2005-04-17	"Sun"	"Evening"	"410"	4	1	0	5	"41"	"10"	5	1
"5648     Sun. Apr 17, 2005          0          2          5     "	5648	2005-04-17	"Sun"	"Midday"	"025"	0	2	5	7	"02"	"25"	2	7
"5647     Sat. Apr 16, 2005          1          6          2     "	5647	2005-04-16	"Sat"	"Evening"	"162"	1	6	2	9	"16"	"62"	7	8
"5646     Sat. Apr 16, 2005          4          8          9     "	5646	2005-04-16	"Sat"	"Midday"	"489"	4	8	9	21	"48"	"89"	12	17
"5645     Fri. Apr 15, 2005          2          2          5     "	5645	2005-04-15	"Fri"	"Evening"	"225"	2	2	5	9	"22"	"25"	4	7
"5644     Fri. Apr 15, 2005          5          8          0     "	5644	2005-04-15	"Fri"	"Midday"	"580"	5	8	0	13	"58"	"80"	13	8
"5643     Thu. Apr 14, 2005          6          4          0     "	5643	2005-04-14	"Thu"	"Evening"	"640"	6	4	0	10	"64"	"40"	10	4
"5642     Thu. Apr 14, 2005          3          7          3     "	5642	2005-04-14	"Thu"	"Midday"	"373"	3	7	3	13	"37"	"73"	10	10
"5641     Wed. Apr 13, 2005          2          0          5     "	5641	2005-04-13	"Wed"	"Evening"	"205"	2	0	5	7	"20"	"05"	2	5
"5640     Wed. Apr 13, 2005          9          2          2     "	5640	2005-04-13	"Wed"	"Midday"	"922"	9	2	2	13	"92"	"22"	11	4
"5639     Tue. Apr 12, 2005          8          2          7     "	5639	2005-04-12	"Tue"	"Evening"	"827"	8	2	7	17	"82"	"27"	10	9
"5638     Tue. Apr 12, 2005          7          8          7     "	5638	2005-04-12	"Tue"	"Midday"	"787"	7	8	7	22	"78"	"87"	15	15
"5637     Mon. Apr 11, 2005          0          1          4     "	5637	2005-04-11	"Mon"	"Evening"	"014"	0	1	4	5	"01"	"14"	1	5
"5636     Mon. Apr 11, 2005          4          7          9     "	5636	2005-04-11	"Mon"	"Midday"	"479"	4	7	9	20	"47"	"79"	11	16
"5635     Sun. Apr 10, 2005          2          1          2     "	5635	2005-04-10	"Sun"	"Evening"	"212"	2	1	2	5	"21"	"12"	3	3
"5634     Sun. Apr 10, 2005          1          5          8     "	5634	2005-04-10	"Sun"	"Midday"	"158"	1	5	8	14	"15"	"58"	6	13
"5633     Sat. Apr 09, 2005          2          5          9     "	5633	2005-04-09	"Sat"	"Evening"	"259"	2	5	9	16	"25"	"59"	7	14
"5632     Sat. Apr 09, 2005          4          0          2     "	5632	2005-04-09	"Sat"	"Midday"	"402"	4	0	2	6	"40"	"02"	4	2
"5631     Fri. Apr 08, 2005          4          8          3     "	5631	2005-04-08	"Fri"	"Evening"	"483"	4	8	3	15	"48"	"83"	12	11
"5630     Fri. Apr 08, 2005          8          2          3     "	5630	2005-04-08	"Fri"	"Midday"	"823"	8	2	3	13	"82"	"23"	10	5
"5629     Thu. Apr 07, 2005          5          9          8     "	5629	2005-04-07	"Thu"	"Evening"	"598"	5	9	8	22	"59"	"98"	14	17
"5628     Thu. Apr 07, 2005          8          7          9     "	5628	2005-04-07	"Thu"	"Midday"	"879"	8	7	9	24	"87"	"79"	15	16
"5627     Wed. Apr 06, 2005          0          6          5     "	5627	2005-04-06	"Wed"	"Evening"	"065"	0	6	5	11	"06"	"65"	6	11
"5626     Wed. Apr 06, 2005          4          6          2     "	5626	2005-04-06	"Wed"	"Midday"	"462"	4	6	2	12	"46"	"62"	10	8
"5625     Tue. Apr 05, 2005          7          6          8     "	5625	2005-04-05	"Tue"	"Evening"	"768"	7	6	8	21	"76"	"68"	13	14
"5624     Tue. Apr 05, 2005          7          8          9     "	5624	2005-04-05	"Tue"	"Midday"	"789"	7	8	9	24	"78"	"89"	15	17
"5623     Mon. Apr 04, 2005          0          0          1     "	5623	2005-04-04	"Mon"	"Evening"	"001"	0	0	1	1	"00"	"01"	0	1
"5622     Mon. Apr 04, 2005          5          5          5     "	5622	2005-04-04	"Mon"	"Midday"	"555"	5	5	5	15	"55"	"55"	10	10
"5621     Sun. Apr 03, 2005          9          1          3     "	5621	2005-04-03	"Sun"	"Evening"	"913"	9	1	3	13	"91"	"13"	10	4
"5620     Sun. Apr 03, 2005          8          9          8     "	5620	2005-04-03	"Sun"	"Midday"	"898"	8	9	8	25	"89"	"98"	17	17
"5619     Sat. Apr 02, 2005          9          5          7     "	5619	2005-04-02	"Sat"	"Evening"	"957"	9	5	7	21	"95"	"57"	14	12
"5618     Sat. Apr 02, 2005          4          9          8     "	5618	2005-04-02	"Sat"	"Midday"	"498"	4	9	8	21	"49"	"98"	13	17
"5617     Fri. Apr 01, 2005          4          4          0     "	5617	2005-04-01	"Fri"	"Evening"	"440"	4	4	0	8	"44"	"40"	8	4
"5616     Fri. Apr 01, 2005          3          7          5     "	5616	2005-04-01	"Fri"	"Midday"	"375"	3	7	5	15	"37"	"75"	10	12
"5615     Thu. Mar 31, 2005          8          8          2     "	5615	2005-03-31	"Thu"	"Evening"	"882"	8	8	2	18	"88"	"82"	16	10
"5614     Thu. Mar 31, 2005          0          7          6     "	5614	2005-03-31	"Thu"	"Midday"	"076"	0	7	6	13	"07"	"76"	7	13
"5613     Wed. Mar 30, 2005          7          6          7     "	5613	2005-03-30	"Wed"	"Evening"	"767"	7	6	7	20	"76"	"67"	13	13
"5612     Wed. Mar 30, 2005          3          2          7     "	5612	2005-03-30	"Wed"	"Midday"	"327"	3	2	7	12	"32"	"27"	5	9
"5611     Tue. Mar 29, 2005          8          7          2     "	5611	2005-03-29	"Tue"	"Evening"	"872"	8	7	2	17	"87"	"72"	15	9
"5610     Tue. Mar 29, 2005          2          6          1     "	5610	2005-03-29	"Tue"	"Midday"	"261"	2	6	1	9	"26"	"61"	8	7
"5609     Mon. Mar 28, 2005          5          9          7     "	5609	2005-03-28	"Mon"	"Evening"	"597"	5	9	7	21	"59"	"97"	14	16
"5608     Mon. Mar 28, 2005          0          5          1     "	5608	2005-03-28	"Mon"	"Midday"	"051"	0	5	1	6	"05"	"51"	5	6
"5607     Sun. Mar 27, 2005          5          2          5     "	5607	2005-03-27	"Sun"	"Evening"	"525"	5	2	5	12	"52"	"25"	7	7
"5606     Sun. Mar 27, 2005          5          1          4     "	5606	2005-03-27	"Sun"	"Midday"	"514"	5	1	4	10	"51"	"14"	6	5
"5605     Sat. Mar 26, 2005          8          5          9     "	5605	2005-03-26	"Sat"	"Evening"	"859"	8	5	9	22	"85"	"59"	13	14
"5604     Sat. Mar 26, 2005          5          3          0     "	5604	2005-03-26	"Sat"	"Midday"	"530"	5	3	0	8	"53"	"30"	8	3
"5603     Fri. Mar 25, 2005          2          9          6     "	5603	2005-03-25	"Fri"	"Evening"	"296"	2	9	6	17	"29"	"96"	11	15
"5602     Fri. Mar 25, 2005          3          8          9     "	5602	2005-03-25	"Fri"	"Midday"	"389"	3	8	9	20	"38"	"89"	11	17
"5601     Thu. Mar 24, 2005          0          5          1     "	5601	2005-03-24	"Thu"	"Evening"	"051"	0	5	1	6	"05"	"51"	5	6
"5600     Thu. Mar 24, 2005          9          3          9     "	5600	2005-03-24	"Thu"	"Midday"	"939"	9	3	9	21	"93"	"39"	12	12
"5599     Wed. Mar 23, 2005          4          2          5     "	5599	2005-03-23	"Wed"	"Evening"	"425"	4	2	5	11	"42"	"25"	6	7
"5598     Wed. Mar 23, 2005          9          2          6     "	5598	2005-03-23	"Wed"	"Midday"	"926"	9	2	6	17	"92"	"26"	11	8
"5597     Tue. Mar 22, 2005          4          3          3     "	5597	2005-03-22	"Tue"	"Evening"	"433"	4	3	3	10	"43"	"33"	7	6
"5596     Tue. Mar 22, 2005          5          1          0     "	5596	2005-03-22	"Tue"	"Midday"	"510"	5	1	0	6	"51"	"10"	6	1
"5595     Mon. Mar 21, 2005          3          5          1     "	5595	2005-03-21	"Mon"	"Evening"	"351"	3	5	1	9	"35"	"51"	8	6
"5594     Mon. Mar 21, 2005          7          2          1     "	5594	2005-03-21	"Mon"	"Midday"	"721"	7	2	1	10	"72"	"21"	9	3
"5593     Sun. Mar 20, 2005          5          3          6     "	5593	2005-03-20	"Sun"	"Evening"	"536"	5	3	6	14	"53"	"36"	8	9
"5592     Sun. Mar 20, 2005          9          8          7     "	5592	2005-03-20	"Sun"	"Midday"	"987"	9	8	7	24	"98"	"87"	17	15
"5591     Sat. Mar 19, 2005          8          7          6     "	5591	2005-03-19	"Sat"	"Evening"	"876"	8	7	6	21	"87"	"76"	15	13
"5590     Sat. Mar 19, 2005          1          5          5     "	5590	2005-03-19	"Sat"	"Midday"	"155"	1	5	5	11	"15"	"55"	6	10
"5589     Fri. Mar 18, 2005          0          3          2     "	5589	2005-03-18	"Fri"	"Evening"	"032"	0	3	2	5	"03"	"32"	3	5
"5588     Fri. Mar 18, 2005          7          5          0     "	5588	2005-03-18	"Fri"	"Midday"	"750"	7	5	0	12	"75"	"50"	12	5
"5587     Thu. Mar 17, 2005          9          8          3     "	5587	2005-03-17	"Thu"	"Evening"	"983"	9	8	3	20	"98"	"83"	17	11
"5586     Thu. Mar 17, 2005          4          9          7     "	5586	2005-03-17	"Thu"	"Midday"	"497"	4	9	7	20	"49"	"97"	13	16
"5585     Wed. Mar 16, 2005          9          1          8     "	5585	2005-03-16	"Wed"	"Evening"	"918"	9	1	8	18	"91"	"18"	10	9
"5584     Wed. Mar 16, 2005          4          7          9     "	5584	2005-03-16	"Wed"	"Midday"	"479"	4	7	9	20	"47"	"79"	11	16
"5583     Tue. Mar 15, 2005          8          3          2     "	5583	2005-03-15	"Tue"	"Evening"	"832"	8	3	2	13	"83"	"32"	11	5
"5582     Tue. Mar 15, 2005          3          1          7     "	5582	2005-03-15	"Tue"	"Midday"	"317"	3	1	7	11	"31"	"17"	4	8
"5581     Mon. Mar 14, 2005          6          7          5     "	5581	2005-03-14	"Mon"	"Evening"	"675"	6	7	5	18	"67"	"75"	13	12
"5580     Mon. Mar 14, 2005          4          0          2     "	5580	2005-03-14	"Mon"	"Midday"	"402"	4	0	2	6	"40"	"02"	4	2
"5579     Sun. Mar 13, 2005          2          7          2     "	5579	2005-03-13	"Sun"	"Evening"	"272"	2	7	2	11	"27"	"72"	9	9
"5578     Sun. Mar 13, 2005          2          3          7     "	5578	2005-03-13	"Sun"	"Midday"	"237"	2	3	7	12	"23"	"37"	5	10
"5577     Sat. Mar 12, 2005          1          8          9     "	5577	2005-03-12	"Sat"	"Evening"	"189"	1	8	9	18	"18"	"89"	9	17
"5576     Sat. Mar 12, 2005          2          1          8     "	5576	2005-03-12	"Sat"	"Midday"	"218"	2	1	8	11	"21"	"18"	3	9
"5575     Fri. Mar 11, 2005          4          8          2     "	5575	2005-03-11	"Fri"	"Evening"	"482"	4	8	2	14	"48"	"82"	12	10
"5574     Fri. Mar 11, 2005          9          0          8     "	5574	2005-03-11	"Fri"	"Midday"	"908"	9	0	8	17	"90"	"08"	9	8
"5573     Thu. Mar 10, 2005          0          5          8     "	5573	2005-03-10	"Thu"	"Evening"	"058"	0	5	8	13	"05"	"58"	5	13
"5572     Thu. Mar 10, 2005          1          1          2     "	5572	2005-03-10	"Thu"	"Midday"	"112"	1	1	2	4	"11"	"12"	2	3
"5571     Wed. Mar 09, 2005          2          4          3     "	5571	2005-03-09	"Wed"	"Evening"	"243"	2	4	3	9	"24"	"43"	6	7
"5570     Wed. Mar 09, 2005          8          6          2     "	5570	2005-03-09	"Wed"	"Midday"	"862"	8	6	2	16	"86"	"62"	14	8
"5569     Tue. Mar 08, 2005          2          7          1     "	5569	2005-03-08	"Tue"	"Evening"	"271"	2	7	1	10	"27"	"71"	9	8
"5568     Tue. Mar 08, 2005          8          4          6     "	5568	2005-03-08	"Tue"	"Midday"	"846"	8	4	6	18	"84"	"46"	12	10
"5567     Mon. Mar 07, 2005          3          9          7     "	5567	2005-03-07	"Mon"	"Evening"	"397"	3	9	7	19	"39"	"97"	12	16
"5566     Mon. Mar 07, 2005          7          7          8     "	5566	2005-03-07	"Mon"	"Midday"	"778"	7	7	8	22	"77"	"78"	14	15
"5565     Sun. Mar 06, 2005          3          6          9     "	5565	2005-03-06	"Sun"	"Evening"	"369"	3	6	9	18	"36"	"69"	9	15
"5564     Sun. Mar 06, 2005          0          1          8     "	5564	2005-03-06	"Sun"	"Midday"	"018"	0	1	8	9	"01"	"18"	1	9
"5563     Sat. Mar 05, 2005          4          3          1     "	5563	2005-03-05	"Sat"	"Evening"	"431"	4	3	1	8	"43"	"31"	7	4
"5562     Sat. Mar 05, 2005          5          7          4     "	5562	2005-03-05	"Sat"	"Midday"	"574"	5	7	4	16	"57"	"74"	12	11
"5561     Fri. Mar 04, 2005          8          5          1     "	5561	2005-03-04	"Fri"	"Evening"	"851"	8	5	1	14	"85"	"51"	13	6
"5560     Fri. Mar 04, 2005          9          6          6     "	5560	2005-03-04	"Fri"	"Midday"	"966"	9	6	6	21	"96"	"66"	15	12
"5559     Thu. Mar 03, 2005          8          0          8     "	5559	2005-03-03	"Thu"	"Evening"	"808"	8	0	8	16	"80"	"08"	8	8
"5558     Thu. Mar 03, 2005          1          9          3     "	5558	2005-03-03	"Thu"	"Midday"	"193"	1	9	3	13	"19"	"93"	10	12
"5557     Wed. Mar 02, 2005          0          3          1     "	5557	2005-03-02	"Wed"	"Evening"	"031"	0	3	1	4	"03"	"31"	3	4
"5556     Wed. Mar 02, 2005          2          3          2     "	5556	2005-03-02	"Wed"	"Midday"	"232"	2	3	2	7	"23"	"32"	5	5
"5555     Tue. Mar 01, 2005          2          9          0     "	5555	2005-03-01	"Tue"	"Evening"	"290"	2	9	0	11	"29"	"90"	11	9
"5554     Tue. Mar 01, 2005          1          3          0     "	5554	2005-03-01	"Tue"	"Midday"	"130"	1	3	0	4	"13"	"30"	4	3
"5553     Mon. Feb 28, 2005          2          6          3     "	5553	2005-02-28	"Mon"	"Evening"	"263"	2	6	3	11	"26"	"63"	8	9
"5552     Mon. Feb 28, 2005          9          5          7     "	5552	2005-02-28	"Mon"	"Midday"	"957"	9	5	7	21	"95"	"57"	14	12
"5551     Sun. Feb 27, 2005          0          3          7     "	5551	2005-02-27	"Sun"	"Evening"	"037"	0	3	7	10	"03"	"37"	3	10
"5550     Sun. Feb 27, 2005          6          7          5     "	5550	2005-02-27	"Sun"	"Midday"	"675"	6	7	5	18	"67"	"75"	13	12
"5549     Sat. Feb 26, 2005          5          0          9     "	5549	2005-02-26	"Sat"	"Evening"	"509"	5	0	9	14	"50"	"09"	5	9
"5548     Sat. Feb 26, 2005          7          4          5     "	5548	2005-02-26	"Sat"	"Midday"	"745"	7	4	5	16	"74"	"45"	11	9
"5547     Fri. Feb 25, 2005          1          6          3     "	5547	2005-02-25	"Fri"	"Evening"	"163"	1	6	3	10	"16"	"63"	7	9
"5546     Fri. Feb 25, 2005          0          8          8     "	5546	2005-02-25	"Fri"	"Midday"	"088"	0	8	8	16	"08"	"88"	8	16
"5545     Thu. Feb 24, 2005          5          6          2     "	5545	2005-02-24	"Thu"	"Evening"	"562"	5	6	2	13	"56"	"62"	11	8
"5544     Thu. Feb 24, 2005          5          0          3     "	5544	2005-02-24	"Thu"	"Midday"	"503"	5	0	3	8	"50"	"03"	5	3
"5543     Wed. Feb 23, 2005          3          5          9     "	5543	2005-02-23	"Wed"	"Evening"	"359"	3	5	9	17	"35"	"59"	8	14
"5542     Wed. Feb 23, 2005          6          8          6     "	5542	2005-02-23	"Wed"	"Midday"	"686"	6	8	6	20	"68"	"86"	14	14
"5541     Tue. Feb 22, 2005          9          5          2     "	5541	2005-02-22	"Tue"	"Evening"	"952"	9	5	2	16	"95"	"52"	14	7
"5540     Tue. Feb 22, 2005          6          9          3     "	5540	2005-02-22	"Tue"	"Midday"	"693"	6	9	3	18	"69"	"93"	15	12
"5539     Mon. Feb 21, 2005          5          8          2     "	5539	2005-02-21	"Mon"	"Evening"	"582"	5	8	2	15	"58"	"82"	13	10
"5538     Mon. Feb 21, 2005          9          3          7     "	5538	2005-02-21	"Mon"	"Midday"	"937"	9	3	7	19	"93"	"37"	12	10
"5537     Sun. Feb 20, 2005          5          4          0     "	5537	2005-02-20	"Sun"	"Evening"	"540"	5	4	0	9	"54"	"40"	9	4
"5536     Sun. Feb 20, 2005          1          2          1     "	5536	2005-02-20	"Sun"	"Midday"	"121"	1	2	1	4	"12"	"21"	3	3
"5535     Sat. Feb 19, 2005          8          5          1     "	5535	2005-02-19	"Sat"	"Evening"	"851"	8	5	1	14	"85"	"51"	13	6
"5534     Sat. Feb 19, 2005          3          9          7     "	5534	2005-02-19	"Sat"	"Midday"	"397"	3	9	7	19	"39"	"97"	12	16
"5533     Fri. Feb 18, 2005          8          5          8     "	5533	2005-02-18	"Fri"	"Evening"	"858"	8	5	8	21	"85"	"58"	13	13
"5532     Fri. Feb 18, 2005          9          2          2     "	5532	2005-02-18	"Fri"	"Midday"	"922"	9	2	2	13	"92"	"22"	11	4
"5531     Thu. Feb 17, 2005          7          9          8     "	5531	2005-02-17	"Thu"	"Evening"	"798"	7	9	8	24	"79"	"98"	16	17
"5530     Thu. Feb 17, 2005          0          4          8     "	5530	2005-02-17	"Thu"	"Midday"	"048"	0	4	8	12	"04"	"48"	4	12
"5529     Wed. Feb 16, 2005          8          2          8     "	5529	2005-02-16	"Wed"	"Evening"	"828"	8	2	8	18	"82"	"28"	10	10
"5528     Wed. Feb 16, 2005          5          6          1     "	5528	2005-02-16	"Wed"	"Midday"	"561"	5	6	1	12	"56"	"61"	11	7
"5527     Tue. Feb 15, 2005          3          8          7     "	5527	2005-02-15	"Tue"	"Evening"	"387"	3	8	7	18	"38"	"87"	11	15
"5526     Tue. Feb 15, 2005          0          4          5     "	5526	2005-02-15	"Tue"	"Midday"	"045"	0	4	5	9	"04"	"45"	4	9
"5525     Mon. Feb 14, 2005          2          0          7     "	5525	2005-02-14	"Mon"	"Evening"	"207"	2	0	7	9	"20"	"07"	2	7
"5524     Mon. Feb 14, 2005          1          7          5     "	5524	2005-02-14	"Mon"	"Midday"	"175"	1	7	5	13	"17"	"75"	8	12
"5523     Sun. Feb 13, 2005          4          7          3     "	5523	2005-02-13	"Sun"	"Evening"	"473"	4	7	3	14	"47"	"73"	11	10
"5522     Sun. Feb 13, 2005          4          4          3     "	5522	2005-02-13	"Sun"	"Midday"	"443"	4	4	3	11	"44"	"43"	8	7
"5521     Sat. Feb 12, 2005          3          0          3     "	5521	2005-02-12	"Sat"	"Evening"	"303"	3	0	3	6	"30"	"03"	3	3
"5520     Sat. Feb 12, 2005          0          5          8     "	5520	2005-02-12	"Sat"	"Midday"	"058"	0	5	8	13	"05"	"58"	5	13
"5519     Fri. Feb 11, 2005          0          4          3     "	5519	2005-02-11	"Fri"	"Evening"	"043"	0	4	3	7	"04"	"43"	4	7
"5518     Fri. Feb 11, 2005          7          2          8     "	5518	2005-02-11	"Fri"	"Midday"	"728"	7	2	8	17	"72"	"28"	9	10
"5517     Thu. Feb 10, 2005          6          0          4     "	5517	2005-02-10	"Thu"	"Evening"	"604"	6	0	4	10	"60"	"04"	6	4
"5516     Thu. Feb 10, 2005          6          0          5     "	5516	2005-02-10	"Thu"	"Midday"	"605"	6	0	5	11	"60"	"05"	6	5
"5515     Wed. Feb 09, 2005          6          7          4     "	5515	2005-02-09	"Wed"	"Evening"	"674"	6	7	4	17	"67"	"74"	13	11
"5514     Wed. Feb 09, 2005          7          7          5     "	5514	2005-02-09	"Wed"	"Midday"	"775"	7	7	5	19	"77"	"75"	14	12
"5513     Tue. Feb 08, 2005          9          5          8     "	5513	2005-02-08	"Tue"	"Evening"	"958"	9	5	8	22	"95"	"58"	14	13
"5512     Tue. Feb 08, 2005          3          0          0     "	5512	2005-02-08	"Tue"	"Midday"	"300"	3	0	0	3	"30"	"00"	3	0
"5511     Mon. Feb 07, 2005          7          0          7     "	5511	2005-02-07	"Mon"	"Evening"	"707"	7	0	7	14	"70"	"07"	7	7
"5510     Mon. Feb 07, 2005          9          7          6     "	5510	2005-02-07	"Mon"	"Midday"	"976"	9	7	6	22	"97"	"76"	16	13
"5509     Sun. Feb 06, 2005          5          4          8     "	5509	2005-02-06	"Sun"	"Evening"	"548"	5	4	8	17	"54"	"48"	9	12
"5508     Sun. Feb 06, 2005          7          7          5     "	5508	2005-02-06	"Sun"	"Midday"	"775"	7	7	5	19	"77"	"75"	14	12
"5507     Sat. Feb 05, 2005          8          8          9     "	5507	2005-02-05	"Sat"	"Evening"	"889"	8	8	9	25	"88"	"89"	16	17
"5506     Sat. Feb 05, 2005          5          6          2     "	5506	2005-02-05	"Sat"	"Midday"	"562"	5	6	2	13	"56"	"62"	11	8
"5505     Fri. Feb 04, 2005          6          1          8     "	5505	2005-02-04	"Fri"	"Evening"	"618"	6	1	8	15	"61"	"18"	7	9
"5504     Fri. Feb 04, 2005          7          3          7     "	5504	2005-02-04	"Fri"	"Midday"	"737"	7	3	7	17	"73"	"37"	10	10
"5503     Thu. Feb 03, 2005          0          8          7     "	5503	2005-02-03	"Thu"	"Evening"	"087"	0	8	7	15	"08"	"87"	8	15
"5502     Thu. Feb 03, 2005          4          8          2     "	5502	2005-02-03	"Thu"	"Midday"	"482"	4	8	2	14	"48"	"82"	12	10
"5501     Wed. Feb 02, 2005          2          5          6     "	5501	2005-02-02	"Wed"	"Evening"	"256"	2	5	6	13	"25"	"56"	7	11
"5500     Wed. Feb 02, 2005          8          0          4     "	5500	2005-02-02	"Wed"	"Midday"	"804"	8	0	4	12	"80"	"04"	8	4
"5499     Tue. Feb 01, 2005          6          8          8     "	5499	2005-02-01	"Tue"	"Evening"	"688"	6	8	8	22	"68"	"88"	14	16
"5498     Tue. Feb 01, 2005          5          8          9     "	5498	2005-02-01	"Tue"	"Midday"	"589"	5	8	9	22	"58"	"89"	13	17
"5497     Mon. Jan 31, 2005          6          5          5     "	5497	2005-01-31	"Mon"	"Evening"	"655"	6	5	5	16	"65"	"55"	11	10
"5496     Mon. Jan 31, 2005          3          4          6     "	5496	2005-01-31	"Mon"	"Midday"	"346"	3	4	6	13	"34"	"46"	7	10
"5495     Sun. Jan 30, 2005          1          6          3     "	5495	2005-01-30	"Sun"	"Evening"	"163"	1	6	3	10	"16"	"63"	7	9
"5494     Sun. Jan 30, 2005          8          1          1     "	5494	2005-01-30	"Sun"	"Midday"	"811"	8	1	1	10	"81"	"11"	9	2
"5493     Sat. Jan 29, 2005          4          0          2     "	5493	2005-01-29	"Sat"	"Evening"	"402"	4	0	2	6	"40"	"02"	4	2
"5492     Sat. Jan 29, 2005          7          9          7     "	5492	2005-01-29	"Sat"	"Midday"	"797"	7	9	7	23	"79"	"97"	16	16
"5491     Fri. Jan 28, 2005          2          1          3     "	5491	2005-01-28	"Fri"	"Evening"	"213"	2	1	3	6	"21"	"13"	3	4
"5490     Fri. Jan 28, 2005          7          9          1     "	5490	2005-01-28	"Fri"	"Midday"	"791"	7	9	1	17	"79"	"91"	16	10
"5489     Thu. Jan 27, 2005          2          0          6     "	5489	2005-01-27	"Thu"	"Evening"	"206"	2	0	6	8	"20"	"06"	2	6
"5488     Thu. Jan 27, 2005          6          8          7     "	5488	2005-01-27	"Thu"	"Midday"	"687"	6	8	7	21	"68"	"87"	14	15
"5487     Wed. Jan 26, 2005          4          3          7     "	5487	2005-01-26	"Wed"	"Evening"	"437"	4	3	7	14	"43"	"37"	7	10
"5486     Wed. Jan 26, 2005          1          7          0     "	5486	2005-01-26	"Wed"	"Midday"	"170"	1	7	0	8	"17"	"70"	8	7
"5485     Tue. Jan 25, 2005          9          7          8     "	5485	2005-01-25	"Tue"	"Evening"	"978"	9	7	8	24	"97"	"78"	16	15
"5484     Tue. Jan 25, 2005          0          7          5     "	5484	2005-01-25	"Tue"	"Midday"	"075"	0	7	5	12	"07"	"75"	7	12
"5483     Mon. Jan 24, 2005          3          2          0     "	5483	2005-01-24	"Mon"	"Evening"	"320"	3	2	0	5	"32"	"20"	5	2
"5482     Mon. Jan 24, 2005          7          9          7     "	5482	2005-01-24	"Mon"	"Midday"	"797"	7	9	7	23	"79"	"97"	16	16
"5481     Sun. Jan 23, 2005          8          8          5     "	5481	2005-01-23	"Sun"	"Evening"	"885"	8	8	5	21	"88"	"85"	16	13
"5480     Sun. Jan 23, 2005          9          8          8     "	5480	2005-01-23	"Sun"	"Midday"	"988"	9	8	8	25	"98"	"88"	17	16
"5479     Sat. Jan 22, 2005          4          3          5     "	5479	2005-01-22	"Sat"	"Evening"	"435"	4	3	5	12	"43"	"35"	7	8
"5478     Sat. Jan 22, 2005          2          0          6     "	5478	2005-01-22	"Sat"	"Midday"	"206"	2	0	6	8	"20"	"06"	2	6
"5477     Fri. Jan 21, 2005          5          4          6     "	5477	2005-01-21	"Fri"	"Evening"	"546"	5	4	6	15	"54"	"46"	9	10
"5476     Fri. Jan 21, 2005          8          1          5     "	5476	2005-01-21	"Fri"	"Midday"	"815"	8	1	5	14	"81"	"15"	9	6
"5475     Thu. Jan 20, 2005          1          0          4     "	5475	2005-01-20	"Thu"	"Evening"	"104"	1	0	4	5	"10"	"04"	1	4
"5474     Thu. Jan 20, 2005          4          4          5     "	5474	2005-01-20	"Thu"	"Midday"	"445"	4	4	5	13	"44"	"45"	8	9
"5473     Wed. Jan 19, 2005          5          9          0     "	5473	2005-01-19	"Wed"	"Evening"	"590"	5	9	0	14	"59"	"90"	14	9
"5472     Wed. Jan 19, 2005          2          8          4     "	5472	2005-01-19	"Wed"	"Midday"	"284"	2	8	4	14	"28"	"84"	10	12
"5471     Tue. Jan 18, 2005          0          8          0     "	5471	2005-01-18	"Tue"	"Evening"	"080"	0	8	0	8	"08"	"80"	8	8
"5470     Tue. Jan 18, 2005          3          4          3     "	5470	2005-01-18	"Tue"	"Midday"	"343"	3	4	3	10	"34"	"43"	7	7
"5469     Mon. Jan 17, 2005          0          6          0     "	5469	2005-01-17	"Mon"	"Evening"	"060"	0	6	0	6	"06"	"60"	6	6
"5468     Mon. Jan 17, 2005          8          0          5     "	5468	2005-01-17	"Mon"	"Midday"	"805"	8	0	5	13	"80"	"05"	8	5
"5467     Sun. Jan 16, 2005          7          6          1     "	5467	2005-01-16	"Sun"	"Evening"	"761"	7	6	1	14	"76"	"61"	13	7
"5466     Sun. Jan 16, 2005          6          7          9     "	5466	2005-01-16	"Sun"	"Midday"	"679"	6	7	9	22	"67"	"79"	13	16
"5465     Sat. Jan 15, 2005          0          3          5     "	5465	2005-01-15	"Sat"	"Evening"	"035"	0	3	5	8	"03"	"35"	3	8
"5464     Sat. Jan 15, 2005          4          8          3     "	5464	2005-01-15	"Sat"	"Midday"	"483"	4	8	3	15	"48"	"83"	12	11
"5463     Fri. Jan 14, 2005          8          1          4     "	5463	2005-01-14	"Fri"	"Evening"	"814"	8	1	4	13	"81"	"14"	9	5
"5462     Fri. Jan 14, 2005          4          4          7     "	5462	2005-01-14	"Fri"	"Midday"	"447"	4	4	7	15	"44"	"47"	8	11
"5461     Thu. Jan 13, 2005          5          8          4     "	5461	2005-01-13	"Thu"	"Evening"	"584"	5	8	4	17	"58"	"84"	13	12
"5460     Thu. Jan 13, 2005          5          2          0     "	5460	2005-01-13	"Thu"	"Midday"	"520"	5	2	0	7	"52"	"20"	7	2
"5459     Wed. Jan 12, 2005          3          5          4     "	5459	2005-01-12	"Wed"	"Evening"	"354"	3	5	4	12	"35"	"54"	8	9
"5458     Wed. Jan 12, 2005          5          1          5     "	5458	2005-01-12	"Wed"	"Midday"	"515"	5	1	5	11	"51"	"15"	6	6
"5457     Tue. Jan 11, 2005          3          9          2     "	5457	2005-01-11	"Tue"	"Evening"	"392"	3	9	2	14	"39"	"92"	12	11
"5456     Tue. Jan 11, 2005          7          9          8     "	5456	2005-01-11	"Tue"	"Midday"	"798"	7	9	8	24	"79"	"98"	16	17
"5455     Mon. Jan 10, 2005          3          8          6     "	5455	2005-01-10	"Mon"	"Evening"	"386"	3	8	6	17	"38"	"86"	11	14
"5454     Mon. Jan 10, 2005          4          3          5     "	5454	2005-01-10	"Mon"	"Midday"	"435"	4	3	5	12	"43"	"35"	7	8
"5453     Sun. Jan 09, 2005          5          6          4     "	5453	2005-01-09	"Sun"	"Evening"	"564"	5	6	4	15	"56"	"64"	11	10
"5452     Sun. Jan 09, 2005          9          6          9     "	5452	2005-01-09	"Sun"	"Midday"	"969"	9	6	9	24	"96"	"69"	15	15
"5451     Sat. Jan 08, 2005          8          5          7     "	5451	2005-01-08	"Sat"	"Evening"	"857"	8	5	7	20	"85"	"57"	13	12
"5450     Sat. Jan 08, 2005          0          5          2     "	5450	2005-01-08	"Sat"	"Midday"	"052"	0	5	2	7	"05"	"52"	5	7
"5449     Fri. Jan 07, 2005          7          9          0     "	5449	2005-01-07	"Fri"	"Evening"	"790"	7	9	0	16	"79"	"90"	16	9
"5448     Fri. Jan 07, 2005          4          7          1     "	5448	2005-01-07	"Fri"	"Midday"	"471"	4	7	1	12	"47"	"71"	11	8
"5447     Thu. Jan 06, 2005          9          9          9     "	5447	2005-01-06	"Thu"	"Evening"	"999"	9	9	9	27	"99"	"99"	18	18
"5446     Thu. Jan 06, 2005          7          6          6     "	5446	2005-01-06	"Thu"	"Midday"	"766"	7	6	6	19	"76"	"66"	13	12
"5445     Wed. Jan 05, 2005          9          2          2     "	5445	2005-01-05	"Wed"	"Evening"	"922"	9	2	2	13	"92"	"22"	11	4
"5444     Wed. Jan 05, 2005          5          2          6     "	5444	2005-01-05	"Wed"	"Midday"	"526"	5	2	6	13	"52"	"26"	7	8
"5443     Tue. Jan 04, 2005          1          2          2     "	5443	2005-01-04	"Tue"	"Evening"	"122"	1	2	2	5	"12"	"22"	3	4
"5442     Tue. Jan 04, 2005          3          6          7     "	5442	2005-01-04	"Tue"	"Midday"	"367"	3	6	7	16	"36"	"67"	9	13
"5441     Mon. Jan 03, 2005          6          5          4     "	5441	2005-01-03	"Mon"	"Evening"	"654"	6	5	4	15	"65"	"54"	11	9
"5440     Mon. Jan 03, 2005          6          0          5     "	5440	2005-01-03	"Mon"	"Midday"	"605"	6	0	5	11	"60"	"05"	6	5
"5439     Sun. Jan 02, 2005          8          5          1     "	5439	2005-01-02	"Sun"	"Evening"	"851"	8	5	1	14	"85"	"51"	13	6
"5438     Sun. Jan 02, 2005          0          1          3     "	5438	2005-01-02	"Sun"	"Midday"	"013"	0	1	3	4	"01"	"13"	1	4
"5437     Sat. Jan 01, 2005          8          2          3     "	5437	2005-01-01	"Sat"	"Evening"	"823"	8	2	3	13	"82"	"23"	10	5
"5436     Sat. Jan 01, 2005          3          3          2     "	5436	2005-01-01	"Sat"	"Midday"	"332"	3	3	2	8	"33"	"32"	6	5
"5435     Fri. Dec 31, 2004          3          7          7     "	5435	2004-12-31	"Fri"	"Evening"	"377"	3	7	7	17	"37"	"77"	10	14
"5434     Fri. Dec 31, 2004          5          6          3     "	5434	2004-12-31	"Fri"	"Midday"	"563"	5	6	3	14	"56"	"63"	11	9
"5433     Thu. Dec 30, 2004          4          7          1     "	5433	2004-12-30	"Thu"	"Evening"	"471"	4	7	1	12	"47"	"71"	11	8
"5432     Thu. Dec 30, 2004          3          9          7     "	5432	2004-12-30	"Thu"	"Midday"	"397"	3	9	7	19	"39"	"97"	12	16
"5431     Wed. Dec 29, 2004          2          6          0     "	5431	2004-12-29	"Wed"	"Evening"	"260"	2	6	0	8	"26"	"60"	8	6
"5430     Wed. Dec 29, 2004          2          5          6     "	5430	2004-12-29	"Wed"	"Midday"	"256"	2	5	6	13	"25"	"56"	7	11
"5429     Tue. Dec 28, 2004          9          6          5     "	5429	2004-12-28	"Tue"	"Evening"	"965"	9	6	5	20	"96"	"65"	15	11
"5428     Tue. Dec 28, 2004          8          8          9     "	5428	2004-12-28	"Tue"	"Midday"	"889"	8	8	9	25	"88"	"89"	16	17
"5427     Mon. Dec 27, 2004          8          5          9     "	5427	2004-12-27	"Mon"	"Evening"	"859"	8	5	9	22	"85"	"59"	13	14
"5426     Mon. Dec 27, 2004          9          2          2     "	5426	2004-12-27	"Mon"	"Midday"	"922"	9	2	2	13	"92"	"22"	11	4
"5425     Sun. Dec 26, 2004          5          4          2     "	5425	2004-12-26	"Sun"	"Evening"	"542"	5	4	2	11	"54"	"42"	9	6
"5424     Sun. Dec 26, 2004          3          5          0     "	5424	2004-12-26	"Sun"	"Midday"	"350"	3	5	0	8	"35"	"50"	8	5
"5423     Sat. Dec 25, 2004          2          2          7     "	5423	2004-12-25	"Sat"	"Evening"	"227"	2	2	7	11	"22"	"27"	4	9
"5422     Sat. Dec 25, 2004          1          3          6     "	5422	2004-12-25	"Sat"	"Midday"	"136"	1	3	6	10	"13"	"36"	4	9
"5421     Fri. Dec 24, 2004          3          6          2     "	5421	2004-12-24	"Fri"	"Evening"	"362"	3	6	2	11	"36"	"62"	9	8
"5420     Fri. Dec 24, 2004          1          0          9     "	5420	2004-12-24	"Fri"	"Midday"	"109"	1	0	9	10	"10"	"09"	1	9
"5419     Thu. Dec 23, 2004          5          5          3     "	5419	2004-12-23	"Thu"	"Evening"	"553"	5	5	3	13	"55"	"53"	10	8
"5418     Thu. Dec 23, 2004          1          0          4     "	5418	2004-12-23	"Thu"	"Midday"	"104"	1	0	4	5	"10"	"04"	1	4
"5417     Wed. Dec 22, 2004          9          7          2     "	5417	2004-12-22	"Wed"	"Evening"	"972"	9	7	2	18	"97"	"72"	16	9
"5416     Wed. Dec 22, 2004          3          8          3     "	5416	2004-12-22	"Wed"	"Midday"	"383"	3	8	3	14	"38"	"83"	11	11
"5415     Tue. Dec 21, 2004          9          6          1     "	5415	2004-12-21	"Tue"	"Evening"	"961"	9	6	1	16	"96"	"61"	15	7
"5414     Tue. Dec 21, 2004          6          3          1     "	5414	2004-12-21	"Tue"	"Midday"	"631"	6	3	1	10	"63"	"31"	9	4
"5413     Mon. Dec 20, 2004          9          3          1     "	5413	2004-12-20	"Mon"	"Evening"	"931"	9	3	1	13	"93"	"31"	12	4
"5412     Mon. Dec 20, 2004          4          6          0     "	5412	2004-12-20	"Mon"	"Midday"	"460"	4	6	0	10	"46"	"60"	10	6
"5411     Sun. Dec 19, 2004          1          3          5     "	5411	2004-12-19	"Sun"	"Evening"	"135"	1	3	5	9	"13"	"35"	4	8
"5410     Sun. Dec 19, 2004          9          8          2     "	5410	2004-12-19	"Sun"	"Midday"	"982"	9	8	2	19	"98"	"82"	17	10
"5409     Sat. Dec 18, 2004          7          6          5     "	5409	2004-12-18	"Sat"	"Evening"	"765"	7	6	5	18	"76"	"65"	13	11
"5408     Sat. Dec 18, 2004          3          7          3     "	5408	2004-12-18	"Sat"	"Midday"	"373"	3	7	3	13	"37"	"73"	10	10
"5407     Fri. Dec 17, 2004          0          2          4     "	5407	2004-12-17	"Fri"	"Evening"	"024"	0	2	4	6	"02"	"24"	2	6
"5406     Fri. Dec 17, 2004          5          2          1     "	5406	2004-12-17	"Fri"	"Midday"	"521"	5	2	1	8	"52"	"21"	7	3
"5405     Thu. Dec 16, 2004          7          1          2     "	5405	2004-12-16	"Thu"	"Evening"	"712"	7	1	2	10	"71"	"12"	8	3
"5404     Thu. Dec 16, 2004          2          4          3     "	5404	2004-12-16	"Thu"	"Midday"	"243"	2	4	3	9	"24"	"43"	6	7
"5403     Wed. Dec 15, 2004          6          6          1     "	5403	2004-12-15	"Wed"	"Evening"	"661"	6	6	1	13	"66"	"61"	12	7
"5402     Wed. Dec 15, 2004          5          2          5     "	5402	2004-12-15	"Wed"	"Midday"	"525"	5	2	5	12	"52"	"25"	7	7
"5401     Tue. Dec 14, 2004          1          8          7     "	5401	2004-12-14	"Tue"	"Evening"	"187"	1	8	7	16	"18"	"87"	9	15
"5400     Tue. Dec 14, 2004          5          2          1     "	5400	2004-12-14	"Tue"	"Midday"	"521"	5	2	1	8	"52"	"21"	7	3
"5399     Mon. Dec 13, 2004          2          1          5     "	5399	2004-12-13	"Mon"	"Evening"	"215"	2	1	5	8	"21"	"15"	3	6
"5398     Mon. Dec 13, 2004          2          3          8     "	5398	2004-12-13	"Mon"	"Midday"	"238"	2	3	8	13	"23"	"38"	5	11
"5397     Sun. Dec 12, 2004          5          3          7     "	5397	2004-12-12	"Sun"	"Evening"	"537"	5	3	7	15	"53"	"37"	8	10
"5396     Sun. Dec 12, 2004          0          9          6     "	5396	2004-12-12	"Sun"	"Midday"	"096"	0	9	6	15	"09"	"96"	9	15
"5395     Sat. Dec 11, 2004          8          8          0     "	5395	2004-12-11	"Sat"	"Evening"	"880"	8	8	0	16	"88"	"80"	16	8
"5394     Sat. Dec 11, 2004          3          0          4     "	5394	2004-12-11	"Sat"	"Midday"	"304"	3	0	4	7	"30"	"04"	3	4
"5393     Fri. Dec 10, 2004          5          6          6     "	5393	2004-12-10	"Fri"	"Evening"	"566"	5	6	6	17	"56"	"66"	11	12
"5392     Fri. Dec 10, 2004          3          0          2     "	5392	2004-12-10	"Fri"	"Midday"	"302"	3	0	2	5	"30"	"02"	3	2
"5391     Thu. Dec 09, 2004          1          8          4     "	5391	2004-12-09	"Thu"	"Evening"	"184"	1	8	4	13	"18"	"84"	9	12
"5390     Thu. Dec 09, 2004          4          1          2     "	5390	2004-12-09	"Thu"	"Midday"	"412"	4	1	2	7	"41"	"12"	5	3
"5389     Wed. Dec 08, 2004          0          2          6     "	5389	2004-12-08	"Wed"	"Evening"	"026"	0	2	6	8	"02"	"26"	2	8
"5388     Wed. Dec 08, 2004          0          1          4     "	5388	2004-12-08	"Wed"	"Midday"	"014"	0	1	4	5	"01"	"14"	1	5
"5387     Tue. Dec 07, 2004          7          7          3     "	5387	2004-12-07	"Tue"	"Evening"	"773"	7	7	3	17	"77"	"73"	14	10
"5386     Tue. Dec 07, 2004          3          3          3     "	5386	2004-12-07	"Tue"	"Midday"	"333"	3	3	3	9	"33"	"33"	6	6
"5385     Mon. Dec 06, 2004          4          2          7     "	5385	2004-12-06	"Mon"	"Evening"	"427"	4	2	7	13	"42"	"27"	6	9
"5384     Mon. Dec 06, 2004          8          8          0     "	5384	2004-12-06	"Mon"	"Midday"	"880"	8	8	0	16	"88"	"80"	16	8
"5383     Sun. Dec 05, 2004          2          4          3     "	5383	2004-12-05	"Sun"	"Evening"	"243"	2	4	3	9	"24"	"43"	6	7
"5382     Sun. Dec 05, 2004          7          4          2     "	5382	2004-12-05	"Sun"	"Midday"	"742"	7	4	2	13	"74"	"42"	11	6
"5381     Sat. Dec 04, 2004          7          3          6     "	5381	2004-12-04	"Sat"	"Evening"	"736"	7	3	6	16	"73"	"36"	10	9
"5380     Sat. Dec 04, 2004          7          0          6     "	5380	2004-12-04	"Sat"	"Midday"	"706"	7	0	6	13	"70"	"06"	7	6
"5379     Fri. Dec 03, 2004          2          4          4     "	5379	2004-12-03	"Fri"	"Evening"	"244"	2	4	4	10	"24"	"44"	6	8
"5378     Fri. Dec 03, 2004          4          7          0     "	5378	2004-12-03	"Fri"	"Midday"	"470"	4	7	0	11	"47"	"70"	11	7
"5377     Thu. Dec 02, 2004          0          0          9     "	5377	2004-12-02	"Thu"	"Evening"	"009"	0	0	9	9	"00"	"09"	0	9
"5376     Thu. Dec 02, 2004          0          7          6     "	5376	2004-12-02	"Thu"	"Midday"	"076"	0	7	6	13	"07"	"76"	7	13
"5375     Wed. Dec 01, 2004          6          6          6     "	5375	2004-12-01	"Wed"	"Evening"	"666"	6	6	6	18	"66"	"66"	12	12
"5374     Wed. Dec 01, 2004          2          4          7     "	5374	2004-12-01	"Wed"	"Midday"	"247"	2	4	7	13	"24"	"47"	6	11
"5373     Tue. Nov 30, 2004          3          1          9     "	5373	2004-11-30	"Tue"	"Evening"	"319"	3	1	9	13	"31"	"19"	4	10
"5372     Tue. Nov 30, 2004          9          2          7     "	5372	2004-11-30	"Tue"	"Midday"	"927"	9	2	7	18	"92"	"27"	11	9
"5371     Mon. Nov 29, 2004          4          7          6     "	5371	2004-11-29	"Mon"	"Evening"	"476"	4	7	6	17	"47"	"76"	11	13
"5370     Mon. Nov 29, 2004          4          1          8     "	5370	2004-11-29	"Mon"	"Midday"	"418"	4	1	8	13	"41"	"18"	5	9
"5369     Sun. Nov 28, 2004          1          7          3     "	5369	2004-11-28	"Sun"	"Evening"	"173"	1	7	3	11	"17"	"73"	8	10
"5368     Sun. Nov 28, 2004          5          3          2     "	5368	2004-11-28	"Sun"	"Midday"	"532"	5	3	2	10	"53"	"32"	8	5
"5367     Sat. Nov 27, 2004          6          5          6     "	5367	2004-11-27	"Sat"	"Evening"	"656"	6	5	6	17	"65"	"56"	11	11
"5366     Sat. Nov 27, 2004          0          9          8     "	5366	2004-11-27	"Sat"	"Midday"	"098"	0	9	8	17	"09"	"98"	9	17
"5365     Fri. Nov 26, 2004          1          3          8     "	5365	2004-11-26	"Fri"	"Evening"	"138"	1	3	8	12	"13"	"38"	4	11
"5364     Fri. Nov 26, 2004          1          6          0     "	5364	2004-11-26	"Fri"	"Midday"	"160"	1	6	0	7	"16"	"60"	7	6
"5363     Thu. Nov 25, 2004          0          7          2     "	5363	2004-11-25	"Thu"	"Evening"	"072"	0	7	2	9	"07"	"72"	7	9
"5362     Thu. Nov 25, 2004          1          7          8     "	5362	2004-11-25	"Thu"	"Midday"	"178"	1	7	8	16	"17"	"78"	8	15
"5361     Wed. Nov 24, 2004          5          1          6     "	5361	2004-11-24	"Wed"	"Evening"	"516"	5	1	6	12	"51"	"16"	6	7
"5360     Wed. Nov 24, 2004          2          9          9     "	5360	2004-11-24	"Wed"	"Midday"	"299"	2	9	9	20	"29"	"99"	11	18
"5359     Tue. Nov 23, 2004          6          1          5     "	5359	2004-11-23	"Tue"	"Evening"	"615"	6	1	5	12	"61"	"15"	7	6
"5358     Tue. Nov 23, 2004          7          2          2     "	5358	2004-11-23	"Tue"	"Midday"	"722"	7	2	2	11	"72"	"22"	9	4
"5357     Mon. Nov 22, 2004          3          6          4     "	5357	2004-11-22	"Mon"	"Evening"	"364"	3	6	4	13	"36"	"64"	9	10
"5356     Mon. Nov 22, 2004          7          1          2     "	5356	2004-11-22	"Mon"	"Midday"	"712"	7	1	2	10	"71"	"12"	8	3
"5355     Sun. Nov 21, 2004          4          0          5     "	5355	2004-11-21	"Sun"	"Evening"	"405"	4	0	5	9	"40"	"05"	4	5
"5354     Sun. Nov 21, 2004          1          6          5     "	5354	2004-11-21	"Sun"	"Midday"	"165"	1	6	5	12	"16"	"65"	7	11
"5353     Sat. Nov 20, 2004          9          9          9     "	5353	2004-11-20	"Sat"	"Evening"	"999"	9	9	9	27	"99"	"99"	18	18
"5352     Sat. Nov 20, 2004          7          8          5     "	5352	2004-11-20	"Sat"	"Midday"	"785"	7	8	5	20	"78"	"85"	15	13
"5351     Fri. Nov 19, 2004          9          3          9     "	5351	2004-11-19	"Fri"	"Evening"	"939"	9	3	9	21	"93"	"39"	12	12
"5350     Fri. Nov 19, 2004          3          8          1     "	5350	2004-11-19	"Fri"	"Midday"	"381"	3	8	1	12	"38"	"81"	11	9
"5349     Thu. Nov 18, 2004          6          4          4     "	5349	2004-11-18	"Thu"	"Evening"	"644"	6	4	4	14	"64"	"44"	10	8
"5348     Thu. Nov 18, 2004          1          0          0     "	5348	2004-11-18	"Thu"	"Midday"	"100"	1	0	0	1	"10"	"00"	1	0
"5347     Wed. Nov 17, 2004          9          7          3     "	5347	2004-11-17	"Wed"	"Evening"	"973"	9	7	3	19	"97"	"73"	16	10
"5346     Wed. Nov 17, 2004          7          2          6     "	5346	2004-11-17	"Wed"	"Midday"	"726"	7	2	6	15	"72"	"26"	9	8
"5345     Tue. Nov 16, 2004          5          1          3     "	5345	2004-11-16	"Tue"	"Evening"	"513"	5	1	3	9	"51"	"13"	6	4
"5344     Tue. Nov 16, 2004          6          6          6     "	5344	2004-11-16	"Tue"	"Midday"	"666"	6	6	6	18	"66"	"66"	12	12
"5343     Mon. Nov 15, 2004          0          0          6     "	5343	2004-11-15	"Mon"	"Evening"	"006"	0	0	6	6	"00"	"06"	0	6
"5342     Mon. Nov 15, 2004          9          2          5     "	5342	2004-11-15	"Mon"	"Midday"	"925"	9	2	5	16	"92"	"25"	11	7
"5341     Sun. Nov 14, 2004          0          1          9     "	5341	2004-11-14	"Sun"	"Evening"	"019"	0	1	9	10	"01"	"19"	1	10
"5340     Sun. Nov 14, 2004          4          1          5     "	5340	2004-11-14	"Sun"	"Midday"	"415"	4	1	5	10	"41"	"15"	5	6
"5339     Sat. Nov 13, 2004          1          3          3     "	5339	2004-11-13	"Sat"	"Evening"	"133"	1	3	3	7	"13"	"33"	4	6
"5338     Sat. Nov 13, 2004          5          6          0     "	5338	2004-11-13	"Sat"	"Midday"	"560"	5	6	0	11	"56"	"60"	11	6
"5337     Fri. Nov 12, 2004          1          9          1     "	5337	2004-11-12	"Fri"	"Evening"	"191"	1	9	1	11	"19"	"91"	10	10
"5336     Fri. Nov 12, 2004          3          0          7     "	5336	2004-11-12	"Fri"	"Midday"	"307"	3	0	7	10	"30"	"07"	3	7
"5335     Thu. Nov 11, 2004          9          7          2     "	5335	2004-11-11	"Thu"	"Evening"	"972"	9	7	2	18	"97"	"72"	16	9
"5334     Thu. Nov 11, 2004          0          6          0     "	5334	2004-11-11	"Thu"	"Midday"	"060"	0	6	0	6	"06"	"60"	6	6
"5333     Wed. Nov 10, 2004          9          6          2     "	5333	2004-11-10	"Wed"	"Evening"	"962"	9	6	2	17	"96"	"62"	15	8
"5332     Wed. Nov 10, 2004          6          8          6     "	5332	2004-11-10	"Wed"	"Midday"	"686"	6	8	6	20	"68"	"86"	14	14
"5331     Tue. Nov 09, 2004          6          5          9     "	5331	2004-11-09	"Tue"	"Evening"	"659"	6	5	9	20	"65"	"59"	11	14
"5330     Tue. Nov 09, 2004          1          5          1     "	5330	2004-11-09	"Tue"	"Midday"	"151"	1	5	1	7	"15"	"51"	6	6
"5329     Mon. Nov 08, 2004          0          2          0     "	5329	2004-11-08	"Mon"	"Evening"	"020"	0	2	0	2	"02"	"20"	2	2
"5328     Mon. Nov 08, 2004          7          9          7     "	5328	2004-11-08	"Mon"	"Midday"	"797"	7	9	7	23	"79"	"97"	16	16
"5327     Sun. Nov 07, 2004          4          3          0     "	5327	2004-11-07	"Sun"	"Evening"	"430"	4	3	0	7	"43"	"30"	7	3
"5326     Sun. Nov 07, 2004          6          6          1     "	5326	2004-11-07	"Sun"	"Midday"	"661"	6	6	1	13	"66"	"61"	12	7
"5325     Sat. Nov 06, 2004          1          9          9     "	5325	2004-11-06	"Sat"	"Evening"	"199"	1	9	9	19	"19"	"99"	10	18
"5324     Sat. Nov 06, 2004          2          0          3     "	5324	2004-11-06	"Sat"	"Midday"	"203"	2	0	3	5	"20"	"03"	2	3
"5323     Fri. Nov 05, 2004          1          2          0     "	5323	2004-11-05	"Fri"	"Evening"	"120"	1	2	0	3	"12"	"20"	3	2
"5322     Fri. Nov 05, 2004          6          5          0     "	5322	2004-11-05	"Fri"	"Midday"	"650"	6	5	0	11	"65"	"50"	11	5
"5321     Thu. Nov 04, 2004          4          6          0     "	5321	2004-11-04	"Thu"	"Evening"	"460"	4	6	0	10	"46"	"60"	10	6
"5320     Thu. Nov 04, 2004          1          0          7     "	5320	2004-11-04	"Thu"	"Midday"	"107"	1	0	7	8	"10"	"07"	1	7
"5319     Wed. Nov 03, 2004          3          4          8     "	5319	2004-11-03	"Wed"	"Evening"	"348"	3	4	8	15	"34"	"48"	7	12
"5318     Wed. Nov 03, 2004          4          3          1     "	5318	2004-11-03	"Wed"	"Midday"	"431"	4	3	1	8	"43"	"31"	7	4
"5317     Tue. Nov 02, 2004          8          2          4     "	5317	2004-11-02	"Tue"	"Evening"	"824"	8	2	4	14	"82"	"24"	10	6
"5316     Tue. Nov 02, 2004          0          8          5     "	5316	2004-11-02	"Tue"	"Midday"	"085"	0	8	5	13	"08"	"85"	8	13
"5315     Mon. Nov 01, 2004          8          4          0     "	5315	2004-11-01	"Mon"	"Evening"	"840"	8	4	0	12	"84"	"40"	12	4
"5314     Mon. Nov 01, 2004          0          8          2     "	5314	2004-11-01	"Mon"	"Midday"	"082"	0	8	2	10	"08"	"82"	8	10
"5313     Sun. Oct 31, 2004          0          3          4     "	5313	2004-10-31	"Sun"	"Evening"	"034"	0	3	4	7	"03"	"34"	3	7
"5312     Sun. Oct 31, 2004          4          6          0     "	5312	2004-10-31	"Sun"	"Midday"	"460"	4	6	0	10	"46"	"60"	10	6
"5311     Sat. Oct 30, 2004          1          7          8     "	5311	2004-10-30	"Sat"	"Evening"	"178"	1	7	8	16	"17"	"78"	8	15
"5310     Sat. Oct 30, 2004          2          0          0     "	5310	2004-10-30	"Sat"	"Midday"	"200"	2	0	0	2	"20"	"00"	2	0
"5309     Fri. Oct 29, 2004          1          4          9     "	5309	2004-10-29	"Fri"	"Evening"	"149"	1	4	9	14	"14"	"49"	5	13
"5308     Fri. Oct 29, 2004          0          0          6     "	5308	2004-10-29	"Fri"	"Midday"	"006"	0	0	6	6	"00"	"06"	0	6
"5307     Thu. Oct 28, 2004          6          0          7     "	5307	2004-10-28	"Thu"	"Evening"	"607"	6	0	7	13	"60"	"07"	6	7
"5306     Thu. Oct 28, 2004          0          0          9     "	5306	2004-10-28	"Thu"	"Midday"	"009"	0	0	9	9	"00"	"09"	0	9
"5305     Wed. Oct 27, 2004          4          8          8     "	5305	2004-10-27	"Wed"	"Evening"	"488"	4	8	8	20	"48"	"88"	12	16
"5304     Wed. Oct 27, 2004          4          2          1     "	5304	2004-10-27	"Wed"	"Midday"	"421"	4	2	1	7	"42"	"21"	6	3
"5303     Tue. Oct 26, 2004          1          5          5     "	5303	2004-10-26	"Tue"	"Evening"	"155"	1	5	5	11	"15"	"55"	6	10
"5302     Tue. Oct 26, 2004          8          4          9     "	5302	2004-10-26	"Tue"	"Midday"	"849"	8	4	9	21	"84"	"49"	12	13
"5301     Mon. Oct 25, 2004          0          4          0     "	5301	2004-10-25	"Mon"	"Evening"	"040"	0	4	0	4	"04"	"40"	4	4
"5300     Mon. Oct 25, 2004          9          9          5     "	5300	2004-10-25	"Mon"	"Midday"	"995"	9	9	5	23	"99"	"95"	18	14
"5299     Sun. Oct 24, 2004          2          0          5     "	5299	2004-10-24	"Sun"	"Evening"	"205"	2	0	5	7	"20"	"05"	2	5
"5298     Sun. Oct 24, 2004          8          7          9     "	5298	2004-10-24	"Sun"	"Midday"	"879"	8	7	9	24	"87"	"79"	15	16
"5297     Sat. Oct 23, 2004          5          8          7     "	5297	2004-10-23	"Sat"	"Evening"	"587"	5	8	7	20	"58"	"87"	13	15
"5296     Sat. Oct 23, 2004          8          4          6     "	5296	2004-10-23	"Sat"	"Midday"	"846"	8	4	6	18	"84"	"46"	12	10
"5295     Fri. Oct 22, 2004          2          0          1     "	5295	2004-10-22	"Fri"	"Evening"	"201"	2	0	1	3	"20"	"01"	2	1
"5294     Fri. Oct 22, 2004          7          3          0     "	5294	2004-10-22	"Fri"	"Midday"	"730"	7	3	0	10	"73"	"30"	10	3
"5293     Thu. Oct 21, 2004          9          7          4     "	5293	2004-10-21	"Thu"	"Evening"	"974"	9	7	4	20	"97"	"74"	16	11
"5292     Thu. Oct 21, 2004          9          8          7     "	5292	2004-10-21	"Thu"	"Midday"	"987"	9	8	7	24	"98"	"87"	17	15
"5291     Wed. Oct 20, 2004          6          4          3     "	5291	2004-10-20	"Wed"	"Evening"	"643"	6	4	3	13	"64"	"43"	10	7
"5290     Wed. Oct 20, 2004          0          8          8     "	5290	2004-10-20	"Wed"	"Midday"	"088"	0	8	8	16	"08"	"88"	8	16
"5289     Tue. Oct 19, 2004          0          2          1     "	5289	2004-10-19	"Tue"	"Evening"	"021"	0	2	1	3	"02"	"21"	2	3
"5288     Tue. Oct 19, 2004          6          1          1     "	5288	2004-10-19	"Tue"	"Midday"	"611"	6	1	1	8	"61"	"11"	7	2
"5287     Mon. Oct 18, 2004          0          9          8     "	5287	2004-10-18	"Mon"	"Evening"	"098"	0	9	8	17	"09"	"98"	9	17
"5286     Mon. Oct 18, 2004          6          5          8     "	5286	2004-10-18	"Mon"	"Midday"	"658"	6	5	8	19	"65"	"58"	11	13
"5285     Sun. Oct 17, 2004          3          2          7     "	5285	2004-10-17	"Sun"	"Evening"	"327"	3	2	7	12	"32"	"27"	5	9
"5284     Sun. Oct 17, 2004          8          6          1     "	5284	2004-10-17	"Sun"	"Midday"	"861"	8	6	1	15	"86"	"61"	14	7
"5283     Sat. Oct 16, 2004          3          5          8     "	5283	2004-10-16	"Sat"	"Evening"	"358"	3	5	8	16	"35"	"58"	8	13
"5282     Sat. Oct 16, 2004          1          8          7     "	5282	2004-10-16	"Sat"	"Midday"	"187"	1	8	7	16	"18"	"87"	9	15
"5281     Fri. Oct 15, 2004          9          6          5     "	5281	2004-10-15	"Fri"	"Evening"	"965"	9	6	5	20	"96"	"65"	15	11
"5280     Fri. Oct 15, 2004          0          1          5     "	5280	2004-10-15	"Fri"	"Midday"	"015"	0	1	5	6	"01"	"15"	1	6
"5279     Thu. Oct 14, 2004          5          9          0     "	5279	2004-10-14	"Thu"	"Evening"	"590"	5	9	0	14	"59"	"90"	14	9
"5278     Thu. Oct 14, 2004          1          5          8     "	5278	2004-10-14	"Thu"	"Midday"	"158"	1	5	8	14	"15"	"58"	6	13
"5277     Wed. Oct 13, 2004          5          9          5     "	5277	2004-10-13	"Wed"	"Evening"	"595"	5	9	5	19	"59"	"95"	14	14
"5276     Wed. Oct 13, 2004          0          8          2     "	5276	2004-10-13	"Wed"	"Midday"	"082"	0	8	2	10	"08"	"82"	8	10
"5275     Tue. Oct 12, 2004          6          5          8     "	5275	2004-10-12	"Tue"	"Evening"	"658"	6	5	8	19	"65"	"58"	11	13
"5274     Tue. Oct 12, 2004          3          5          8     "	5274	2004-10-12	"Tue"	"Midday"	"358"	3	5	8	16	"35"	"58"	8	13
"5273     Mon. Oct 11, 2004          5          1          2     "	5273	2004-10-11	"Mon"	"Evening"	"512"	5	1	2	8	"51"	"12"	6	3
"5272     Mon. Oct 11, 2004          1          0          8     "	5272	2004-10-11	"Mon"	"Midday"	"108"	1	0	8	9	"10"	"08"	1	8
"5271     Sun. Oct 10, 2004          0          8          3     "	5271	2004-10-10	"Sun"	"Evening"	"083"	0	8	3	11	"08"	"83"	8	11
"5270     Sun. Oct 10, 2004          0          7          1     "	5270	2004-10-10	"Sun"	"Midday"	"071"	0	7	1	8	"07"	"71"	7	8
"5269     Sat. Oct 09, 2004          3          8          5     "	5269	2004-10-09	"Sat"	"Evening"	"385"	3	8	5	16	"38"	"85"	11	13
"5268     Sat. Oct 09, 2004          1          9          9     "	5268	2004-10-09	"Sat"	"Midday"	"199"	1	9	9	19	"19"	"99"	10	18
"5267     Fri. Oct 08, 2004          1          9          6     "	5267	2004-10-08	"Fri"	"Evening"	"196"	1	9	6	16	"19"	"96"	10	15
"5266     Fri. Oct 08, 2004          8          0          0     "	5266	2004-10-08	"Fri"	"Midday"	"800"	8	0	0	8	"80"	"00"	8	0
"5265     Thu. Oct 07, 2004          0          6          3     "	5265	2004-10-07	"Thu"	"Evening"	"063"	0	6	3	9	"06"	"63"	6	9
"5264     Thu. Oct 07, 2004          5          2          5     "	5264	2004-10-07	"Thu"	"Midday"	"525"	5	2	5	12	"52"	"25"	7	7
"5263     Wed. Oct 06, 2004          8          8          9     "	5263	2004-10-06	"Wed"	"Evening"	"889"	8	8	9	25	"88"	"89"	16	17
"5262     Wed. Oct 06, 2004          0          3          2     "	5262	2004-10-06	"Wed"	"Midday"	"032"	0	3	2	5	"03"	"32"	3	5
"5261     Tue. Oct 05, 2004          6          1          3     "	5261	2004-10-05	"Tue"	"Evening"	"613"	6	1	3	10	"61"	"13"	7	4
"5260     Tue. Oct 05, 2004          9          7          2     "	5260	2004-10-05	"Tue"	"Midday"	"972"	9	7	2	18	"97"	"72"	16	9
"5259     Mon. Oct 04, 2004          6          7          4     "	5259	2004-10-04	"Mon"	"Evening"	"674"	6	7	4	17	"67"	"74"	13	11
"5258     Mon. Oct 04, 2004          0          9          6     "	5258	2004-10-04	"Mon"	"Midday"	"096"	0	9	6	15	"09"	"96"	9	15
"5257     Sun. Oct 03, 2004          5          3          3     "	5257	2004-10-03	"Sun"	"Evening"	"533"	5	3	3	11	"53"	"33"	8	6
"5256     Sun. Oct 03, 2004          9          1          5     "	5256	2004-10-03	"Sun"	"Midday"	"915"	9	1	5	15	"91"	"15"	10	6
"5255     Sat. Oct 02, 2004          7          5          7     "	5255	2004-10-02	"Sat"	"Evening"	"757"	7	5	7	19	"75"	"57"	12	12
"5254     Sat. Oct 02, 2004          6          0          1     "	5254	2004-10-02	"Sat"	"Midday"	"601"	6	0	1	7	"60"	"01"	6	1
"5253     Fri. Oct 01, 2004          0          4          8     "	5253	2004-10-01	"Fri"	"Evening"	"048"	0	4	8	12	"04"	"48"	4	12
"5252     Fri. Oct 01, 2004          2          1          2     "	5252	2004-10-01	"Fri"	"Midday"	"212"	2	1	2	5	"21"	"12"	3	3
"5251     Thu. Sep 30, 2004          3          6          2     "	5251	2004-09-30	"Thu"	"Evening"	"362"	3	6	2	11	"36"	"62"	9	8
"5250     Thu. Sep 30, 2004          3          8          6     "	5250	2004-09-30	"Thu"	"Midday"	"386"	3	8	6	17	"38"	"86"	11	14
"5249     Wed. Sep 29, 2004          7          3          5     "	5249	2004-09-29	"Wed"	"Evening"	"735"	7	3	5	15	"73"	"35"	10	8
"5248     Wed. Sep 29, 2004          9          4          8     "	5248	2004-09-29	"Wed"	"Midday"	"948"	9	4	8	21	"94"	"48"	13	12
"5247     Tue. Sep 28, 2004          7          8          4     "	5247	2004-09-28	"Tue"	"Evening"	"784"	7	8	4	19	"78"	"84"	15	12
"5246     Tue. Sep 28, 2004          1          9          2     "	5246	2004-09-28	"Tue"	"Midday"	"192"	1	9	2	12	"19"	"92"	10	11
"5245     Mon. Sep 27, 2004          2          6          3     "	5245	2004-09-27	"Mon"	"Evening"	"263"	2	6	3	11	"26"	"63"	8	9
"5244     Mon. Sep 27, 2004          2          1          6     "	5244	2004-09-27	"Mon"	"Midday"	"216"	2	1	6	9	"21"	"16"	3	7
"5243     Sun. Sep 26, 2004          4          5          8     "	5243	2004-09-26	"Sun"	"Evening"	"458"	4	5	8	17	"45"	"58"	9	13
"5242     Sun. Sep 26, 2004          1          2          0     "	5242	2004-09-26	"Sun"	"Midday"	"120"	1	2	0	3	"12"	"20"	3	2
"5241     Sat. Sep 25, 2004          0          2          8     "	5241	2004-09-25	"Sat"	"Evening"	"028"	0	2	8	10	"02"	"28"	2	10
"5240     Sat. Sep 25, 2004          1          7          5     "	5240	2004-09-25	"Sat"	"Midday"	"175"	1	7	5	13	"17"	"75"	8	12
"5239     Fri. Sep 24, 2004          0          9          8     "	5239	2004-09-24	"Fri"	"Evening"	"098"	0	9	8	17	"09"	"98"	9	17
"5238     Fri. Sep 24, 2004          3          1          8     "	5238	2004-09-24	"Fri"	"Midday"	"318"	3	1	8	12	"31"	"18"	4	9
"5237     Thu. Sep 23, 2004          1          7          1     "	5237	2004-09-23	"Thu"	"Evening"	"171"	1	7	1	9	"17"	"71"	8	8
"5236     Thu. Sep 23, 2004          4          7          3     "	5236	2004-09-23	"Thu"	"Midday"	"473"	4	7	3	14	"47"	"73"	11	10
"5235     Wed. Sep 22, 2004          8          7          1     "	5235	2004-09-22	"Wed"	"Evening"	"871"	8	7	1	16	"87"	"71"	15	8
"5234     Wed. Sep 22, 2004          7          4          2     "	5234	2004-09-22	"Wed"	"Midday"	"742"	7	4	2	13	"74"	"42"	11	6
"5233     Tue. Sep 21, 2004          2          0          4     "	5233	2004-09-21	"Tue"	"Evening"	"204"	2	0	4	6	"20"	"04"	2	4
"5232     Tue. Sep 21, 2004          3          4          2     "	5232	2004-09-21	"Tue"	"Midday"	"342"	3	4	2	9	"34"	"42"	7	6
"5231     Mon. Sep 20, 2004          0          5          7     "	5231	2004-09-20	"Mon"	"Evening"	"057"	0	5	7	12	"05"	"57"	5	12
"5230     Mon. Sep 20, 2004          6          3          4     "	5230	2004-09-20	"Mon"	"Midday"	"634"	6	3	4	13	"63"	"34"	9	7
"5229     Sun. Sep 19, 2004          9          6          7     "	5229	2004-09-19	"Sun"	"Evening"	"967"	9	6	7	22	"96"	"67"	15	13
"5228     Sun. Sep 19, 2004          6          9          0     "	5228	2004-09-19	"Sun"	"Midday"	"690"	6	9	0	15	"69"	"90"	15	9
"5227     Sat. Sep 18, 2004          8          2          2     "	5227	2004-09-18	"Sat"	"Evening"	"822"	8	2	2	12	"82"	"22"	10	4
"5226     Sat. Sep 18, 2004          5          1          7     "	5226	2004-09-18	"Sat"	"Midday"	"517"	5	1	7	13	"51"	"17"	6	8
"5225     Fri. Sep 17, 2004          9          2          7     "	5225	2004-09-17	"Fri"	"Evening"	"927"	9	2	7	18	"92"	"27"	11	9
"5224     Fri. Sep 17, 2004          0          9          4     "	5224	2004-09-17	"Fri"	"Midday"	"094"	0	9	4	13	"09"	"94"	9	13
"5223     Thu. Sep 16, 2004          9          4          5     "	5223	2004-09-16	"Thu"	"Evening"	"945"	9	4	5	18	"94"	"45"	13	9
"5222     Thu. Sep 16, 2004          6          4          0     "	5222	2004-09-16	"Thu"	"Midday"	"640"	6	4	0	10	"64"	"40"	10	4
"5221     Wed. Sep 15, 2004          5          4          7     "	5221	2004-09-15	"Wed"	"Evening"	"547"	5	4	7	16	"54"	"47"	9	11
"5220     Wed. Sep 15, 2004          3          3          0     "	5220	2004-09-15	"Wed"	"Midday"	"330"	3	3	0	6	"33"	"30"	6	3
"5219     Tue. Sep 14, 2004          2          7          4     "	5219	2004-09-14	"Tue"	"Evening"	"274"	2	7	4	13	"27"	"74"	9	11
"5218     Tue. Sep 14, 2004          8          0          1     "	5218	2004-09-14	"Tue"	"Midday"	"801"	8	0	1	9	"80"	"01"	8	1
"5217     Mon. Sep 13, 2004          6          9          5     "	5217	2004-09-13	"Mon"	"Evening"	"695"	6	9	5	20	"69"	"95"	15	14
"5216     Mon. Sep 13, 2004          5          3          4     "	5216	2004-09-13	"Mon"	"Midday"	"534"	5	3	4	12	"53"	"34"	8	7
"5215     Sun. Sep 12, 2004          2          8          2     "	5215	2004-09-12	"Sun"	"Evening"	"282"	2	8	2	12	"28"	"82"	10	10
"5214     Sun. Sep 12, 2004          3          7          1     "	5214	2004-09-12	"Sun"	"Midday"	"371"	3	7	1	11	"37"	"71"	10	8
"5213     Sat. Sep 11, 2004          5          5          0     "	5213	2004-09-11	"Sat"	"Evening"	"550"	5	5	0	10	"55"	"50"	10	5
"5212     Sat. Sep 11, 2004          7          4          5     "	5212	2004-09-11	"Sat"	"Midday"	"745"	7	4	5	16	"74"	"45"	11	9
"5211     Fri. Sep 10, 2004          8          6          7     "	5211	2004-09-10	"Fri"	"Evening"	"867"	8	6	7	21	"86"	"67"	14	13
"5210     Fri. Sep 10, 2004          0          3          2     "	5210	2004-09-10	"Fri"	"Midday"	"032"	0	3	2	5	"03"	"32"	3	5
"5209     Thu. Sep 09, 2004          8          2          7     "	5209	2004-09-09	"Thu"	"Evening"	"827"	8	2	7	17	"82"	"27"	10	9
"5208     Thu. Sep 09, 2004          3          3          9     "	5208	2004-09-09	"Thu"	"Midday"	"339"	3	3	9	15	"33"	"39"	6	12
"5207     Wed. Sep 08, 2004          1          0          6     "	5207	2004-09-08	"Wed"	"Evening"	"106"	1	0	6	7	"10"	"06"	1	6
"5206     Wed. Sep 08, 2004          3          0          8     "	5206	2004-09-08	"Wed"	"Midday"	"308"	3	0	8	11	"30"	"08"	3	8
"5205     Tue. Sep 07, 2004          8          1          0     "	5205	2004-09-07	"Tue"	"Evening"	"810"	8	1	0	9	"81"	"10"	9	1
"5204     Tue. Sep 07, 2004          7          1          8     "	5204	2004-09-07	"Tue"	"Midday"	"718"	7	1	8	16	"71"	"18"	8	9
"5203     Mon. Sep 06, 2004          8          7          0     "	5203	2004-09-06	"Mon"	"Evening"	"870"	8	7	0	15	"87"	"70"	15	7
"5202     Mon. Sep 06, 2004          6          9          4     "	5202	2004-09-06	"Mon"	"Midday"	"694"	6	9	4	19	"69"	"94"	15	13
"5201     Sun. Sep 05, 2004          5          4          7     "	5201	2004-09-05	"Sun"	"Evening"	"547"	5	4	7	16	"54"	"47"	9	11
"5200     Sun. Sep 05, 2004          7          2          5     "	5200	2004-09-05	"Sun"	"Midday"	"725"	7	2	5	14	"72"	"25"	9	7
"5199     Sat. Sep 04, 2004          4          9          2     "	5199	2004-09-04	"Sat"	"Evening"	"492"	4	9	2	15	"49"	"92"	13	11
"5198     Sat. Sep 04, 2004          5          5          0     "	5198	2004-09-04	"Sat"	"Midday"	"550"	5	5	0	10	"55"	"50"	10	5
"5197     Fri. Sep 03, 2004          8          3          1     "	5197	2004-09-03	"Fri"	"Evening"	"831"	8	3	1	12	"83"	"31"	11	4
"5196     Fri. Sep 03, 2004          7          4          0     "	5196	2004-09-03	"Fri"	"Midday"	"740"	7	4	0	11	"74"	"40"	11	4
"5195     Thu. Sep 02, 2004          7          1          5     "	5195	2004-09-02	"Thu"	"Evening"	"715"	7	1	5	13	"71"	"15"	8	6
"5194     Thu. Sep 02, 2004          9          8          9     "	5194	2004-09-02	"Thu"	"Midday"	"989"	9	8	9	26	"98"	"89"	17	17
"5193     Wed. Sep 01, 2004          8          5          0     "	5193	2004-09-01	"Wed"	"Evening"	"850"	8	5	0	13	"85"	"50"	13	5
"5192     Wed. Sep 01, 2004          7          2          3     "	5192	2004-09-01	"Wed"	"Midday"	"723"	7	2	3	12	"72"	"23"	9	5
"5191     Tue. Aug 31, 2004          9          9          8     "	5191	2004-08-31	"Tue"	"Evening"	"998"	9	9	8	26	"99"	"98"	18	17
"5190     Tue. Aug 31, 2004          8          4          8     "	5190	2004-08-31	"Tue"	"Midday"	"848"	8	4	8	20	"84"	"48"	12	12
"5189     Mon. Aug 30, 2004          7          3          1     "	5189	2004-08-30	"Mon"	"Evening"	"731"	7	3	1	11	"73"	"31"	10	4
"5188     Mon. Aug 30, 2004          5          2          3     "	5188	2004-08-30	"Mon"	"Midday"	"523"	5	2	3	10	"52"	"23"	7	5
"5187     Sun. Aug 29, 2004          2          2          2     "	5187	2004-08-29	"Sun"	"Evening"	"222"	2	2	2	6	"22"	"22"	4	4
"5186     Sun. Aug 29, 2004          1          9          2     "	5186	2004-08-29	"Sun"	"Midday"	"192"	1	9	2	12	"19"	"92"	10	11
"5185     Sat. Aug 28, 2004          3          1          3     "	5185	2004-08-28	"Sat"	"Evening"	"313"	3	1	3	7	"31"	"13"	4	4
"5184     Sat. Aug 28, 2004          1          3          1     "	5184	2004-08-28	"Sat"	"Midday"	"131"	1	3	1	5	"13"	"31"	4	4
"5183     Fri. Aug 27, 2004          4          2          5     "	5183	2004-08-27	"Fri"	"Evening"	"425"	4	2	5	11	"42"	"25"	6	7
"5182     Fri. Aug 27, 2004          2          1          5     "	5182	2004-08-27	"Fri"	"Midday"	"215"	2	1	5	8	"21"	"15"	3	6
"5181     Thu. Aug 26, 2004          3          5          1     "	5181	2004-08-26	"Thu"	"Evening"	"351"	3	5	1	9	"35"	"51"	8	6
"5180     Thu. Aug 26, 2004          7          8          5     "	5180	2004-08-26	"Thu"	"Midday"	"785"	7	8	5	20	"78"	"85"	15	13
"5179     Wed. Aug 25, 2004          4          6          4     "	5179	2004-08-25	"Wed"	"Evening"	"464"	4	6	4	14	"46"	"64"	10	10
"5178     Wed. Aug 25, 2004          3          8          4     "	5178	2004-08-25	"Wed"	"Midday"	"384"	3	8	4	15	"38"	"84"	11	12
"5177     Tue. Aug 24, 2004          9          6          0     "	5177	2004-08-24	"Tue"	"Evening"	"960"	9	6	0	15	"96"	"60"	15	6
"5176     Tue. Aug 24, 2004          4          0          7     "	5176	2004-08-24	"Tue"	"Midday"	"407"	4	0	7	11	"40"	"07"	4	7
"5175     Mon. Aug 23, 2004          1          1          5     "	5175	2004-08-23	"Mon"	"Evening"	"115"	1	1	5	7	"11"	"15"	2	6
"5174     Mon. Aug 23, 2004          6          2          3     "	5174	2004-08-23	"Mon"	"Midday"	"623"	6	2	3	11	"62"	"23"	8	5
"5173     Sun. Aug 22, 2004          8          9          8     "	5173	2004-08-22	"Sun"	"Evening"	"898"	8	9	8	25	"89"	"98"	17	17
"5172     Sun. Aug 22, 2004          8          1          4     "	5172	2004-08-22	"Sun"	"Midday"	"814"	8	1	4	13	"81"	"14"	9	5
"5171     Sat. Aug 21, 2004          9          9          8     "	5171	2004-08-21	"Sat"	"Evening"	"998"	9	9	8	26	"99"	"98"	18	17
"5170     Sat. Aug 21, 2004          9          1          5     "	5170	2004-08-21	"Sat"	"Midday"	"915"	9	1	5	15	"91"	"15"	10	6
"5169     Fri. Aug 20, 2004          2          8          7     "	5169	2004-08-20	"Fri"	"Evening"	"287"	2	8	7	17	"28"	"87"	10	15
"5168     Fri. Aug 20, 2004          0          2          7     "	5168	2004-08-20	"Fri"	"Midday"	"027"	0	2	7	9	"02"	"27"	2	9
"5167     Thu. Aug 19, 2004          9          7          0     "	5167	2004-08-19	"Thu"	"Evening"	"970"	9	7	0	16	"97"	"70"	16	7
"5166     Thu. Aug 19, 2004          8          2          3     "	5166	2004-08-19	"Thu"	"Midday"	"823"	8	2	3	13	"82"	"23"	10	5
"5165     Wed. Aug 18, 2004          0          7          8     "	5165	2004-08-18	"Wed"	"Evening"	"078"	0	7	8	15	"07"	"78"	7	15
"5164     Wed. Aug 18, 2004          0          8          9     "	5164	2004-08-18	"Wed"	"Midday"	"089"	0	8	9	17	"08"	"89"	8	17
"5163     Tue. Aug 17, 2004          1          2          2     "	5163	2004-08-17	"Tue"	"Evening"	"122"	1	2	2	5	"12"	"22"	3	4
"5162     Tue. Aug 17, 2004          5          4          5     "	5162	2004-08-17	"Tue"	"Midday"	"545"	5	4	5	14	"54"	"45"	9	9
"5161     Mon. Aug 16, 2004          4          8          1     "	5161	2004-08-16	"Mon"	"Evening"	"481"	4	8	1	13	"48"	"81"	12	9
"5160     Mon. Aug 16, 2004          1          4          3     "	5160	2004-08-16	"Mon"	"Midday"	"143"	1	4	3	8	"14"	"43"	5	7
"5159     Sun. Aug 15, 2004          8          8          9     "	5159	2004-08-15	"Sun"	"Evening"	"889"	8	8	9	25	"88"	"89"	16	17
"5158     Sun. Aug 15, 2004          7          0          1     "	5158	2004-08-15	"Sun"	"Midday"	"701"	7	0	1	8	"70"	"01"	7	1
"5157     Sat. Aug 14, 2004          0          5          6     "	5157	2004-08-14	"Sat"	"Evening"	"056"	0	5	6	11	"05"	"56"	5	11
"5156     Sat. Aug 14, 2004          5          3          0     "	5156	2004-08-14	"Sat"	"Midday"	"530"	5	3	0	8	"53"	"30"	8	3
"5155     Fri. Aug 13, 2004          5          7          6     "	5155	2004-08-13	"Fri"	"Evening"	"576"	5	7	6	18	"57"	"76"	12	13
"5154     Fri. Aug 13, 2004          7          6          5     "	5154	2004-08-13	"Fri"	"Midday"	"765"	7	6	5	18	"76"	"65"	13	11
"5153     Thu. Aug 12, 2004          2          0          0     "	5153	2004-08-12	"Thu"	"Evening"	"200"	2	0	0	2	"20"	"00"	2	0
"5152     Thu. Aug 12, 2004          5          3          0     "	5152	2004-08-12	"Thu"	"Midday"	"530"	5	3	0	8	"53"	"30"	8	3
"5151     Wed. Aug 11, 2004          2          3          8     "	5151	2004-08-11	"Wed"	"Evening"	"238"	2	3	8	13	"23"	"38"	5	11
"5150     Wed. Aug 11, 2004          7          0          8     "	5150	2004-08-11	"Wed"	"Midday"	"708"	7	0	8	15	"70"	"08"	7	8
"5149     Tue. Aug 10, 2004          9          5          6     "	5149	2004-08-10	"Tue"	"Evening"	"956"	9	5	6	20	"95"	"56"	14	11
"5148     Tue. Aug 10, 2004          8          3          6     "	5148	2004-08-10	"Tue"	"Midday"	"836"	8	3	6	17	"83"	"36"	11	9
"5147     Mon. Aug 09, 2004          2          5          1     "	5147	2004-08-09	"Mon"	"Evening"	"251"	2	5	1	8	"25"	"51"	7	6
"5146     Mon. Aug 09, 2004          4          9          2     "	5146	2004-08-09	"Mon"	"Midday"	"492"	4	9	2	15	"49"	"92"	13	11
"5145     Sun. Aug 08, 2004          1          0          3     "	5145	2004-08-08	"Sun"	"Evening"	"103"	1	0	3	4	"10"	"03"	1	3
"5144     Sun. Aug 08, 2004          3          1          3     "	5144	2004-08-08	"Sun"	"Midday"	"313"	3	1	3	7	"31"	"13"	4	4
"5143     Sat. Aug 07, 2004          7          1          7     "	5143	2004-08-07	"Sat"	"Evening"	"717"	7	1	7	15	"71"	"17"	8	8
"5142     Sat. Aug 07, 2004          8          3          9     "	5142	2004-08-07	"Sat"	"Midday"	"839"	8	3	9	20	"83"	"39"	11	12
"5141     Fri. Aug 06, 2004          9          7          1     "	5141	2004-08-06	"Fri"	"Evening"	"971"	9	7	1	17	"97"	"71"	16	8
"5140     Fri. Aug 06, 2004          9          7          4     "	5140	2004-08-06	"Fri"	"Midday"	"974"	9	7	4	20	"97"	"74"	16	11
"5139     Thu. Aug 05, 2004          0          9          8     "	5139	2004-08-05	"Thu"	"Evening"	"098"	0	9	8	17	"09"	"98"	9	17
"5138     Thu. Aug 05, 2004          6          5          6     "	5138	2004-08-05	"Thu"	"Midday"	"656"	6	5	6	17	"65"	"56"	11	11
"5137     Wed. Aug 04, 2004          1          5          7     "	5137	2004-08-04	"Wed"	"Evening"	"157"	1	5	7	13	"15"	"57"	6	12
"5136     Wed. Aug 04, 2004          0          4          1     "	5136	2004-08-04	"Wed"	"Midday"	"041"	0	4	1	5	"04"	"41"	4	5
"5135     Tue. Aug 03, 2004          4          2          0     "	5135	2004-08-03	"Tue"	"Evening"	"420"	4	2	0	6	"42"	"20"	6	2
"5134     Tue. Aug 03, 2004          3          5          2     "	5134	2004-08-03	"Tue"	"Midday"	"352"	3	5	2	10	"35"	"52"	8	7
"5133     Mon. Aug 02, 2004          1          8          6     "	5133	2004-08-02	"Mon"	"Evening"	"186"	1	8	6	15	"18"	"86"	9	14
"5132     Mon. Aug 02, 2004          5          0          7     "	5132	2004-08-02	"Mon"	"Midday"	"507"	5	0	7	12	"50"	"07"	5	7
"5131     Sun. Aug 01, 2004          3          8          7     "	5131	2004-08-01	"Sun"	"Evening"	"387"	3	8	7	18	"38"	"87"	11	15
"5130     Sun. Aug 01, 2004          2          4          1     "	5130	2004-08-01	"Sun"	"Midday"	"241"	2	4	1	7	"24"	"41"	6	5
"5129     Sat. Jul 31, 2004          9          1          1     "	5129	2004-07-31	"Sat"	"Evening"	"911"	9	1	1	11	"91"	"11"	10	2
"5128     Sat. Jul 31, 2004          8          0          4     "	5128	2004-07-31	"Sat"	"Midday"	"804"	8	0	4	12	"80"	"04"	8	4
"5127     Fri. Jul 30, 2004          9          8          2     "	5127	2004-07-30	"Fri"	"Evening"	"982"	9	8	2	19	"98"	"82"	17	10
"5126     Fri. Jul 30, 2004          4          2          1     "	5126	2004-07-30	"Fri"	"Midday"	"421"	4	2	1	7	"42"	"21"	6	3
"5125     Thu. Jul 29, 2004          0          4          8     "	5125	2004-07-29	"Thu"	"Evening"	"048"	0	4	8	12	"04"	"48"	4	12
"5124     Thu. Jul 29, 2004          7          0          7     "	5124	2004-07-29	"Thu"	"Midday"	"707"	7	0	7	14	"70"	"07"	7	7
"5123     Wed. Jul 28, 2004          0          2          9     "	5123	2004-07-28	"Wed"	"Evening"	"029"	0	2	9	11	"02"	"29"	2	11
"5122     Wed. Jul 28, 2004          3          9          1     "	5122	2004-07-28	"Wed"	"Midday"	"391"	3	9	1	13	"39"	"91"	12	10
"5121     Tue. Jul 27, 2004          4          4          0     "	5121	2004-07-27	"Tue"	"Evening"	"440"	4	4	0	8	"44"	"40"	8	4
"5120     Tue. Jul 27, 2004          4          2          8     "	5120	2004-07-27	"Tue"	"Midday"	"428"	4	2	8	14	"42"	"28"	6	10
"5119     Mon. Jul 26, 2004          6          3          3     "	5119	2004-07-26	"Mon"	"Evening"	"633"	6	3	3	12	"63"	"33"	9	6
"5118     Mon. Jul 26, 2004          7          0          3     "	5118	2004-07-26	"Mon"	"Midday"	"703"	7	0	3	10	"70"	"03"	7	3
"5117     Sun. Jul 25, 2004          8          7          8     "	5117	2004-07-25	"Sun"	"Evening"	"878"	8	7	8	23	"87"	"78"	15	15
"5116     Sun. Jul 25, 2004          3          9          8     "	5116	2004-07-25	"Sun"	"Midday"	"398"	3	9	8	20	"39"	"98"	12	17
"5115     Sat. Jul 24, 2004          9          7          1     "	5115	2004-07-24	"Sat"	"Evening"	"971"	9	7	1	17	"97"	"71"	16	8
"5114     Sat. Jul 24, 2004          9          4          6     "	5114	2004-07-24	"Sat"	"Midday"	"946"	9	4	6	19	"94"	"46"	13	10
"5113     Fri. Jul 23, 2004          7          9          3     "	5113	2004-07-23	"Fri"	"Evening"	"793"	7	9	3	19	"79"	"93"	16	12
"5112     Fri. Jul 23, 2004          9          4          9     "	5112	2004-07-23	"Fri"	"Midday"	"949"	9	4	9	22	"94"	"49"	13	13
"5111     Thu. Jul 22, 2004          4          7          9     "	5111	2004-07-22	"Thu"	"Evening"	"479"	4	7	9	20	"47"	"79"	11	16
"5110     Thu. Jul 22, 2004          7          6          8     "	5110	2004-07-22	"Thu"	"Midday"	"768"	7	6	8	21	"76"	"68"	13	14
"5109     Wed. Jul 21, 2004          8          8          6     "	5109	2004-07-21	"Wed"	"Evening"	"886"	8	8	6	22	"88"	"86"	16	14
"5108     Wed. Jul 21, 2004          9          4          2     "	5108	2004-07-21	"Wed"	"Midday"	"942"	9	4	2	15	"94"	"42"	13	6
"5107     Tue. Jul 20, 2004          3          1          9     "	5107	2004-07-20	"Tue"	"Evening"	"319"	3	1	9	13	"31"	"19"	4	10
"5106     Tue. Jul 20, 2004          6          4          1     "	5106	2004-07-20	"Tue"	"Midday"	"641"	6	4	1	11	"64"	"41"	10	5
"5105     Mon. Jul 19, 2004          3          0          6     "	5105	2004-07-19	"Mon"	"Evening"	"306"	3	0	6	9	"30"	"06"	3	6
"5104     Mon. Jul 19, 2004          7          7          0     "	5104	2004-07-19	"Mon"	"Midday"	"770"	7	7	0	14	"77"	"70"	14	7
"5103     Sun. Jul 18, 2004          4          7          5     "	5103	2004-07-18	"Sun"	"Evening"	"475"	4	7	5	16	"47"	"75"	11	12
"5102     Sun. Jul 18, 2004          5          7          5     "	5102	2004-07-18	"Sun"	"Midday"	"575"	5	7	5	17	"57"	"75"	12	12
"5101     Sat. Jul 17, 2004          1          3          0     "	5101	2004-07-17	"Sat"	"Evening"	"130"	1	3	0	4	"13"	"30"	4	3
"5100     Sat. Jul 17, 2004          4          7          2     "	5100	2004-07-17	"Sat"	"Midday"	"472"	4	7	2	13	"47"	"72"	11	9
"5099     Fri. Jul 16, 2004          6          9          5     "	5099	2004-07-16	"Fri"	"Evening"	"695"	6	9	5	20	"69"	"95"	15	14
"5098     Fri. Jul 16, 2004          9          1          7     "	5098	2004-07-16	"Fri"	"Midday"	"917"	9	1	7	17	"91"	"17"	10	8
"5097     Thu. Jul 15, 2004          3          0          9     "	5097	2004-07-15	"Thu"	"Evening"	"309"	3	0	9	12	"30"	"09"	3	9
"5096     Thu. Jul 15, 2004          2          6          8     "	5096	2004-07-15	"Thu"	"Midday"	"268"	2	6	8	16	"26"	"68"	8	14
"5095     Wed. Jul 14, 2004          9          0          6     "	5095	2004-07-14	"Wed"	"Evening"	"906"	9	0	6	15	"90"	"06"	9	6
"5094     Wed. Jul 14, 2004          1          3          5     "	5094	2004-07-14	"Wed"	"Midday"	"135"	1	3	5	9	"13"	"35"	4	8
"5093     Tue. Jul 13, 2004          9          6          9     "	5093	2004-07-13	"Tue"	"Evening"	"969"	9	6	9	24	"96"	"69"	15	15
"5092     Tue. Jul 13, 2004          1          4          0     "	5092	2004-07-13	"Tue"	"Midday"	"140"	1	4	0	5	"14"	"40"	5	4
"5091     Mon. Jul 12, 2004          4          9          2     "	5091	2004-07-12	"Mon"	"Evening"	"492"	4	9	2	15	"49"	"92"	13	11
"5090     Mon. Jul 12, 2004          1          9          9     "	5090	2004-07-12	"Mon"	"Midday"	"199"	1	9	9	19	"19"	"99"	10	18
"5089     Sun. Jul 11, 2004          0          6          5     "	5089	2004-07-11	"Sun"	"Evening"	"065"	0	6	5	11	"06"	"65"	6	11
"5088     Sun. Jul 11, 2004          3          9          0     "	5088	2004-07-11	"Sun"	"Midday"	"390"	3	9	0	12	"39"	"90"	12	9
"5087     Sat. Jul 10, 2004          0          8          2     "	5087	2004-07-10	"Sat"	"Evening"	"082"	0	8	2	10	"08"	"82"	8	10
"5086     Sat. Jul 10, 2004          9          9          6     "	5086	2004-07-10	"Sat"	"Midday"	"996"	9	9	6	24	"99"	"96"	18	15
"5085     Fri. Jul 09, 2004          1          5          8     "	5085	2004-07-09	"Fri"	"Evening"	"158"	1	5	8	14	"15"	"58"	6	13
"5084     Fri. Jul 09, 2004          5          5          5     "	5084	2004-07-09	"Fri"	"Midday"	"555"	5	5	5	15	"55"	"55"	10	10
"5083     Thu. Jul 08, 2004          4          8          4     "	5083	2004-07-08	"Thu"	"Evening"	"484"	4	8	4	16	"48"	"84"	12	12
"5082     Thu. Jul 08, 2004          6          1          0     "	5082	2004-07-08	"Thu"	"Midday"	"610"	6	1	0	7	"61"	"10"	7	1
"5081     Wed. Jul 07, 2004          7          5          3     "	5081	2004-07-07	"Wed"	"Evening"	"753"	7	5	3	15	"75"	"53"	12	8
"5080     Wed. Jul 07, 2004          2          2          2     "	5080	2004-07-07	"Wed"	"Midday"	"222"	2	2	2	6	"22"	"22"	4	4
"5079     Tue. Jul 06, 2004          1          9          6     "	5079	2004-07-06	"Tue"	"Evening"	"196"	1	9	6	16	"19"	"96"	10	15
"5078     Tue. Jul 06, 2004          6          9          5     "	5078	2004-07-06	"Tue"	"Midday"	"695"	6	9	5	20	"69"	"95"	15	14
"5077     Mon. Jul 05, 2004          9          5          9     "	5077	2004-07-05	"Mon"	"Evening"	"959"	9	5	9	23	"95"	"59"	14	14
"5076     Mon. Jul 05, 2004          7          0          2     "	5076	2004-07-05	"Mon"	"Midday"	"702"	7	0	2	9	"70"	"02"	7	2
"5075     Sun. Jul 04, 2004          3          4          6     "	5075	2004-07-04	"Sun"	"Evening"	"346"	3	4	6	13	"34"	"46"	7	10
"5074     Sun. Jul 04, 2004          1          0          8     "	5074	2004-07-04	"Sun"	"Midday"	"108"	1	0	8	9	"10"	"08"	1	8
"5073     Sat. Jul 03, 2004          5          1          1     "	5073	2004-07-03	"Sat"	"Evening"	"511"	5	1	1	7	"51"	"11"	6	2
"5072     Sat. Jul 03, 2004          4          4          1     "	5072	2004-07-03	"Sat"	"Midday"	"441"	4	4	1	9	"44"	"41"	8	5
"5071     Fri. Jul 02, 2004          2          9          1     "	5071	2004-07-02	"Fri"	"Evening"	"291"	2	9	1	12	"29"	"91"	11	10
"5070     Fri. Jul 02, 2004          5          1          1     "	5070	2004-07-02	"Fri"	"Midday"	"511"	5	1	1	7	"51"	"11"	6	2
"5069     Thu. Jul 01, 2004          0          6          8     "	5069	2004-07-01	"Thu"	"Evening"	"068"	0	6	8	14	"06"	"68"	6	14
"5068     Thu. Jul 01, 2004          8          8          4     "	5068	2004-07-01	"Thu"	"Midday"	"884"	8	8	4	20	"88"	"84"	16	12
"5067     Wed. Jun 30, 2004          9          8          5     "	5067	2004-06-30	"Wed"	"Evening"	"985"	9	8	5	22	"98"	"85"	17	13
"5066     Wed. Jun 30, 2004          2          2          4     "	5066	2004-06-30	"Wed"	"Midday"	"224"	2	2	4	8	"22"	"24"	4	6
"5065     Tue. Jun 29, 2004          3          6          8     "	5065	2004-06-29	"Tue"	"Evening"	"368"	3	6	8	17	"36"	"68"	9	14
"5064     Tue. Jun 29, 2004          7          6          2     "	5064	2004-06-29	"Tue"	"Midday"	"762"	7	6	2	15	"76"	"62"	13	8
"5063     Mon. Jun 28, 2004          7          6          9     "	5063	2004-06-28	"Mon"	"Evening"	"769"	7	6	9	22	"76"	"69"	13	15
"5062     Mon. Jun 28, 2004          7          3          9     "	5062	2004-06-28	"Mon"	"Midday"	"739"	7	3	9	19	"73"	"39"	10	12
"5061     Sun. Jun 27, 2004          0          3          9     "	5061	2004-06-27	"Sun"	"Evening"	"039"	0	3	9	12	"03"	"39"	3	12
"5060     Sun. Jun 27, 2004          0          8          1     "	5060	2004-06-27	"Sun"	"Midday"	"081"	0	8	1	9	"08"	"81"	8	9
"5059     Sat. Jun 26, 2004          3          2          2     "	5059	2004-06-26	"Sat"	"Evening"	"322"	3	2	2	7	"32"	"22"	5	4
"5058     Sat. Jun 26, 2004          8          1          6     "	5058	2004-06-26	"Sat"	"Midday"	"816"	8	1	6	15	"81"	"16"	9	7
"5057     Fri. Jun 25, 2004          7          1          3     "	5057	2004-06-25	"Fri"	"Evening"	"713"	7	1	3	11	"71"	"13"	8	4
"5056     Fri. Jun 25, 2004          4          5          8     "	5056	2004-06-25	"Fri"	"Midday"	"458"	4	5	8	17	"45"	"58"	9	13
"5055     Thu. Jun 24, 2004          8          3          0     "	5055	2004-06-24	"Thu"	"Evening"	"830"	8	3	0	11	"83"	"30"	11	3
"5054     Thu. Jun 24, 2004          2          0          4     "	5054	2004-06-24	"Thu"	"Midday"	"204"	2	0	4	6	"20"	"04"	2	4
"5053     Wed. Jun 23, 2004          4          4          1     "	5053	2004-06-23	"Wed"	"Evening"	"441"	4	4	1	9	"44"	"41"	8	5
"5052     Wed. Jun 23, 2004          4          5          2     "	5052	2004-06-23	"Wed"	"Midday"	"452"	4	5	2	11	"45"	"52"	9	7
"5051     Tue. Jun 22, 2004          2          1          9     "	5051	2004-06-22	"Tue"	"Evening"	"219"	2	1	9	12	"21"	"19"	3	10
"5050     Tue. Jun 22, 2004          3          5          7     "	5050	2004-06-22	"Tue"	"Midday"	"357"	3	5	7	15	"35"	"57"	8	12
"5049     Mon. Jun 21, 2004          4          6          7     "	5049	2004-06-21	"Mon"	"Evening"	"467"	4	6	7	17	"46"	"67"	10	13
"5048     Mon. Jun 21, 2004          4          8          9     "	5048	2004-06-21	"Mon"	"Midday"	"489"	4	8	9	21	"48"	"89"	12	17
"5047     Sun. Jun 20, 2004          3          6          0     "	5047	2004-06-20	"Sun"	"Evening"	"360"	3	6	0	9	"36"	"60"	9	6
"5046     Sun. Jun 20, 2004          4          6          8     "	5046	2004-06-20	"Sun"	"Midday"	"468"	4	6	8	18	"46"	"68"	10	14
"5045     Sat. Jun 19, 2004          9          2          5     "	5045	2004-06-19	"Sat"	"Evening"	"925"	9	2	5	16	"92"	"25"	11	7
"5044     Sat. Jun 19, 2004          5          4          8     "	5044	2004-06-19	"Sat"	"Midday"	"548"	5	4	8	17	"54"	"48"	9	12
"5043     Fri. Jun 18, 2004          0          2          6     "	5043	2004-06-18	"Fri"	"Evening"	"026"	0	2	6	8	"02"	"26"	2	8
"5042     Fri. Jun 18, 2004          4          9          6     "	5042	2004-06-18	"Fri"	"Midday"	"496"	4	9	6	19	"49"	"96"	13	15
"5041     Thu. Jun 17, 2004          4          1          1     "	5041	2004-06-17	"Thu"	"Evening"	"411"	4	1	1	6	"41"	"11"	5	2
"5040     Thu. Jun 17, 2004          0          1          6     "	5040	2004-06-17	"Thu"	"Midday"	"016"	0	1	6	7	"01"	"16"	1	7
"5039     Wed. Jun 16, 2004          6          3          4     "	5039	2004-06-16	"Wed"	"Evening"	"634"	6	3	4	13	"63"	"34"	9	7
"5038     Wed. Jun 16, 2004          0          3          3     "	5038	2004-06-16	"Wed"	"Midday"	"033"	0	3	3	6	"03"	"33"	3	6
"5037     Tue. Jun 15, 2004          5          8          4     "	5037	2004-06-15	"Tue"	"Evening"	"584"	5	8	4	17	"58"	"84"	13	12
"5036     Tue. Jun 15, 2004          7          7          5     "	5036	2004-06-15	"Tue"	"Midday"	"775"	7	7	5	19	"77"	"75"	14	12
"5035     Mon. Jun 14, 2004          4          8          6     "	5035	2004-06-14	"Mon"	"Evening"	"486"	4	8	6	18	"48"	"86"	12	14
"5034     Mon. Jun 14, 2004          3          1          5     "	5034	2004-06-14	"Mon"	"Midday"	"315"	3	1	5	9	"31"	"15"	4	6
"5033     Sun. Jun 13, 2004          0          4          6     "	5033	2004-06-13	"Sun"	"Evening"	"046"	0	4	6	10	"04"	"46"	4	10
"5032     Sun. Jun 13, 2004          9          4          2     "	5032	2004-06-13	"Sun"	"Midday"	"942"	9	4	2	15	"94"	"42"	13	6
"5031     Sat. Jun 12, 2004          6          9          7     "	5031	2004-06-12	"Sat"	"Evening"	"697"	6	9	7	22	"69"	"97"	15	16
"5030     Sat. Jun 12, 2004          6          2          3     "	5030	2004-06-12	"Sat"	"Midday"	"623"	6	2	3	11	"62"	"23"	8	5
"5029     Fri. Jun 11, 2004          9          9          7     "	5029	2004-06-11	"Fri"	"Evening"	"997"	9	9	7	25	"99"	"97"	18	16
"5028     Fri. Jun 11, 2004          5          3          6     "	5028	2004-06-11	"Fri"	"Midday"	"536"	5	3	6	14	"53"	"36"	8	9
"5027     Thu. Jun 10, 2004          9          7          1     "	5027	2004-06-10	"Thu"	"Evening"	"971"	9	7	1	17	"97"	"71"	16	8
"5026     Thu. Jun 10, 2004          6          8          3     "	5026	2004-06-10	"Thu"	"Midday"	"683"	6	8	3	17	"68"	"83"	14	11
"5025     Wed. Jun 09, 2004          0          4          9     "	5025	2004-06-09	"Wed"	"Evening"	"049"	0	4	9	13	"04"	"49"	4	13
"5024     Wed. Jun 09, 2004          3          9          7     "	5024	2004-06-09	"Wed"	"Midday"	"397"	3	9	7	19	"39"	"97"	12	16
"5023     Tue. Jun 08, 2004          4          6          2     "	5023	2004-06-08	"Tue"	"Evening"	"462"	4	6	2	12	"46"	"62"	10	8
"5022     Tue. Jun 08, 2004          4          1          1     "	5022	2004-06-08	"Tue"	"Midday"	"411"	4	1	1	6	"41"	"11"	5	2
"5021     Mon. Jun 07, 2004          6          7          0     "	5021	2004-06-07	"Mon"	"Evening"	"670"	6	7	0	13	"67"	"70"	13	7
"5020     Mon. Jun 07, 2004          4          9          2     "	5020	2004-06-07	"Mon"	"Midday"	"492"	4	9	2	15	"49"	"92"	13	11
"5019     Sun. Jun 06, 2004          9          4          4     "	5019	2004-06-06	"Sun"	"Evening"	"944"	9	4	4	17	"94"	"44"	13	8
"5018     Sun. Jun 06, 2004          9          4          3     "	5018	2004-06-06	"Sun"	"Midday"	"943"	9	4	3	16	"94"	"43"	13	7
"5017     Sat. Jun 05, 2004          0          9          0     "	5017	2004-06-05	"Sat"	"Evening"	"090"	0	9	0	9	"09"	"90"	9	9
"5016     Sat. Jun 05, 2004          3          3          7     "	5016	2004-06-05	"Sat"	"Midday"	"337"	3	3	7	13	"33"	"37"	6	10
"5015     Fri. Jun 04, 2004          6          5          0     "	5015	2004-06-04	"Fri"	"Evening"	"650"	6	5	0	11	"65"	"50"	11	5
"5014     Fri. Jun 04, 2004          5          4          7     "	5014	2004-06-04	"Fri"	"Midday"	"547"	5	4	7	16	"54"	"47"	9	11
"5013     Thu. Jun 03, 2004          3          7          0     "	5013	2004-06-03	"Thu"	"Evening"	"370"	3	7	0	10	"37"	"70"	10	7
"5012     Thu. Jun 03, 2004          8          1          3     "	5012	2004-06-03	"Thu"	"Midday"	"813"	8	1	3	12	"81"	"13"	9	4
"5011     Wed. Jun 02, 2004          5          3          9     "	5011	2004-06-02	"Wed"	"Evening"	"539"	5	3	9	17	"53"	"39"	8	12
"5010     Wed. Jun 02, 2004          0          5          6     "	5010	2004-06-02	"Wed"	"Midday"	"056"	0	5	6	11	"05"	"56"	5	11
"5009     Tue. Jun 01, 2004          1          9          0     "	5009	2004-06-01	"Tue"	"Evening"	"190"	1	9	0	10	"19"	"90"	10	9
"5008     Tue. Jun 01, 2004          1          2          0     "	5008	2004-06-01	"Tue"	"Midday"	"120"	1	2	0	3	"12"	"20"	3	2
"5007     Mon. May 31, 2004          6          6          2     "	5007	2004-05-31	"Mon"	"Evening"	"662"	6	6	2	14	"66"	"62"	12	8
"5006     Mon. May 31, 2004          3          5          5     "	5006	2004-05-31	"Mon"	"Midday"	"355"	3	5	5	13	"35"	"55"	8	10
"5005     Sun. May 30, 2004          3          6          1     "	5005	2004-05-30	"Sun"	"Evening"	"361"	3	6	1	10	"36"	"61"	9	7
"5004     Sun. May 30, 2004          8          5          0     "	5004	2004-05-30	"Sun"	"Midday"	"850"	8	5	0	13	"85"	"50"	13	5
"5003     Sat. May 29, 2004          7          0          7     "	5003	2004-05-29	"Sat"	"Evening"	"707"	7	0	7	14	"70"	"07"	7	7
"5002     Sat. May 29, 2004          1          9          7     "	5002	2004-05-29	"Sat"	"Midday"	"197"	1	9	7	17	"19"	"97"	10	16
"5001     Fri. May 28, 2004          7          6          5     "	5001	2004-05-28	"Fri"	"Evening"	"765"	7	6	5	18	"76"	"65"	13	11
"5000     Fri. May 28, 2004          5          0          0     "	5000	2004-05-28	"Fri"	"Midday"	"500"	5	0	0	5	"50"	"00"	5	0
"4999     Thu. May 27, 2004          5          7          9     "	4999	2004-05-27	"Thu"	"Evening"	"579"	5	7	9	21	"57"	"79"	12	16
"4998     Thu. May 27, 2004          6          8          4     "	4998	2004-05-27	"Thu"	"Midday"	"684"	6	8	4	18	"68"	"84"	14	12
"4997     Wed. May 26, 2004          7          0          0     "	4997	2004-05-26	"Wed"	"Evening"	"700"	7	0	0	7	"70"	"00"	7	0
"4996     Wed. May 26, 2004          9          9          0     "	4996	2004-05-26	"Wed"	"Midday"	"990"	9	9	0	18	"99"	"90"	18	9
"4995     Tue. May 25, 2004          0          5          3     "	4995	2004-05-25	"Tue"	"Evening"	"053"	0	5	3	8	"05"	"53"	5	8
"4994     Tue. May 25, 2004          3          5          8     "	4994	2004-05-25	"Tue"	"Midday"	"358"	3	5	8	16	"35"	"58"	8	13
"4993     Mon. May 24, 2004          5          1          0     "	4993	2004-05-24	"Mon"	"Evening"	"510"	5	1	0	6	"51"	"10"	6	1
"4992     Mon. May 24, 2004          7          0          2     "	4992	2004-05-24	"Mon"	"Midday"	"702"	7	0	2	9	"70"	"02"	7	2
"4991     Sun. May 23, 2004          5          2          8     "	4991	2004-05-23	"Sun"	"Evening"	"528"	5	2	8	15	"52"	"28"	7	10
"4990     Sun. May 23, 2004          1          6          9     "	4990	2004-05-23	"Sun"	"Midday"	"169"	1	6	9	16	"16"	"69"	7	15
"4989     Sat. May 22, 2004          0          3          1     "	4989	2004-05-22	"Sat"	"Evening"	"031"	0	3	1	4	"03"	"31"	3	4
"4988     Sat. May 22, 2004          4          8          1     "	4988	2004-05-22	"Sat"	"Midday"	"481"	4	8	1	13	"48"	"81"	12	9
"4987     Fri. May 21, 2004          4          0          6     "	4987	2004-05-21	"Fri"	"Evening"	"406"	4	0	6	10	"40"	"06"	4	6
"4986     Fri. May 21, 2004          3          5          1     "	4986	2004-05-21	"Fri"	"Midday"	"351"	3	5	1	9	"35"	"51"	8	6
"4985     Thu. May 20, 2004          3          6          4     "	4985	2004-05-20	"Thu"	"Evening"	"364"	3	6	4	13	"36"	"64"	9	10
"4984     Thu. May 20, 2004          3          1          8     "	4984	2004-05-20	"Thu"	"Midday"	"318"	3	1	8	12	"31"	"18"	4	9
"4983     Wed. May 19, 2004          4          3          3     "	4983	2004-05-19	"Wed"	"Evening"	"433"	4	3	3	10	"43"	"33"	7	6
"4982     Wed. May 19, 2004          9          5          2     "	4982	2004-05-19	"Wed"	"Midday"	"952"	9	5	2	16	"95"	"52"	14	7
"4981     Tue. May 18, 2004          3          3          3     "	4981	2004-05-18	"Tue"	"Evening"	"333"	3	3	3	9	"33"	"33"	6	6
"4980     Tue. May 18, 2004          8          9          4     "	4980	2004-05-18	"Tue"	"Midday"	"894"	8	9	4	21	"89"	"94"	17	13
"4979     Mon. May 17, 2004          5          5          4     "	4979	2004-05-17	"Mon"	"Evening"	"554"	5	5	4	14	"55"	"54"	10	9
"4978     Mon. May 17, 2004          2          8          5     "	4978	2004-05-17	"Mon"	"Midday"	"285"	2	8	5	15	"28"	"85"	10	13
"4977     Sun. May 16, 2004          1          6          7     "	4977	2004-05-16	"Sun"	"Evening"	"167"	1	6	7	14	"16"	"67"	7	13
"4976     Sun. May 16, 2004          3          9          7     "	4976	2004-05-16	"Sun"	"Midday"	"397"	3	9	7	19	"39"	"97"	12	16
"4975     Sat. May 15, 2004          2          0          8     "	4975	2004-05-15	"Sat"	"Evening"	"208"	2	0	8	10	"20"	"08"	2	8
"4974     Sat. May 15, 2004          6          3          1     "	4974	2004-05-15	"Sat"	"Midday"	"631"	6	3	1	10	"63"	"31"	9	4
"4973     Fri. May 14, 2004          2          1          9     "	4973	2004-05-14	"Fri"	"Evening"	"219"	2	1	9	12	"21"	"19"	3	10
"4972     Fri. May 14, 2004          2          1          5     "	4972	2004-05-14	"Fri"	"Midday"	"215"	2	1	5	8	"21"	"15"	3	6
"4971     Thu. May 13, 2004          6          4          9     "	4971	2004-05-13	"Thu"	"Evening"	"649"	6	4	9	19	"64"	"49"	10	13
"4970     Thu. May 13, 2004          3          0          9     "	4970	2004-05-13	"Thu"	"Midday"	"309"	3	0	9	12	"30"	"09"	3	9
"4969     Wed. May 12, 2004          9          6          8     "	4969	2004-05-12	"Wed"	"Evening"	"968"	9	6	8	23	"96"	"68"	15	14
"4968     Wed. May 12, 2004          6          2          1     "	4968	2004-05-12	"Wed"	"Midday"	"621"	6	2	1	9	"62"	"21"	8	3
"4967     Tue. May 11, 2004          7          5          0     "	4967	2004-05-11	"Tue"	"Evening"	"750"	7	5	0	12	"75"	"50"	12	5
"4966     Tue. May 11, 2004          0          5          1     "	4966	2004-05-11	"Tue"	"Midday"	"051"	0	5	1	6	"05"	"51"	5	6
"4965     Mon. May 10, 2004          5          2          3     "	4965	2004-05-10	"Mon"	"Evening"	"523"	5	2	3	10	"52"	"23"	7	5
"4964     Mon. May 10, 2004          5          0          5     "	4964	2004-05-10	"Mon"	"Midday"	"505"	5	0	5	10	"50"	"05"	5	5
"4963     Sun. May 09, 2004          3          8          1     "	4963	2004-05-09	"Sun"	"Evening"	"381"	3	8	1	12	"38"	"81"	11	9
"4962     Sun. May 09, 2004          1          8          4     "	4962	2004-05-09	"Sun"	"Midday"	"184"	1	8	4	13	"18"	"84"	9	12
"4961     Sat. May 08, 2004          5          4          5     "	4961	2004-05-08	"Sat"	"Evening"	"545"	5	4	5	14	"54"	"45"	9	9
"4960     Sat. May 08, 2004          3          3          3     "	4960	2004-05-08	"Sat"	"Midday"	"333"	3	3	3	9	"33"	"33"	6	6
"4959     Fri. May 07, 2004          0          0          9     "	4959	2004-05-07	"Fri"	"Evening"	"009"	0	0	9	9	"00"	"09"	0	9
"4958     Fri. May 07, 2004          0          5          7     "	4958	2004-05-07	"Fri"	"Midday"	"057"	0	5	7	12	"05"	"57"	5	12
"4957     Thu. May 06, 2004          7          5          5     "	4957	2004-05-06	"Thu"	"Evening"	"755"	7	5	5	17	"75"	"55"	12	10
"4956     Thu. May 06, 2004          7          5          0     "	4956	2004-05-06	"Thu"	"Midday"	"750"	7	5	0	12	"75"	"50"	12	5
"4955     Wed. May 05, 2004          2          2          6     "	4955	2004-05-05	"Wed"	"Evening"	"226"	2	2	6	10	"22"	"26"	4	8
"4954     Wed. May 05, 2004          3          3          2     "	4954	2004-05-05	"Wed"	"Midday"	"332"	3	3	2	8	"33"	"32"	6	5
"4953     Tue. May 04, 2004          1          8          0     "	4953	2004-05-04	"Tue"	"Evening"	"180"	1	8	0	9	"18"	"80"	9	8
"4952     Tue. May 04, 2004          8          7          3     "	4952	2004-05-04	"Tue"	"Midday"	"873"	8	7	3	18	"87"	"73"	15	10
"4951     Mon. May 03, 2004          8          1          9     "	4951	2004-05-03	"Mon"	"Evening"	"819"	8	1	9	18	"81"	"19"	9	10
"4950     Mon. May 03, 2004          1          6          7     "	4950	2004-05-03	"Mon"	"Midday"	"167"	1	6	7	14	"16"	"67"	7	13
"4949     Sun. May 02, 2004          0          6          4     "	4949	2004-05-02	"Sun"	"Evening"	"064"	0	6	4	10	"06"	"64"	6	10
"4948     Sun. May 02, 2004          1          4          4     "	4948	2004-05-02	"Sun"	"Midday"	"144"	1	4	4	9	"14"	"44"	5	8
"4947     Sat. May 01, 2004          5          0          8     "	4947	2004-05-01	"Sat"	"Evening"	"508"	5	0	8	13	"50"	"08"	5	8
"4946     Sat. May 01, 2004          3          9          0     "	4946	2004-05-01	"Sat"	"Midday"	"390"	3	9	0	12	"39"	"90"	12	9
"4945     Fri. Apr 30, 2004          7          0          7     "	4945	2004-04-30	"Fri"	"Evening"	"707"	7	0	7	14	"70"	"07"	7	7
"4944     Fri. Apr 30, 2004          3          1          4     "	4944	2004-04-30	"Fri"	"Midday"	"314"	3	1	4	8	"31"	"14"	4	5
"4943     Thu. Apr 29, 2004          8          8          7     "	4943	2004-04-29	"Thu"	"Evening"	"887"	8	8	7	23	"88"	"87"	16	15
"4942     Thu. Apr 29, 2004          5          4          0     "	4942	2004-04-29	"Thu"	"Midday"	"540"	5	4	0	9	"54"	"40"	9	4
"4941     Wed. Apr 28, 2004          5          1          7     "	4941	2004-04-28	"Wed"	"Evening"	"517"	5	1	7	13	"51"	"17"	6	8
"4940     Wed. Apr 28, 2004          8          3          0     "	4940	2004-04-28	"Wed"	"Midday"	"830"	8	3	0	11	"83"	"30"	11	3
"4939     Tue. Apr 27, 2004          9          0          9     "	4939	2004-04-27	"Tue"	"Evening"	"909"	9	0	9	18	"90"	"09"	9	9
"4938     Tue. Apr 27, 2004          1          3          6     "	4938	2004-04-27	"Tue"	"Midday"	"136"	1	3	6	10	"13"	"36"	4	9
"4937     Mon. Apr 26, 2004          7          1          9     "	4937	2004-04-26	"Mon"	"Evening"	"719"	7	1	9	17	"71"	"19"	8	10
"4936     Mon. Apr 26, 2004          3          9          4     "	4936	2004-04-26	"Mon"	"Midday"	"394"	3	9	4	16	"39"	"94"	12	13
"4935     Sun. Apr 25, 2004          3          3          8     "	4935	2004-04-25	"Sun"	"Evening"	"338"	3	3	8	14	"33"	"38"	6	11
"4934     Sun. Apr 25, 2004          1          5          5     "	4934	2004-04-25	"Sun"	"Midday"	"155"	1	5	5	11	"15"	"55"	6	10
"4933     Sat. Apr 24, 2004          7          6          8     "	4933	2004-04-24	"Sat"	"Evening"	"768"	7	6	8	21	"76"	"68"	13	14
"4932     Sat. Apr 24, 2004          1          8          5     "	4932	2004-04-24	"Sat"	"Midday"	"185"	1	8	5	14	"18"	"85"	9	13
"4931     Fri. Apr 23, 2004          1          8          3     "	4931	2004-04-23	"Fri"	"Evening"	"183"	1	8	3	12	"18"	"83"	9	11
"4930     Fri. Apr 23, 2004          6          3          1     "	4930	2004-04-23	"Fri"	"Midday"	"631"	6	3	1	10	"63"	"31"	9	4
"4929     Thu. Apr 22, 2004          2          2          5     "	4929	2004-04-22	"Thu"	"Evening"	"225"	2	2	5	9	"22"	"25"	4	7
"4928     Thu. Apr 22, 2004          9          4          0     "	4928	2004-04-22	"Thu"	"Midday"	"940"	9	4	0	13	"94"	"40"	13	4
"4927     Wed. Apr 21, 2004          4          8          8     "	4927	2004-04-21	"Wed"	"Evening"	"488"	4	8	8	20	"48"	"88"	12	16
"4926     Wed. Apr 21, 2004          2          0          2     "	4926	2004-04-21	"Wed"	"Midday"	"202"	2	0	2	4	"20"	"02"	2	2
"4925     Tue. Apr 20, 2004          2          1          0     "	4925	2004-04-20	"Tue"	"Evening"	"210"	2	1	0	3	"21"	"10"	3	1
"4924     Tue. Apr 20, 2004          3          4          4     "	4924	2004-04-20	"Tue"	"Midday"	"344"	3	4	4	11	"34"	"44"	7	8
"4923     Mon. Apr 19, 2004          7          1          7     "	4923	2004-04-19	"Mon"	"Evening"	"717"	7	1	7	15	"71"	"17"	8	8
"4922     Mon. Apr 19, 2004          2          6          6     "	4922	2004-04-19	"Mon"	"Midday"	"266"	2	6	6	14	"26"	"66"	8	12
"4921     Sun. Apr 18, 2004          6          3          7     "	4921	2004-04-18	"Sun"	"Evening"	"637"	6	3	7	16	"63"	"37"	9	10
"4920     Sun. Apr 18, 2004          9          7          1     "	4920	2004-04-18	"Sun"	"Midday"	"971"	9	7	1	17	"97"	"71"	16	8
"4919     Sat. Apr 17, 2004          5          3          1     "	4919	2004-04-17	"Sat"	"Evening"	"531"	5	3	1	9	"53"	"31"	8	4
"4918     Sat. Apr 17, 2004          4          8          6     "	4918	2004-04-17	"Sat"	"Midday"	"486"	4	8	6	18	"48"	"86"	12	14
"4917     Fri. Apr 16, 2004          2          3          5     "	4917	2004-04-16	"Fri"	"Evening"	"235"	2	3	5	10	"23"	"35"	5	8
"4916     Fri. Apr 16, 2004          0          4          2     "	4916	2004-04-16	"Fri"	"Midday"	"042"	0	4	2	6	"04"	"42"	4	6
"4915     Thu. Apr 15, 2004          3          9          2     "	4915	2004-04-15	"Thu"	"Evening"	"392"	3	9	2	14	"39"	"92"	12	11
"4914     Thu. Apr 15, 2004          2          1          1     "	4914	2004-04-15	"Thu"	"Midday"	"211"	2	1	1	4	"21"	"11"	3	2
"4913     Wed. Apr 14, 2004          8          5          9     "	4913	2004-04-14	"Wed"	"Evening"	"859"	8	5	9	22	"85"	"59"	13	14
"4912     Wed. Apr 14, 2004          4          3          0     "	4912	2004-04-14	"Wed"	"Midday"	"430"	4	3	0	7	"43"	"30"	7	3
"4911     Tue. Apr 13, 2004          5          2          6     "	4911	2004-04-13	"Tue"	"Evening"	"526"	5	2	6	13	"52"	"26"	7	8
"4910     Tue. Apr 13, 2004          4          2          1     "	4910	2004-04-13	"Tue"	"Midday"	"421"	4	2	1	7	"42"	"21"	6	3
"4909     Mon. Apr 12, 2004          9          5          2     "	4909	2004-04-12	"Mon"	"Evening"	"952"	9	5	2	16	"95"	"52"	14	7
"4908     Mon. Apr 12, 2004          2          5          0     "	4908	2004-04-12	"Mon"	"Midday"	"250"	2	5	0	7	"25"	"50"	7	5
"4907     Sun. Apr 11, 2004          7          2          0     "	4907	2004-04-11	"Sun"	"Evening"	"720"	7	2	0	9	"72"	"20"	9	2
"4906     Sun. Apr 11, 2004          0          2          4     "	4906	2004-04-11	"Sun"	"Midday"	"024"	0	2	4	6	"02"	"24"	2	6
"4905     Sat. Apr 10, 2004          1          7          1     "	4905	2004-04-10	"Sat"	"Evening"	"171"	1	7	1	9	"17"	"71"	8	8
"4904     Sat. Apr 10, 2004          9          9          2     "	4904	2004-04-10	"Sat"	"Midday"	"992"	9	9	2	20	"99"	"92"	18	11
"4903     Fri. Apr 09, 2004          2          1          9     "	4903	2004-04-09	"Fri"	"Evening"	"219"	2	1	9	12	"21"	"19"	3	10
"4902     Fri. Apr 09, 2004          3          0          3     "	4902	2004-04-09	"Fri"	"Midday"	"303"	3	0	3	6	"30"	"03"	3	3
"4901     Thu. Apr 08, 2004          4          2          6     "	4901	2004-04-08	"Thu"	"Evening"	"426"	4	2	6	12	"42"	"26"	6	8
"4900     Thu. Apr 08, 2004          6          6          3     "	4900	2004-04-08	"Thu"	"Midday"	"663"	6	6	3	15	"66"	"63"	12	9
"4899     Wed. Apr 07, 2004          4          6          5     "	4899	2004-04-07	"Wed"	"Evening"	"465"	4	6	5	15	"46"	"65"	10	11
"4898     Wed. Apr 07, 2004          5          9          2     "	4898	2004-04-07	"Wed"	"Midday"	"592"	5	9	2	16	"59"	"92"	14	11
"4897     Tue. Apr 06, 2004          0          9          2     "	4897	2004-04-06	"Tue"	"Evening"	"092"	0	9	2	11	"09"	"92"	9	11
"4896     Tue. Apr 06, 2004          8          9          4     "	4896	2004-04-06	"Tue"	"Midday"	"894"	8	9	4	21	"89"	"94"	17	13
"4895     Mon. Apr 05, 2004          7          7          5     "	4895	2004-04-05	"Mon"	"Evening"	"775"	7	7	5	19	"77"	"75"	14	12
"4894     Mon. Apr 05, 2004          7          3          8     "	4894	2004-04-05	"Mon"	"Midday"	"738"	7	3	8	18	"73"	"38"	10	11
"4893     Sun. Apr 04, 2004          9          7          5     "	4893	2004-04-04	"Sun"	"Evening"	"975"	9	7	5	21	"97"	"75"	16	12
"4892     Sun. Apr 04, 2004          5          6          7     "	4892	2004-04-04	"Sun"	"Midday"	"567"	5	6	7	18	"56"	"67"	11	13
"4891     Sat. Apr 03, 2004          9          3          5     "	4891	2004-04-03	"Sat"	"Evening"	"935"	9	3	5	17	"93"	"35"	12	8
"4890     Sat. Apr 03, 2004          9          8          0     "	4890	2004-04-03	"Sat"	"Midday"	"980"	9	8	0	17	"98"	"80"	17	8
"4889     Fri. Apr 02, 2004          2          7          5     "	4889	2004-04-02	"Fri"	"Evening"	"275"	2	7	5	14	"27"	"75"	9	12
"4888     Fri. Apr 02, 2004          9          5          1     "	4888	2004-04-02	"Fri"	"Midday"	"951"	9	5	1	15	"95"	"51"	14	6
"4887     Thu. Apr 01, 2004          2          8          6     "	4887	2004-04-01	"Thu"	"Evening"	"286"	2	8	6	16	"28"	"86"	10	14
"4886     Thu. Apr 01, 2004          8          3          6     "	4886	2004-04-01	"Thu"	"Midday"	"836"	8	3	6	17	"83"	"36"	11	9
"4885     Wed. Mar 31, 2004          6          5          5     "	4885	2004-03-31	"Wed"	"Evening"	"655"	6	5	5	16	"65"	"55"	11	10
"4884     Wed. Mar 31, 2004          5          1          9     "	4884	2004-03-31	"Wed"	"Midday"	"519"	5	1	9	15	"51"	"19"	6	10
"4883     Tue. Mar 30, 2004          9          9          5     "	4883	2004-03-30	"Tue"	"Evening"	"995"	9	9	5	23	"99"	"95"	18	14
"4882     Tue. Mar 30, 2004          0          5          3     "	4882	2004-03-30	"Tue"	"Midday"	"053"	0	5	3	8	"05"	"53"	5	8
"4881     Mon. Mar 29, 2004          0          6          4     "	4881	2004-03-29	"Mon"	"Evening"	"064"	0	6	4	10	"06"	"64"	6	10
"4880     Mon. Mar 29, 2004          5          6          1     "	4880	2004-03-29	"Mon"	"Midday"	"561"	5	6	1	12	"56"	"61"	11	7
"4879     Sun. Mar 28, 2004          0          8          6     "	4879	2004-03-28	"Sun"	"Evening"	"086"	0	8	6	14	"08"	"86"	8	14
"4878     Sun. Mar 28, 2004          6          6          1     "	4878	2004-03-28	"Sun"	"Midday"	"661"	6	6	1	13	"66"	"61"	12	7
"4877     Sat. Mar 27, 2004          7          7          5     "	4877	2004-03-27	"Sat"	"Evening"	"775"	7	7	5	19	"77"	"75"	14	12
"4876     Sat. Mar 27, 2004          7          5          5     "	4876	2004-03-27	"Sat"	"Midday"	"755"	7	5	5	17	"75"	"55"	12	10
"4875     Fri. Mar 26, 2004          1          9          4     "	4875	2004-03-26	"Fri"	"Evening"	"194"	1	9	4	14	"19"	"94"	10	13
"4874     Fri. Mar 26, 2004          1          3          2     "	4874	2004-03-26	"Fri"	"Midday"	"132"	1	3	2	6	"13"	"32"	4	5
"4873     Thu. Mar 25, 2004          5          4          6     "	4873	2004-03-25	"Thu"	"Evening"	"546"	5	4	6	15	"54"	"46"	9	10
"4872     Thu. Mar 25, 2004          9          1          4     "	4872	2004-03-25	"Thu"	"Midday"	"914"	9	1	4	14	"91"	"14"	10	5
"4871     Wed. Mar 24, 2004          9          6          8     "	4871	2004-03-24	"Wed"	"Evening"	"968"	9	6	8	23	"96"	"68"	15	14
"4870     Wed. Mar 24, 2004          3          6          4     "	4870	2004-03-24	"Wed"	"Midday"	"364"	3	6	4	13	"36"	"64"	9	10
"4869     Tue. Mar 23, 2004          8          3          5     "	4869	2004-03-23	"Tue"	"Evening"	"835"	8	3	5	16	"83"	"35"	11	8
"4868     Tue. Mar 23, 2004          1          0          5     "	4868	2004-03-23	"Tue"	"Midday"	"105"	1	0	5	6	"10"	"05"	1	5
"4867     Mon. Mar 22, 2004          7          3          7     "	4867	2004-03-22	"Mon"	"Evening"	"737"	7	3	7	17	"73"	"37"	10	10
"4866     Mon. Mar 22, 2004          2          2          4     "	4866	2004-03-22	"Mon"	"Midday"	"224"	2	2	4	8	"22"	"24"	4	6
"4865     Sun. Mar 21, 2004          7          1          3     "	4865	2004-03-21	"Sun"	"Evening"	"713"	7	1	3	11	"71"	"13"	8	4
"4864     Sun. Mar 21, 2004          8          6          4     "	4864	2004-03-21	"Sun"	"Midday"	"864"	8	6	4	18	"86"	"64"	14	10
"4863     Sat. Mar 20, 2004          2          9          1     "	4863	2004-03-20	"Sat"	"Evening"	"291"	2	9	1	12	"29"	"91"	11	10
"4862     Sat. Mar 20, 2004          1          6          2     "	4862	2004-03-20	"Sat"	"Midday"	"162"	1	6	2	9	"16"	"62"	7	8
"4861     Fri. Mar 19, 2004          0          7          5     "	4861	2004-03-19	"Fri"	"Evening"	"075"	0	7	5	12	"07"	"75"	7	12
"4860     Fri. Mar 19, 2004          3          2          0     "	4860	2004-03-19	"Fri"	"Midday"	"320"	3	2	0	5	"32"	"20"	5	2
"4859     Thu. Mar 18, 2004          2          3          4     "	4859	2004-03-18	"Thu"	"Evening"	"234"	2	3	4	9	"23"	"34"	5	7
"4858     Thu. Mar 18, 2004          3          2          8     "	4858	2004-03-18	"Thu"	"Midday"	"328"	3	2	8	13	"32"	"28"	5	10
"4857     Wed. Mar 17, 2004          8          0          2     "	4857	2004-03-17	"Wed"	"Evening"	"802"	8	0	2	10	"80"	"02"	8	2
"4856     Wed. Mar 17, 2004          1          6          9     "	4856	2004-03-17	"Wed"	"Midday"	"169"	1	6	9	16	"16"	"69"	7	15
"4855     Tue. Mar 16, 2004          4          8          3     "	4855	2004-03-16	"Tue"	"Evening"	"483"	4	8	3	15	"48"	"83"	12	11
"4854     Tue. Mar 16, 2004          9          7          1     "	4854	2004-03-16	"Tue"	"Midday"	"971"	9	7	1	17	"97"	"71"	16	8
"4853     Mon. Mar 15, 2004          6          8          3     "	4853	2004-03-15	"Mon"	"Evening"	"683"	6	8	3	17	"68"	"83"	14	11
"4852     Mon. Mar 15, 2004          4          0          0     "	4852	2004-03-15	"Mon"	"Midday"	"400"	4	0	0	4	"40"	"00"	4	0
"4851     Sun. Mar 14, 2004          7          5          6     "	4851	2004-03-14	"Sun"	"Evening"	"756"	7	5	6	18	"75"	"56"	12	11
"4850     Sun. Mar 14, 2004          4          3          5     "	4850	2004-03-14	"Sun"	"Midday"	"435"	4	3	5	12	"43"	"35"	7	8
"4849     Sat. Mar 13, 2004          9          6          9     "	4849	2004-03-13	"Sat"	"Evening"	"969"	9	6	9	24	"96"	"69"	15	15
"4848     Sat. Mar 13, 2004          0          3          0     "	4848	2004-03-13	"Sat"	"Midday"	"030"	0	3	0	3	"03"	"30"	3	3
"4847     Fri. Mar 12, 2004          0          2          8     "	4847	2004-03-12	"Fri"	"Evening"	"028"	0	2	8	10	"02"	"28"	2	10
"4846     Fri. Mar 12, 2004          6          2          5     "	4846	2004-03-12	"Fri"	"Midday"	"625"	6	2	5	13	"62"	"25"	8	7
"4845     Thu. Mar 11, 2004          1          0          9     "	4845	2004-03-11	"Thu"	"Evening"	"109"	1	0	9	10	"10"	"09"	1	9
"4844     Thu. Mar 11, 2004          9          2          8     "	4844	2004-03-11	"Thu"	"Midday"	"928"	9	2	8	19	"92"	"28"	11	10
"4843     Wed. Mar 10, 2004          7          2          0     "	4843	2004-03-10	"Wed"	"Evening"	"720"	7	2	0	9	"72"	"20"	9	2
"4842     Wed. Mar 10, 2004          0          4          3     "	4842	2004-03-10	"Wed"	"Midday"	"043"	0	4	3	7	"04"	"43"	4	7
"4841     Tue. Mar 09, 2004          8          6          1     "	4841	2004-03-09	"Tue"	"Evening"	"861"	8	6	1	15	"86"	"61"	14	7
"4840     Tue. Mar 09, 2004          9          3          1     "	4840	2004-03-09	"Tue"	"Midday"	"931"	9	3	1	13	"93"	"31"	12	4
"4839     Mon. Mar 08, 2004          2          3          9     "	4839	2004-03-08	"Mon"	"Evening"	"239"	2	3	9	14	"23"	"39"	5	12
"4838     Mon. Mar 08, 2004          4          7          3     "	4838	2004-03-08	"Mon"	"Midday"	"473"	4	7	3	14	"47"	"73"	11	10
"4837     Sun. Mar 07, 2004          9          6          9     "	4837	2004-03-07	"Sun"	"Evening"	"969"	9	6	9	24	"96"	"69"	15	15
"4836     Sun. Mar 07, 2004          5          7          6     "	4836	2004-03-07	"Sun"	"Midday"	"576"	5	7	6	18	"57"	"76"	12	13
"4835     Sat. Mar 06, 2004          9          6          2     "	4835	2004-03-06	"Sat"	"Evening"	"962"	9	6	2	17	"96"	"62"	15	8
"4834     Sat. Mar 06, 2004          6          4          8     "	4834	2004-03-06	"Sat"	"Midday"	"648"	6	4	8	18	"64"	"48"	10	12
"4833     Fri. Mar 05, 2004          4          6          7     "	4833	2004-03-05	"Fri"	"Evening"	"467"	4	6	7	17	"46"	"67"	10	13
"4832     Fri. Mar 05, 2004          3          9          9     "	4832	2004-03-05	"Fri"	"Midday"	"399"	3	9	9	21	"39"	"99"	12	18
"4831     Thu. Mar 04, 2004          9          8          0     "	4831	2004-03-04	"Thu"	"Evening"	"980"	9	8	0	17	"98"	"80"	17	8
"4830     Thu. Mar 04, 2004          2          7          0     "	4830	2004-03-04	"Thu"	"Midday"	"270"	2	7	0	9	"27"	"70"	9	7
"4829     Wed. Mar 03, 2004          2          7          1     "	4829	2004-03-03	"Wed"	"Evening"	"271"	2	7	1	10	"27"	"71"	9	8
"4828     Wed. Mar 03, 2004          3          4          3     "	4828	2004-03-03	"Wed"	"Midday"	"343"	3	4	3	10	"34"	"43"	7	7
"4827     Tue. Mar 02, 2004          1          0          9     "	4827	2004-03-02	"Tue"	"Evening"	"109"	1	0	9	10	"10"	"09"	1	9
"4826     Tue. Mar 02, 2004          1          9          0     "	4826	2004-03-02	"Tue"	"Midday"	"190"	1	9	0	10	"19"	"90"	10	9
"4825     Mon. Mar 01, 2004          6          6          5     "	4825	2004-03-01	"Mon"	"Evening"	"665"	6	6	5	17	"66"	"65"	12	11
"4824     Mon. Mar 01, 2004          7          2          7     "	4824	2004-03-01	"Mon"	"Midday"	"727"	7	2	7	16	"72"	"27"	9	9
"4823     Sun. Feb 29, 2004          0          7          3     "	4823	2004-02-29	"Sun"	"Evening"	"073"	0	7	3	10	"07"	"73"	7	10
"4822     Sun. Feb 29, 2004          6          8          5     "	4822	2004-02-29	"Sun"	"Midday"	"685"	6	8	5	19	"68"	"85"	14	13
"4821     Sat. Feb 28, 2004          4          1          1     "	4821	2004-02-28	"Sat"	"Evening"	"411"	4	1	1	6	"41"	"11"	5	2
"4820     Sat. Feb 28, 2004          5          8          7     "	4820	2004-02-28	"Sat"	"Midday"	"587"	5	8	7	20	"58"	"87"	13	15
"4819     Fri. Feb 27, 2004          8          8          6     "	4819	2004-02-27	"Fri"	"Evening"	"886"	8	8	6	22	"88"	"86"	16	14
"4818     Fri. Feb 27, 2004          1          0          6     "	4818	2004-02-27	"Fri"	"Midday"	"106"	1	0	6	7	"10"	"06"	1	6
"4817     Thu. Feb 26, 2004          6          4          8     "	4817	2004-02-26	"Thu"	"Evening"	"648"	6	4	8	18	"64"	"48"	10	12
"4816     Thu. Feb 26, 2004          8          2          7     "	4816	2004-02-26	"Thu"	"Midday"	"827"	8	2	7	17	"82"	"27"	10	9
"4815     Wed. Feb 25, 2004          2          7          2     "	4815	2004-02-25	"Wed"	"Evening"	"272"	2	7	2	11	"27"	"72"	9	9
"4814     Wed. Feb 25, 2004          6          4          8     "	4814	2004-02-25	"Wed"	"Midday"	"648"	6	4	8	18	"64"	"48"	10	12
"4813     Tue. Feb 24, 2004          0          6          6     "	4813	2004-02-24	"Tue"	"Evening"	"066"	0	6	6	12	"06"	"66"	6	12
"4812     Tue. Feb 24, 2004          8          9          7     "	4812	2004-02-24	"Tue"	"Midday"	"897"	8	9	7	24	"89"	"97"	17	16
"4811     Mon. Feb 23, 2004          5          0          1     "	4811	2004-02-23	"Mon"	"Evening"	"501"	5	0	1	6	"50"	"01"	5	1
"4810     Mon. Feb 23, 2004          8          0          7     "	4810	2004-02-23	"Mon"	"Midday"	"807"	8	0	7	15	"80"	"07"	8	7
"4809     Sun. Feb 22, 2004          1          2          2     "	4809	2004-02-22	"Sun"	"Evening"	"122"	1	2	2	5	"12"	"22"	3	4
"4808     Sun. Feb 22, 2004          1          7          8     "	4808	2004-02-22	"Sun"	"Midday"	"178"	1	7	8	16	"17"	"78"	8	15
"4807     Sat. Feb 21, 2004          1          5          2     "	4807	2004-02-21	"Sat"	"Evening"	"152"	1	5	2	8	"15"	"52"	6	7
"4806     Sat. Feb 21, 2004          0          4          6     "	4806	2004-02-21	"Sat"	"Midday"	"046"	0	4	6	10	"04"	"46"	4	10
"4805     Fri. Feb 20, 2004          4          1          7     "	4805	2004-02-20	"Fri"	"Evening"	"417"	4	1	7	12	"41"	"17"	5	8
"4804     Fri. Feb 20, 2004          7          3          0     "	4804	2004-02-20	"Fri"	"Midday"	"730"	7	3	0	10	"73"	"30"	10	3
"4803     Thu. Feb 19, 2004          4          3          3     "	4803	2004-02-19	"Thu"	"Evening"	"433"	4	3	3	10	"43"	"33"	7	6
"4802     Thu. Feb 19, 2004          9          9          9     "	4802	2004-02-19	"Thu"	"Midday"	"999"	9	9	9	27	"99"	"99"	18	18
"4801     Wed. Feb 18, 2004          8          4          4     "	4801	2004-02-18	"Wed"	"Evening"	"844"	8	4	4	16	"84"	"44"	12	8
"4800     Wed. Feb 18, 2004          9          8          5     "	4800	2004-02-18	"Wed"	"Midday"	"985"	9	8	5	22	"98"	"85"	17	13
"4799     Tue. Feb 17, 2004          3          4          0     "	4799	2004-02-17	"Tue"	"Evening"	"340"	3	4	0	7	"34"	"40"	7	4
"4798     Tue. Feb 17, 2004          1          2          6     "	4798	2004-02-17	"Tue"	"Midday"	"126"	1	2	6	9	"12"	"26"	3	8
"4797     Mon. Feb 16, 2004          2          3          2     "	4797	2004-02-16	"Mon"	"Evening"	"232"	2	3	2	7	"23"	"32"	5	5
"4796     Mon. Feb 16, 2004          4          9          7     "	4796	2004-02-16	"Mon"	"Midday"	"497"	4	9	7	20	"49"	"97"	13	16
"4795     Sun. Feb 15, 2004          6          6          0     "	4795	2004-02-15	"Sun"	"Evening"	"660"	6	6	0	12	"66"	"60"	12	6
"4794     Sun. Feb 15, 2004          3          8          4     "	4794	2004-02-15	"Sun"	"Midday"	"384"	3	8	4	15	"38"	"84"	11	12
"4793     Sat. Feb 14, 2004          0          2          2     "	4793	2004-02-14	"Sat"	"Evening"	"022"	0	2	2	4	"02"	"22"	2	4
"4792     Sat. Feb 14, 2004          8          6          4     "	4792	2004-02-14	"Sat"	"Midday"	"864"	8	6	4	18	"86"	"64"	14	10
"4791     Fri. Feb 13, 2004          7          5          0     "	4791	2004-02-13	"Fri"	"Evening"	"750"	7	5	0	12	"75"	"50"	12	5
"4790     Fri. Feb 13, 2004          8          9          7     "	4790	2004-02-13	"Fri"	"Midday"	"897"	8	9	7	24	"89"	"97"	17	16
"4789     Thu. Feb 12, 2004          3          5          8     "	4789	2004-02-12	"Thu"	"Evening"	"358"	3	5	8	16	"35"	"58"	8	13
"4788     Thu. Feb 12, 2004          9          1          0     "	4788	2004-02-12	"Thu"	"Midday"	"910"	9	1	0	10	"91"	"10"	10	1
"4787     Wed. Feb 11, 2004          7          7          9     "	4787	2004-02-11	"Wed"	"Evening"	"779"	7	7	9	23	"77"	"79"	14	16
"4786     Wed. Feb 11, 2004          2          4          6     "	4786	2004-02-11	"Wed"	"Midday"	"246"	2	4	6	12	"24"	"46"	6	10
"4785     Tue. Feb 10, 2004          4          6          1     "	4785	2004-02-10	"Tue"	"Evening"	"461"	4	6	1	11	"46"	"61"	10	7
"4784     Tue. Feb 10, 2004          9          8          1     "	4784	2004-02-10	"Tue"	"Midday"	"981"	9	8	1	18	"98"	"81"	17	9
"4783     Mon. Feb 09, 2004          4          4          4     "	4783	2004-02-09	"Mon"	"Evening"	"444"	4	4	4	12	"44"	"44"	8	8
"4782     Mon. Feb 09, 2004          4          5          8     "	4782	2004-02-09	"Mon"	"Midday"	"458"	4	5	8	17	"45"	"58"	9	13
"4781     Sun. Feb 08, 2004          1          4          5     "	4781	2004-02-08	"Sun"	"Evening"	"145"	1	4	5	10	"14"	"45"	5	9
"4780     Sun. Feb 08, 2004          8          8          4     "	4780	2004-02-08	"Sun"	"Midday"	"884"	8	8	4	20	"88"	"84"	16	12
"4779     Sat. Feb 07, 2004          1          9          4     "	4779	2004-02-07	"Sat"	"Evening"	"194"	1	9	4	14	"19"	"94"	10	13
"4778     Sat. Feb 07, 2004          4          0          9     "	4778	2004-02-07	"Sat"	"Midday"	"409"	4	0	9	13	"40"	"09"	4	9
"4777     Fri. Feb 06, 2004          8          4          6     "	4777	2004-02-06	"Fri"	"Evening"	"846"	8	4	6	18	"84"	"46"	12	10
"4776     Fri. Feb 06, 2004          6          8          7     "	4776	2004-02-06	"Fri"	"Midday"	"687"	6	8	7	21	"68"	"87"	14	15
"4775     Thu. Feb 05, 2004          9          0          2     "	4775	2004-02-05	"Thu"	"Evening"	"902"	9	0	2	11	"90"	"02"	9	2
"4774     Thu. Feb 05, 2004          2          5          5     "	4774	2004-02-05	"Thu"	"Midday"	"255"	2	5	5	12	"25"	"55"	7	10
"4773     Wed. Feb 04, 2004          8          7          9     "	4773	2004-02-04	"Wed"	"Evening"	"879"	8	7	9	24	"87"	"79"	15	16
"4772     Wed. Feb 04, 2004          8          4          7     "	4772	2004-02-04	"Wed"	"Midday"	"847"	8	4	7	19	"84"	"47"	12	11
"4771     Tue. Feb 03, 2004          2          9          9     "	4771	2004-02-03	"Tue"	"Evening"	"299"	2	9	9	20	"29"	"99"	11	18
"4770     Tue. Feb 03, 2004          9          8          0     "	4770	2004-02-03	"Tue"	"Midday"	"980"	9	8	0	17	"98"	"80"	17	8
"4769     Mon. Feb 02, 2004          3          6          5     "	4769	2004-02-02	"Mon"	"Evening"	"365"	3	6	5	14	"36"	"65"	9	11
"4768     Mon. Feb 02, 2004          8          2          6     "	4768	2004-02-02	"Mon"	"Midday"	"826"	8	2	6	16	"82"	"26"	10	8
"4767     Sun. Feb 01, 2004          4          5          1     "	4767	2004-02-01	"Sun"	"Evening"	"451"	4	5	1	10	"45"	"51"	9	6
"4766     Sun. Feb 01, 2004          3          1          0     "	4766	2004-02-01	"Sun"	"Midday"	"310"	3	1	0	4	"31"	"10"	4	1
"4765     Sat. Jan 31, 2004          8          7          3     "	4765	2004-01-31	"Sat"	"Evening"	"873"	8	7	3	18	"87"	"73"	15	10
"4764     Sat. Jan 31, 2004          8          9          8     "	4764	2004-01-31	"Sat"	"Midday"	"898"	8	9	8	25	"89"	"98"	17	17
"4763     Fri. Jan 30, 2004          9          5          6     "	4763	2004-01-30	"Fri"	"Evening"	"956"	9	5	6	20	"95"	"56"	14	11
"4762     Fri. Jan 30, 2004          6          9          2     "	4762	2004-01-30	"Fri"	"Midday"	"692"	6	9	2	17	"69"	"92"	15	11
"4761     Thu. Jan 29, 2004          3          0          7     "	4761	2004-01-29	"Thu"	"Evening"	"307"	3	0	7	10	"30"	"07"	3	7
"4760     Thu. Jan 29, 2004          8          6          0     "	4760	2004-01-29	"Thu"	"Midday"	"860"	8	6	0	14	"86"	"60"	14	6
"4759     Wed. Jan 28, 2004          7          5          1     "	4759	2004-01-28	"Wed"	"Evening"	"751"	7	5	1	13	"75"	"51"	12	6
"4758     Wed. Jan 28, 2004          9          5          0     "	4758	2004-01-28	"Wed"	"Midday"	"950"	9	5	0	14	"95"	"50"	14	5
"4757     Tue. Jan 27, 2004          5          9          1     "	4757	2004-01-27	"Tue"	"Evening"	"591"	5	9	1	15	"59"	"91"	14	10
"4756     Tue. Jan 27, 2004          4          2          0     "	4756	2004-01-27	"Tue"	"Midday"	"420"	4	2	0	6	"42"	"20"	6	2
"4755     Mon. Jan 26, 2004          6          0          2     "	4755	2004-01-26	"Mon"	"Evening"	"602"	6	0	2	8	"60"	"02"	6	2
"4754     Mon. Jan 26, 2004          3          3          9     "	4754	2004-01-26	"Mon"	"Midday"	"339"	3	3	9	15	"33"	"39"	6	12
"4753     Sun. Jan 25, 2004          4          1          1     "	4753	2004-01-25	"Sun"	"Evening"	"411"	4	1	1	6	"41"	"11"	5	2
"4752     Sun. Jan 25, 2004          2          3          2     "	4752	2004-01-25	"Sun"	"Midday"	"232"	2	3	2	7	"23"	"32"	5	5
"4751     Sat. Jan 24, 2004          2          9          8     "	4751	2004-01-24	"Sat"	"Evening"	"298"	2	9	8	19	"29"	"98"	11	17
"4750     Sat. Jan 24, 2004          1          3          7     "	4750	2004-01-24	"Sat"	"Midday"	"137"	1	3	7	11	"13"	"37"	4	10
"4749     Fri. Jan 23, 2004          7          7          5     "	4749	2004-01-23	"Fri"	"Evening"	"775"	7	7	5	19	"77"	"75"	14	12
"4748     Fri. Jan 23, 2004          9          4          7     "	4748	2004-01-23	"Fri"	"Midday"	"947"	9	4	7	20	"94"	"47"	13	11
"4747     Thu. Jan 22, 2004          0          5          3     "	4747	2004-01-22	"Thu"	"Evening"	"053"	0	5	3	8	"05"	"53"	5	8
"4746     Thu. Jan 22, 2004          5          2          2     "	4746	2004-01-22	"Thu"	"Midday"	"522"	5	2	2	9	"52"	"22"	7	4
"4745     Wed. Jan 21, 2004          3          0          1     "	4745	2004-01-21	"Wed"	"Evening"	"301"	3	0	1	4	"30"	"01"	3	1
"4744     Wed. Jan 21, 2004          5          2          7     "	4744	2004-01-21	"Wed"	"Midday"	"527"	5	2	7	14	"52"	"27"	7	9
"4743     Tue. Jan 20, 2004          3          9          0     "	4743	2004-01-20	"Tue"	"Evening"	"390"	3	9	0	12	"39"	"90"	12	9
"4742     Tue. Jan 20, 2004          4          7          4     "	4742	2004-01-20	"Tue"	"Midday"	"474"	4	7	4	15	"47"	"74"	11	11
"4741     Mon. Jan 19, 2004          7          1          1     "	4741	2004-01-19	"Mon"	"Evening"	"711"	7	1	1	9	"71"	"11"	8	2
"4740     Mon. Jan 19, 2004          6          8          9     "	4740	2004-01-19	"Mon"	"Midday"	"689"	6	8	9	23	"68"	"89"	14	17
"4739     Sun. Jan 18, 2004          4          8          2     "	4739	2004-01-18	"Sun"	"Evening"	"482"	4	8	2	14	"48"	"82"	12	10
"4738     Sun. Jan 18, 2004          1          1          6     "	4738	2004-01-18	"Sun"	"Midday"	"116"	1	1	6	8	"11"	"16"	2	7
"4737     Sat. Jan 17, 2004          6          1          3     "	4737	2004-01-17	"Sat"	"Evening"	"613"	6	1	3	10	"61"	"13"	7	4
"4736     Sat. Jan 17, 2004          9          7          8     "	4736	2004-01-17	"Sat"	"Midday"	"978"	9	7	8	24	"97"	"78"	16	15
"4735     Fri. Jan 16, 2004          9          6          7     "	4735	2004-01-16	"Fri"	"Evening"	"967"	9	6	7	22	"96"	"67"	15	13
"4734     Fri. Jan 16, 2004          4          6          2     "	4734	2004-01-16	"Fri"	"Midday"	"462"	4	6	2	12	"46"	"62"	10	8
"4733     Thu. Jan 15, 2004          2          1          9     "	4733	2004-01-15	"Thu"	"Evening"	"219"	2	1	9	12	"21"	"19"	3	10
"4732     Thu. Jan 15, 2004          5          7          5     "	4732	2004-01-15	"Thu"	"Midday"	"575"	5	7	5	17	"57"	"75"	12	12
"4731     Wed. Jan 14, 2004          4          4          7     "	4731	2004-01-14	"Wed"	"Evening"	"447"	4	4	7	15	"44"	"47"	8	11
"4730     Wed. Jan 14, 2004          5          1          8     "	4730	2004-01-14	"Wed"	"Midday"	"518"	5	1	8	14	"51"	"18"	6	9
"4729     Tue. Jan 13, 2004          4          2          5     "	4729	2004-01-13	"Tue"	"Evening"	"425"	4	2	5	11	"42"	"25"	6	7
"4728     Tue. Jan 13, 2004          9          1          7     "	4728	2004-01-13	"Tue"	"Midday"	"917"	9	1	7	17	"91"	"17"	10	8
"4727     Mon. Jan 12, 2004          5          3          5     "	4727	2004-01-12	"Mon"	"Evening"	"535"	5	3	5	13	"53"	"35"	8	8
"4726     Mon. Jan 12, 2004          4          5          2     "	4726	2004-01-12	"Mon"	"Midday"	"452"	4	5	2	11	"45"	"52"	9	7
"4725     Sun. Jan 11, 2004          3          9          0     "	4725	2004-01-11	"Sun"	"Evening"	"390"	3	9	0	12	"39"	"90"	12	9
"4724     Sun. Jan 11, 2004          3          7          3     "	4724	2004-01-11	"Sun"	"Midday"	"373"	3	7	3	13	"37"	"73"	10	10
"4723     Sat. Jan 10, 2004          1          2          8     "	4723	2004-01-10	"Sat"	"Evening"	"128"	1	2	8	11	"12"	"28"	3	10
"4722     Sat. Jan 10, 2004          8          8          3     "	4722	2004-01-10	"Sat"	"Midday"	"883"	8	8	3	19	"88"	"83"	16	11
"4721     Fri. Jan 09, 2004          3          3          8     "	4721	2004-01-09	"Fri"	"Evening"	"338"	3	3	8	14	"33"	"38"	6	11
"4720     Fri. Jan 09, 2004          0          9          4     "	4720	2004-01-09	"Fri"	"Midday"	"094"	0	9	4	13	"09"	"94"	9	13
"4719     Thu. Jan 08, 2004          0          3          6     "	4719	2004-01-08	"Thu"	"Evening"	"036"	0	3	6	9	"03"	"36"	3	9
"4718     Thu. Jan 08, 2004          4          2          1     "	4718	2004-01-08	"Thu"	"Midday"	"421"	4	2	1	7	"42"	"21"	6	3
"4717     Wed. Jan 07, 2004          2          6          3     "	4717	2004-01-07	"Wed"	"Evening"	"263"	2	6	3	11	"26"	"63"	8	9
"4716     Wed. Jan 07, 2004          9          3          3     "	4716	2004-01-07	"Wed"	"Midday"	"933"	9	3	3	15	"93"	"33"	12	6
"4715     Tue. Jan 06, 2004          9          2          8     "	4715	2004-01-06	"Tue"	"Evening"	"928"	9	2	8	19	"92"	"28"	11	10
"4714     Tue. Jan 06, 2004          9          8          9     "	4714	2004-01-06	"Tue"	"Midday"	"989"	9	8	9	26	"98"	"89"	17	17
"4713     Mon. Jan 05, 2004          7          2          1     "	4713	2004-01-05	"Mon"	"Evening"	"721"	7	2	1	10	"72"	"21"	9	3
"4712     Mon. Jan 05, 2004          8          4          7     "	4712	2004-01-05	"Mon"	"Midday"	"847"	8	4	7	19	"84"	"47"	12	11
"4711     Sun. Jan 04, 2004          4          8          2     "	4711	2004-01-04	"Sun"	"Evening"	"482"	4	8	2	14	"48"	"82"	12	10
"4710     Sun. Jan 04, 2004          3          7          1     "	4710	2004-01-04	"Sun"	"Midday"	"371"	3	7	1	11	"37"	"71"	10	8
"4709     Sat. Jan 03, 2004          6          3          4     "	4709	2004-01-03	"Sat"	"Evening"	"634"	6	3	4	13	"63"	"34"	9	7
"4708     Sat. Jan 03, 2004          4          5          2     "	4708	2004-01-03	"Sat"	"Midday"	"452"	4	5	2	11	"45"	"52"	9	7
"4707     Fri. Jan 02, 2004          4          7          7     "	4707	2004-01-02	"Fri"	"Evening"	"477"	4	7	7	18	"47"	"77"	11	14
"4706     Fri. Jan 02, 2004          9          4          4     "	4706	2004-01-02	"Fri"	"Midday"	"944"	9	4	4	17	"94"	"44"	13	8
"4705     Thu. Jan 01, 2004          8          8          8     "	4705	2004-01-01	"Thu"	"Evening"	"888"	8	8	8	24	"88"	"88"	16	16
"4704     Thu. Jan 01, 2004          9          9          4     "	4704	2004-01-01	"Thu"	"Midday"	"994"	9	9	4	22	"99"	"94"	18	13
"4703     Wed. Dec 31, 2003          5          2          1     "	4703	2003-12-31	"Wed"	"Evening"	"521"	5	2	1	8	"52"	"21"	7	3
"4702     Wed. Dec 31, 2003          7          7          3     "	4702	2003-12-31	"Wed"	"Midday"	"773"	7	7	3	17	"77"	"73"	14	10
"4701     Tue. Dec 30, 2003          6          3          0     "	4701	2003-12-30	"Tue"	"Evening"	"630"	6	3	0	9	"63"	"30"	9	3
"4700     Tue. Dec 30, 2003          1          6          1     "	4700	2003-12-30	"Tue"	"Midday"	"161"	1	6	1	8	"16"	"61"	7	7
"4699     Mon. Dec 29, 2003          0          7          6     "	4699	2003-12-29	"Mon"	"Evening"	"076"	0	7	6	13	"07"	"76"	7	13
"4698     Mon. Dec 29, 2003          9          2          9     "	4698	2003-12-29	"Mon"	"Midday"	"929"	9	2	9	20	"92"	"29"	11	11
"4697     Sun. Dec 28, 2003          0          2          8     "	4697	2003-12-28	"Sun"	"Evening"	"028"	0	2	8	10	"02"	"28"	2	10
"4696     Sun. Dec 28, 2003          3          1          6     "	4696	2003-12-28	"Sun"	"Midday"	"316"	3	1	6	10	"31"	"16"	4	7
"4695     Sat. Dec 27, 2003          3          4          4     "	4695	2003-12-27	"Sat"	"Evening"	"344"	3	4	4	11	"34"	"44"	7	8
"4694     Sat. Dec 27, 2003          4          5          6     "	4694	2003-12-27	"Sat"	"Midday"	"456"	4	5	6	15	"45"	"56"	9	11
"4693     Fri. Dec 26, 2003          7          9          7     "	4693	2003-12-26	"Fri"	"Evening"	"797"	7	9	7	23	"79"	"97"	16	16
"4692     Fri. Dec 26, 2003          8          8          5     "	4692	2003-12-26	"Fri"	"Midday"	"885"	8	8	5	21	"88"	"85"	16	13
"4691     Thu. Dec 25, 2003          4          9          4     "	4691	2003-12-25	"Thu"	"Evening"	"494"	4	9	4	17	"49"	"94"	13	13
"4690     Thu. Dec 25, 2003          2          1          0     "	4690	2003-12-25	"Thu"	"Midday"	"210"	2	1	0	3	"21"	"10"	3	1
"4689     Wed. Dec 24, 2003          7          4          5     "	4689	2003-12-24	"Wed"	"Evening"	"745"	7	4	5	16	"74"	"45"	11	9
"4688     Wed. Dec 24, 2003          7          2          9     "	4688	2003-12-24	"Wed"	"Midday"	"729"	7	2	9	18	"72"	"29"	9	11
"4687     Tue. Dec 23, 2003          1          9          2     "	4687	2003-12-23	"Tue"	"Evening"	"192"	1	9	2	12	"19"	"92"	10	11
"4686     Tue. Dec 23, 2003          1          8          0     "	4686	2003-12-23	"Tue"	"Midday"	"180"	1	8	0	9	"18"	"80"	9	8
"4685     Mon. Dec 22, 2003          9          3          9     "	4685	2003-12-22	"Mon"	"Evening"	"939"	9	3	9	21	"93"	"39"	12	12
"4684     Mon. Dec 22, 2003          3          5          5     "	4684	2003-12-22	"Mon"	"Midday"	"355"	3	5	5	13	"35"	"55"	8	10
"4683     Sun. Dec 21, 2003          4          1          1     "	4683	2003-12-21	"Sun"	"Evening"	"411"	4	1	1	6	"41"	"11"	5	2
"4682     Sun. Dec 21, 2003          6          9          1     "	4682	2003-12-21	"Sun"	"Midday"	"691"	6	9	1	16	"69"	"91"	15	10
"4681     Sat. Dec 20, 2003          2          4          6     "	4681	2003-12-20	"Sat"	"Evening"	"246"	2	4	6	12	"24"	"46"	6	10
"4680     Sat. Dec 20, 2003          2          3          9     "	4680	2003-12-20	"Sat"	"Midday"	"239"	2	3	9	14	"23"	"39"	5	12
"4679     Fri. Dec 19, 2003          8          6          0     "	4679	2003-12-19	"Fri"	"Evening"	"860"	8	6	0	14	"86"	"60"	14	6
"4678     Fri. Dec 19, 2003          9          0          1     "	4678	2003-12-19	"Fri"	"Midday"	"901"	9	0	1	10	"90"	"01"	9	1
"4677     Thu. Dec 18, 2003          3          3          2     "	4677	2003-12-18	"Thu"	"Evening"	"332"	3	3	2	8	"33"	"32"	6	5
"4676     Thu. Dec 18, 2003          3          4          6     "	4676	2003-12-18	"Thu"	"Midday"	"346"	3	4	6	13	"34"	"46"	7	10
"4675     Wed. Dec 17, 2003          3          9          7     "	4675	2003-12-17	"Wed"	"Evening"	"397"	3	9	7	19	"39"	"97"	12	16
"4674     Wed. Dec 17, 2003          0          8          6     "	4674	2003-12-17	"Wed"	"Midday"	"086"	0	8	6	14	"08"	"86"	8	14
"4673     Tue. Dec 16, 2003          8          1          5     "	4673	2003-12-16	"Tue"	"Evening"	"815"	8	1	5	14	"81"	"15"	9	6
"4672     Tue. Dec 16, 2003          9          6          2     "	4672	2003-12-16	"Tue"	"Midday"	"962"	9	6	2	17	"96"	"62"	15	8
"4671     Mon. Dec 15, 2003          0          7          1     "	4671	2003-12-15	"Mon"	"Evening"	"071"	0	7	1	8	"07"	"71"	7	8
"4670     Mon. Dec 15, 2003          4          7          1     "	4670	2003-12-15	"Mon"	"Midday"	"471"	4	7	1	12	"47"	"71"	11	8
"4669     Sun. Dec 14, 2003          8          5          4     "	4669	2003-12-14	"Sun"	"Evening"	"854"	8	5	4	17	"85"	"54"	13	9
"4668     Sun. Dec 14, 2003          9          8          3     "	4668	2003-12-14	"Sun"	"Midday"	"983"	9	8	3	20	"98"	"83"	17	11
"4667     Sat. Dec 13, 2003          0          4          0     "	4667	2003-12-13	"Sat"	"Evening"	"040"	0	4	0	4	"04"	"40"	4	4
"4666     Sat. Dec 13, 2003          8          3          6     "	4666	2003-12-13	"Sat"	"Midday"	"836"	8	3	6	17	"83"	"36"	11	9
"4665     Fri. Dec 12, 2003          6          2          9     "	4665	2003-12-12	"Fri"	"Evening"	"629"	6	2	9	17	"62"	"29"	8	11
"4664     Fri. Dec 12, 2003          0          4          9     "	4664	2003-12-12	"Fri"	"Midday"	"049"	0	4	9	13	"04"	"49"	4	13
"4663     Thu. Dec 11, 2003          6          5          3     "	4663	2003-12-11	"Thu"	"Evening"	"653"	6	5	3	14	"65"	"53"	11	8
"4662     Thu. Dec 11, 2003          9          9          2     "	4662	2003-12-11	"Thu"	"Midday"	"992"	9	9	2	20	"99"	"92"	18	11
"4661     Wed. Dec 10, 2003          7          2          4     "	4661	2003-12-10	"Wed"	"Evening"	"724"	7	2	4	13	"72"	"24"	9	6
"4660     Wed. Dec 10, 2003          7          8          0     "	4660	2003-12-10	"Wed"	"Midday"	"780"	7	8	0	15	"78"	"80"	15	8
"4659     Tue. Dec 09, 2003          7          8          7     "	4659	2003-12-09	"Tue"	"Evening"	"787"	7	8	7	22	"78"	"87"	15	15
"4658     Tue. Dec 09, 2003          5          4          8     "	4658	2003-12-09	"Tue"	"Midday"	"548"	5	4	8	17	"54"	"48"	9	12
"4657     Mon. Dec 08, 2003          3          3          5     "	4657	2003-12-08	"Mon"	"Evening"	"335"	3	3	5	11	"33"	"35"	6	8
"4656     Mon. Dec 08, 2003          5          3          6     "	4656	2003-12-08	"Mon"	"Midday"	"536"	5	3	6	14	"53"	"36"	8	9
"4655     Sun. Dec 07, 2003          3          5          8     "	4655	2003-12-07	"Sun"	"Evening"	"358"	3	5	8	16	"35"	"58"	8	13
"4654     Sun. Dec 07, 2003          8          7          7     "	4654	2003-12-07	"Sun"	"Midday"	"877"	8	7	7	22	"87"	"77"	15	14
"4653     Sat. Dec 06, 2003          0          3          9     "	4653	2003-12-06	"Sat"	"Evening"	"039"	0	3	9	12	"03"	"39"	3	12
"4652     Sat. Dec 06, 2003          1          0          0     "	4652	2003-12-06	"Sat"	"Midday"	"100"	1	0	0	1	"10"	"00"	1	0
"4651     Fri. Dec 05, 2003          7          5          6     "	4651	2003-12-05	"Fri"	"Evening"	"756"	7	5	6	18	"75"	"56"	12	11
"4650     Fri. Dec 05, 2003          7          4          8     "	4650	2003-12-05	"Fri"	"Midday"	"748"	7	4	8	19	"74"	"48"	11	12
"4649     Thu. Dec 04, 2003          8          1          5     "	4649	2003-12-04	"Thu"	"Evening"	"815"	8	1	5	14	"81"	"15"	9	6
"4648     Thu. Dec 04, 2003          9          4          6     "	4648	2003-12-04	"Thu"	"Midday"	"946"	9	4	6	19	"94"	"46"	13	10
"4647     Wed. Dec 03, 2003          5          7          4     "	4647	2003-12-03	"Wed"	"Evening"	"574"	5	7	4	16	"57"	"74"	12	11
"4646     Wed. Dec 03, 2003          1          2          0     "	4646	2003-12-03	"Wed"	"Midday"	"120"	1	2	0	3	"12"	"20"	3	2
"4645     Tue. Dec 02, 2003          7          4          7     "	4645	2003-12-02	"Tue"	"Evening"	"747"	7	4	7	18	"74"	"47"	11	11
"4644     Tue. Dec 02, 2003          1          1          7     "	4644	2003-12-02	"Tue"	"Midday"	"117"	1	1	7	9	"11"	"17"	2	8
"4643     Mon. Dec 01, 2003          7          2          2     "	4643	2003-12-01	"Mon"	"Evening"	"722"	7	2	2	11	"72"	"22"	9	4
"4642     Mon. Dec 01, 2003          2          7          1     "	4642	2003-12-01	"Mon"	"Midday"	"271"	2	7	1	10	"27"	"71"	9	8
"4641     Sun. Nov 30, 2003          8          8          2     "	4641	2003-11-30	"Sun"	"Evening"	"882"	8	8	2	18	"88"	"82"	16	10
"4640     Sun. Nov 30, 2003          2          1          6     "	4640	2003-11-30	"Sun"	"Midday"	"216"	2	1	6	9	"21"	"16"	3	7
"4639     Sat. Nov 29, 2003          9          0          2     "	4639	2003-11-29	"Sat"	"Evening"	"902"	9	0	2	11	"90"	"02"	9	2
"4638     Sat. Nov 29, 2003          9          2          9     "	4638	2003-11-29	"Sat"	"Midday"	"929"	9	2	9	20	"92"	"29"	11	11
"4637     Fri. Nov 28, 2003          0          6          5     "	4637	2003-11-28	"Fri"	"Evening"	"065"	0	6	5	11	"06"	"65"	6	11
"4636     Fri. Nov 28, 2003          3          7          5     "	4636	2003-11-28	"Fri"	"Midday"	"375"	3	7	5	15	"37"	"75"	10	12
"4635     Thu. Nov 27, 2003          2          4          6     "	4635	2003-11-27	"Thu"	"Evening"	"246"	2	4	6	12	"24"	"46"	6	10
"4634     Thu. Nov 27, 2003          4          1          3     "	4634	2003-11-27	"Thu"	"Midday"	"413"	4	1	3	8	"41"	"13"	5	4
"4633     Wed. Nov 26, 2003          4          2          1     "	4633	2003-11-26	"Wed"	"Evening"	"421"	4	2	1	7	"42"	"21"	6	3
"4632     Wed. Nov 26, 2003          6          8          4     "	4632	2003-11-26	"Wed"	"Midday"	"684"	6	8	4	18	"68"	"84"	14	12
"4631     Tue. Nov 25, 2003          8          1          7     "	4631	2003-11-25	"Tue"	"Evening"	"817"	8	1	7	16	"81"	"17"	9	8
"4630     Tue. Nov 25, 2003          6          7          2     "	4630	2003-11-25	"Tue"	"Midday"	"672"	6	7	2	15	"67"	"72"	13	9
"4629     Mon. Nov 24, 2003          3          8          9     "	4629	2003-11-24	"Mon"	"Evening"	"389"	3	8	9	20	"38"	"89"	11	17
"4628     Mon. Nov 24, 2003          0          1          0     "	4628	2003-11-24	"Mon"	"Midday"	"010"	0	1	0	1	"01"	"10"	1	1
"4627     Sun. Nov 23, 2003          2          7          4     "	4627	2003-11-23	"Sun"	"Evening"	"274"	2	7	4	13	"27"	"74"	9	11
"4626     Sun. Nov 23, 2003          9          7          9     "	4626	2003-11-23	"Sun"	"Midday"	"979"	9	7	9	25	"97"	"79"	16	16
"4625     Sat. Nov 22, 2003          4          1          2     "	4625	2003-11-22	"Sat"	"Evening"	"412"	4	1	2	7	"41"	"12"	5	3
"4624     Sat. Nov 22, 2003          6          0          4     "	4624	2003-11-22	"Sat"	"Midday"	"604"	6	0	4	10	"60"	"04"	6	4
"4623     Fri. Nov 21, 2003          8          6          3     "	4623	2003-11-21	"Fri"	"Evening"	"863"	8	6	3	17	"86"	"63"	14	9
"4622     Fri. Nov 21, 2003          1          0          8     "	4622	2003-11-21	"Fri"	"Midday"	"108"	1	0	8	9	"10"	"08"	1	8
"4621     Thu. Nov 20, 2003          0          6          4     "	4621	2003-11-20	"Thu"	"Evening"	"064"	0	6	4	10	"06"	"64"	6	10
"4620     Thu. Nov 20, 2003          8          8          8     "	4620	2003-11-20	"Thu"	"Midday"	"888"	8	8	8	24	"88"	"88"	16	16
"4619     Wed. Nov 19, 2003          5          8          7     "	4619	2003-11-19	"Wed"	"Evening"	"587"	5	8	7	20	"58"	"87"	13	15
"4618     Wed. Nov 19, 2003          0          2          7     "	4618	2003-11-19	"Wed"	"Midday"	"027"	0	2	7	9	"02"	"27"	2	9
"4617     Tue. Nov 18, 2003          9          7          0     "	4617	2003-11-18	"Tue"	"Evening"	"970"	9	7	0	16	"97"	"70"	16	7
"4616     Tue. Nov 18, 2003          6          0          1     "	4616	2003-11-18	"Tue"	"Midday"	"601"	6	0	1	7	"60"	"01"	6	1
"4615     Mon. Nov 17, 2003          9          4          3     "	4615	2003-11-17	"Mon"	"Evening"	"943"	9	4	3	16	"94"	"43"	13	7
"4614     Mon. Nov 17, 2003          6          2          7     "	4614	2003-11-17	"Mon"	"Midday"	"627"	6	2	7	15	"62"	"27"	8	9
"4613     Sun. Nov 16, 2003          8          9          5     "	4613	2003-11-16	"Sun"	"Evening"	"895"	8	9	5	22	"89"	"95"	17	14
"4612     Sun. Nov 16, 2003          3          8          8     "	4612	2003-11-16	"Sun"	"Midday"	"388"	3	8	8	19	"38"	"88"	11	16
"4611     Sat. Nov 15, 2003          7          3          2     "	4611	2003-11-15	"Sat"	"Evening"	"732"	7	3	2	12	"73"	"32"	10	5
"4610     Sat. Nov 15, 2003          4          2          8     "	4610	2003-11-15	"Sat"	"Midday"	"428"	4	2	8	14	"42"	"28"	6	10
"4609     Fri. Nov 14, 2003          9          8          4     "	4609	2003-11-14	"Fri"	"Evening"	"984"	9	8	4	21	"98"	"84"	17	12
"4608     Fri. Nov 14, 2003          5          2          4     "	4608	2003-11-14	"Fri"	"Midday"	"524"	5	2	4	11	"52"	"24"	7	6
"4607     Thu. Nov 13, 2003          6          0          9     "	4607	2003-11-13	"Thu"	"Evening"	"609"	6	0	9	15	"60"	"09"	6	9
"4606     Thu. Nov 13, 2003          9          0          9     "	4606	2003-11-13	"Thu"	"Midday"	"909"	9	0	9	18	"90"	"09"	9	9
"4605     Wed. Nov 12, 2003          5          4          3     "	4605	2003-11-12	"Wed"	"Evening"	"543"	5	4	3	12	"54"	"43"	9	7
"4604     Wed. Nov 12, 2003          0          7          5     "	4604	2003-11-12	"Wed"	"Midday"	"075"	0	7	5	12	"07"	"75"	7	12
"4603     Tue. Nov 11, 2003          5          1          4     "	4603	2003-11-11	"Tue"	"Evening"	"514"	5	1	4	10	"51"	"14"	6	5
"4602     Tue. Nov 11, 2003          0          8          6     "	4602	2003-11-11	"Tue"	"Midday"	"086"	0	8	6	14	"08"	"86"	8	14
"4601     Mon. Nov 10, 2003          6          7          3     "	4601	2003-11-10	"Mon"	"Evening"	"673"	6	7	3	16	"67"	"73"	13	10
"4600     Mon. Nov 10, 2003          9          1          6     "	4600	2003-11-10	"Mon"	"Midday"	"916"	9	1	6	16	"91"	"16"	10	7
"4599     Sun. Nov 09, 2003          2          4          2     "	4599	2003-11-09	"Sun"	"Evening"	"242"	2	4	2	8	"24"	"42"	6	6
"4598     Sun. Nov 09, 2003          6          7          2     "	4598	2003-11-09	"Sun"	"Midday"	"672"	6	7	2	15	"67"	"72"	13	9
"4597     Sat. Nov 08, 2003          7          1          7     "	4597	2003-11-08	"Sat"	"Evening"	"717"	7	1	7	15	"71"	"17"	8	8
"4596     Sat. Nov 08, 2003          4          6          9     "	4596	2003-11-08	"Sat"	"Midday"	"469"	4	6	9	19	"46"	"69"	10	15
"4595     Fri. Nov 07, 2003          1          3          1     "	4595	2003-11-07	"Fri"	"Evening"	"131"	1	3	1	5	"13"	"31"	4	4
"4594     Fri. Nov 07, 2003          6          3          0     "	4594	2003-11-07	"Fri"	"Midday"	"630"	6	3	0	9	"63"	"30"	9	3
"4593     Thu. Nov 06, 2003          6          6          7     "	4593	2003-11-06	"Thu"	"Evening"	"667"	6	6	7	19	"66"	"67"	12	13
"4592     Thu. Nov 06, 2003          3          5          5     "	4592	2003-11-06	"Thu"	"Midday"	"355"	3	5	5	13	"35"	"55"	8	10
"4591     Wed. Nov 05, 2003          9          1          0     "	4591	2003-11-05	"Wed"	"Evening"	"910"	9	1	0	10	"91"	"10"	10	1
"4590     Wed. Nov 05, 2003          9          6          6     "	4590	2003-11-05	"Wed"	"Midday"	"966"	9	6	6	21	"96"	"66"	15	12
"4589     Tue. Nov 04, 2003          5          8          9     "	4589	2003-11-04	"Tue"	"Evening"	"589"	5	8	9	22	"58"	"89"	13	17
"4588     Tue. Nov 04, 2003          7          6          7     "	4588	2003-11-04	"Tue"	"Midday"	"767"	7	6	7	20	"76"	"67"	13	13
"4587     Mon. Nov 03, 2003          8          9          0     "	4587	2003-11-03	"Mon"	"Evening"	"890"	8	9	0	17	"89"	"90"	17	9
"4586     Mon. Nov 03, 2003          7          2          4     "	4586	2003-11-03	"Mon"	"Midday"	"724"	7	2	4	13	"72"	"24"	9	6
"4585     Sun. Nov 02, 2003          3          9          0     "	4585	2003-11-02	"Sun"	"Evening"	"390"	3	9	0	12	"39"	"90"	12	9
"4584     Sun. Nov 02, 2003          0          6          4     "	4584	2003-11-02	"Sun"	"Midday"	"064"	0	6	4	10	"06"	"64"	6	10
"4583     Sat. Nov 01, 2003          9          5          1     "	4583	2003-11-01	"Sat"	"Evening"	"951"	9	5	1	15	"95"	"51"	14	6
"4582     Sat. Nov 01, 2003          1          5          4     "	4582	2003-11-01	"Sat"	"Midday"	"154"	1	5	4	10	"15"	"54"	6	9
"4581     Fri. Oct 31, 2003          4          4          5     "	4581	2003-10-31	"Fri"	"Evening"	"445"	4	4	5	13	"44"	"45"	8	9
"4580     Fri. Oct 31, 2003          7          4          1     "	4580	2003-10-31	"Fri"	"Midday"	"741"	7	4	1	12	"74"	"41"	11	5
"4579     Thu. Oct 30, 2003          8          9          7     "	4579	2003-10-30	"Thu"	"Evening"	"897"	8	9	7	24	"89"	"97"	17	16
"4578     Thu. Oct 30, 2003          1          0          9     "	4578	2003-10-30	"Thu"	"Midday"	"109"	1	0	9	10	"10"	"09"	1	9
"4577     Wed. Oct 29, 2003          3          0          5     "	4577	2003-10-29	"Wed"	"Evening"	"305"	3	0	5	8	"30"	"05"	3	5
"4576     Wed. Oct 29, 2003          5          6          7     "	4576	2003-10-29	"Wed"	"Midday"	"567"	5	6	7	18	"56"	"67"	11	13
"4575     Tue. Oct 28, 2003          8          5          9     "	4575	2003-10-28	"Tue"	"Evening"	"859"	8	5	9	22	"85"	"59"	13	14
"4574     Tue. Oct 28, 2003          9          2          2     "	4574	2003-10-28	"Tue"	"Midday"	"922"	9	2	2	13	"92"	"22"	11	4
"4573     Mon. Oct 27, 2003          1          0          0     "	4573	2003-10-27	"Mon"	"Evening"	"100"	1	0	0	1	"10"	"00"	1	0
"4572     Mon. Oct 27, 2003          3          3          7     "	4572	2003-10-27	"Mon"	"Midday"	"337"	3	3	7	13	"33"	"37"	6	10
"4571     Sun. Oct 26, 2003          3          6          7     "	4571	2003-10-26	"Sun"	"Evening"	"367"	3	6	7	16	"36"	"67"	9	13
"4570     Sun. Oct 26, 2003          3          6          7     "	4570	2003-10-26	"Sun"	"Midday"	"367"	3	6	7	16	"36"	"67"	9	13
"4569     Sat. Oct 25, 2003          0          7          8     "	4569	2003-10-25	"Sat"	"Evening"	"078"	0	7	8	15	"07"	"78"	7	15
"4568     Sat. Oct 25, 2003          2          1          3     "	4568	2003-10-25	"Sat"	"Midday"	"213"	2	1	3	6	"21"	"13"	3	4
"4567     Fri. Oct 24, 2003          1          2          0     "	4567	2003-10-24	"Fri"	"Evening"	"120"	1	2	0	3	"12"	"20"	3	2
"4566     Fri. Oct 24, 2003          9          9          6     "	4566	2003-10-24	"Fri"	"Midday"	"996"	9	9	6	24	"99"	"96"	18	15
"4565     Thu. Oct 23, 2003          3          0          2     "	4565	2003-10-23	"Thu"	"Evening"	"302"	3	0	2	5	"30"	"02"	3	2
"4564     Thu. Oct 23, 2003          0          6          8     "	4564	2003-10-23	"Thu"	"Midday"	"068"	0	6	8	14	"06"	"68"	6	14
"4563     Wed. Oct 22, 2003          1          9          8     "	4563	2003-10-22	"Wed"	"Evening"	"198"	1	9	8	18	"19"	"98"	10	17
"4562     Wed. Oct 22, 2003          6          9          1     "	4562	2003-10-22	"Wed"	"Midday"	"691"	6	9	1	16	"69"	"91"	15	10
"4561     Tue. Oct 21, 2003          3          3          9     "	4561	2003-10-21	"Tue"	"Evening"	"339"	3	3	9	15	"33"	"39"	6	12
"4560     Tue. Oct 21, 2003          4          4          4     "	4560	2003-10-21	"Tue"	"Midday"	"444"	4	4	4	12	"44"	"44"	8	8
"4559     Mon. Oct 20, 2003          8          4          0     "	4559	2003-10-20	"Mon"	"Evening"	"840"	8	4	0	12	"84"	"40"	12	4
"4558     Mon. Oct 20, 2003          6          5          4     "	4558	2003-10-20	"Mon"	"Midday"	"654"	6	5	4	15	"65"	"54"	11	9
"4557     Sun. Oct 19, 2003          7          6          9     "	4557	2003-10-19	"Sun"	"Evening"	"769"	7	6	9	22	"76"	"69"	13	15
"4556     Sun. Oct 19, 2003          5          1          6     "	4556	2003-10-19	"Sun"	"Midday"	"516"	5	1	6	12	"51"	"16"	6	7
"4555     Sat. Oct 18, 2003          0          7          1     "	4555	2003-10-18	"Sat"	"Evening"	"071"	0	7	1	8	"07"	"71"	7	8
"4554     Sat. Oct 18, 2003          7          9          1     "	4554	2003-10-18	"Sat"	"Midday"	"791"	7	9	1	17	"79"	"91"	16	10
"4553     Fri. Oct 17, 2003          8          5          1     "	4553	2003-10-17	"Fri"	"Evening"	"851"	8	5	1	14	"85"	"51"	13	6
"4552     Fri. Oct 17, 2003          2          5          0     "	4552	2003-10-17	"Fri"	"Midday"	"250"	2	5	0	7	"25"	"50"	7	5
"4551     Thu. Oct 16, 2003          7          4          5     "	4551	2003-10-16	"Thu"	"Evening"	"745"	7	4	5	16	"74"	"45"	11	9
"4550     Thu. Oct 16, 2003          9          8          6     "	4550	2003-10-16	"Thu"	"Midday"	"986"	9	8	6	23	"98"	"86"	17	14
"4549     Wed. Oct 15, 2003          2          2          9     "	4549	2003-10-15	"Wed"	"Evening"	"229"	2	2	9	13	"22"	"29"	4	11
"4548     Wed. Oct 15, 2003          3          8          0     "	4548	2003-10-15	"Wed"	"Midday"	"380"	3	8	0	11	"38"	"80"	11	8
"4547     Tue. Oct 14, 2003          1          9          6     "	4547	2003-10-14	"Tue"	"Evening"	"196"	1	9	6	16	"19"	"96"	10	15
"4546     Tue. Oct 14, 2003          2          8          7     "	4546	2003-10-14	"Tue"	"Midday"	"287"	2	8	7	17	"28"	"87"	10	15
"4545     Mon. Oct 13, 2003          5          6          4     "	4545	2003-10-13	"Mon"	"Evening"	"564"	5	6	4	15	"56"	"64"	11	10
"4544     Mon. Oct 13, 2003          1          3          6     "	4544	2003-10-13	"Mon"	"Midday"	"136"	1	3	6	10	"13"	"36"	4	9
"4543     Sun. Oct 12, 2003          5          3          1     "	4543	2003-10-12	"Sun"	"Evening"	"531"	5	3	1	9	"53"	"31"	8	4
"4542     Sun. Oct 12, 2003          2          5          8     "	4542	2003-10-12	"Sun"	"Midday"	"258"	2	5	8	15	"25"	"58"	7	13
"4541     Sat. Oct 11, 2003          1          0          2     "	4541	2003-10-11	"Sat"	"Evening"	"102"	1	0	2	3	"10"	"02"	1	2
"4540     Sat. Oct 11, 2003          2          8          1     "	4540	2003-10-11	"Sat"	"Midday"	"281"	2	8	1	11	"28"	"81"	10	9
"4539     Fri. Oct 10, 2003          8          6          4     "	4539	2003-10-10	"Fri"	"Evening"	"864"	8	6	4	18	"86"	"64"	14	10
"4538     Fri. Oct 10, 2003          3          9          7     "	4538	2003-10-10	"Fri"	"Midday"	"397"	3	9	7	19	"39"	"97"	12	16
"4537     Thu. Oct 09, 2003          1          3          0     "	4537	2003-10-09	"Thu"	"Evening"	"130"	1	3	0	4	"13"	"30"	4	3
"4536     Thu. Oct 09, 2003          9          0          2     "	4536	2003-10-09	"Thu"	"Midday"	"902"	9	0	2	11	"90"	"02"	9	2
"4535     Wed. Oct 08, 2003          4          7          5     "	4535	2003-10-08	"Wed"	"Evening"	"475"	4	7	5	16	"47"	"75"	11	12
"4534     Wed. Oct 08, 2003          9          5          7     "	4534	2003-10-08	"Wed"	"Midday"	"957"	9	5	7	21	"95"	"57"	14	12
"4533     Tue. Oct 07, 2003          8          8          0     "	4533	2003-10-07	"Tue"	"Evening"	"880"	8	8	0	16	"88"	"80"	16	8
"4532     Tue. Oct 07, 2003          1          9          8     "	4532	2003-10-07	"Tue"	"Midday"	"198"	1	9	8	18	"19"	"98"	10	17
"4531     Mon. Oct 06, 2003          8          4          7     "	4531	2003-10-06	"Mon"	"Evening"	"847"	8	4	7	19	"84"	"47"	12	11
"4530     Mon. Oct 06, 2003          4          6          6     "	4530	2003-10-06	"Mon"	"Midday"	"466"	4	6	6	16	"46"	"66"	10	12
"4529     Sun. Oct 05, 2003          9          6          2     "	4529	2003-10-05	"Sun"	"Evening"	"962"	9	6	2	17	"96"	"62"	15	8
"4528     Sun. Oct 05, 2003          3          3          1     "	4528	2003-10-05	"Sun"	"Midday"	"331"	3	3	1	7	"33"	"31"	6	4
"4527     Sat. Oct 04, 2003          9          6          4     "	4527	2003-10-04	"Sat"	"Evening"	"964"	9	6	4	19	"96"	"64"	15	10
"4526     Sat. Oct 04, 2003          1          9          1     "	4526	2003-10-04	"Sat"	"Midday"	"191"	1	9	1	11	"19"	"91"	10	10
"4525     Fri. Oct 03, 2003          6          6          8     "	4525	2003-10-03	"Fri"	"Evening"	"668"	6	6	8	20	"66"	"68"	12	14
"4524     Fri. Oct 03, 2003          0          6          0     "	4524	2003-10-03	"Fri"	"Midday"	"060"	0	6	0	6	"06"	"60"	6	6
"4523     Thu. Oct 02, 2003          9          5          0     "	4523	2003-10-02	"Thu"	"Evening"	"950"	9	5	0	14	"95"	"50"	14	5
"4522     Thu. Oct 02, 2003          8          6          1     "	4522	2003-10-02	"Thu"	"Midday"	"861"	8	6	1	15	"86"	"61"	14	7
"4521     Wed. Oct 01, 2003          9          2          5     "	4521	2003-10-01	"Wed"	"Evening"	"925"	9	2	5	16	"92"	"25"	11	7
"4520     Wed. Oct 01, 2003          0          0          0     "	4520	2003-10-01	"Wed"	"Midday"	"000"	0	0	0	0	"00"	"00"	0	0
"4519     Tue. Sep 30, 2003          7          6          5     "	4519	2003-09-30	"Tue"	"Evening"	"765"	7	6	5	18	"76"	"65"	13	11
"4518     Tue. Sep 30, 2003          4          8          4     "	4518	2003-09-30	"Tue"	"Midday"	"484"	4	8	4	16	"48"	"84"	12	12
"4517     Mon. Sep 29, 2003          8          0          5     "	4517	2003-09-29	"Mon"	"Evening"	"805"	8	0	5	13	"80"	"05"	8	5
"4516     Mon. Sep 29, 2003          5          8          8     "	4516	2003-09-29	"Mon"	"Midday"	"588"	5	8	8	21	"58"	"88"	13	16
"4515     Sun. Sep 28, 2003          3          3          4     "	4515	2003-09-28	"Sun"	"Evening"	"334"	3	3	4	10	"33"	"34"	6	7
"4514     Sun. Sep 28, 2003          7          5          9     "	4514	2003-09-28	"Sun"	"Midday"	"759"	7	5	9	21	"75"	"59"	12	14
"4513     Sat. Sep 27, 2003          7          1          2     "	4513	2003-09-27	"Sat"	"Evening"	"712"	7	1	2	10	"71"	"12"	8	3
"4512     Sat. Sep 27, 2003          5          0          8     "	4512	2003-09-27	"Sat"	"Midday"	"508"	5	0	8	13	"50"	"08"	5	8
"4511     Fri. Sep 26, 2003          9          5          4     "	4511	2003-09-26	"Fri"	"Evening"	"954"	9	5	4	18	"95"	"54"	14	9
"4510     Fri. Sep 26, 2003          4          3          9     "	4510	2003-09-26	"Fri"	"Midday"	"439"	4	3	9	16	"43"	"39"	7	12
"4509     Thu. Sep 25, 2003          5          8          9     "	4509	2003-09-25	"Thu"	"Evening"	"589"	5	8	9	22	"58"	"89"	13	17
"4508     Thu. Sep 25, 2003          3          5          5     "	4508	2003-09-25	"Thu"	"Midday"	"355"	3	5	5	13	"35"	"55"	8	10
"4507     Wed. Sep 24, 2003          3          8          4     "	4507	2003-09-24	"Wed"	"Evening"	"384"	3	8	4	15	"38"	"84"	11	12
"4506     Wed. Sep 24, 2003          1          7          6     "	4506	2003-09-24	"Wed"	"Midday"	"176"	1	7	6	14	"17"	"76"	8	13
"4505     Tue. Sep 23, 2003          6          0          8     "	4505	2003-09-23	"Tue"	"Evening"	"608"	6	0	8	14	"60"	"08"	6	8
"4504     Tue. Sep 23, 2003          2          3          4     "	4504	2003-09-23	"Tue"	"Midday"	"234"	2	3	4	9	"23"	"34"	5	7
"4503     Mon. Sep 22, 2003          6          9          7     "	4503	2003-09-22	"Mon"	"Evening"	"697"	6	9	7	22	"69"	"97"	15	16
"4502     Mon. Sep 22, 2003          6          4          4     "	4502	2003-09-22	"Mon"	"Midday"	"644"	6	4	4	14	"64"	"44"	10	8
"4501     Sun. Sep 21, 2003          0          7          5     "	4501	2003-09-21	"Sun"	"Evening"	"075"	0	7	5	12	"07"	"75"	7	12
"4500     Sun. Sep 21, 2003          2          4          1     "	4500	2003-09-21	"Sun"	"Midday"	"241"	2	4	1	7	"24"	"41"	6	5
"4499     Sat. Sep 20, 2003          5          0          3     "	4499	2003-09-20	"Sat"	"Evening"	"503"	5	0	3	8	"50"	"03"	5	3
"4498     Sat. Sep 20, 2003          7          9          4     "	4498	2003-09-20	"Sat"	"Midday"	"794"	7	9	4	20	"79"	"94"	16	13
"4497     Fri. Sep 19, 2003          3          2          4     "	4497	2003-09-19	"Fri"	"Evening"	"324"	3	2	4	9	"32"	"24"	5	6
"4496     Fri. Sep 19, 2003          3          5          4     "	4496	2003-09-19	"Fri"	"Midday"	"354"	3	5	4	12	"35"	"54"	8	9
"4495     Thu. Sep 18, 2003          5          1          3     "	4495	2003-09-18	"Thu"	"Evening"	"513"	5	1	3	9	"51"	"13"	6	4
"4494     Thu. Sep 18, 2003          7          2          9     "	4494	2003-09-18	"Thu"	"Midday"	"729"	7	2	9	18	"72"	"29"	9	11
"4493     Wed. Sep 17, 2003          4          8          9     "	4493	2003-09-17	"Wed"	"Evening"	"489"	4	8	9	21	"48"	"89"	12	17
"4492     Wed. Sep 17, 2003          3          4          4     "	4492	2003-09-17	"Wed"	"Midday"	"344"	3	4	4	11	"34"	"44"	7	8
"4491     Tue. Sep 16, 2003          4          1          9     "	4491	2003-09-16	"Tue"	"Evening"	"419"	4	1	9	14	"41"	"19"	5	10
"4490     Tue. Sep 16, 2003          0          7          0     "	4490	2003-09-16	"Tue"	"Midday"	"070"	0	7	0	7	"07"	"70"	7	7
"4489     Mon. Sep 15, 2003          9          3          9     "	4489	2003-09-15	"Mon"	"Evening"	"939"	9	3	9	21	"93"	"39"	12	12
"4488     Mon. Sep 15, 2003          3          2          4     "	4488	2003-09-15	"Mon"	"Midday"	"324"	3	2	4	9	"32"	"24"	5	6
"4487     Sun. Sep 14, 2003          0          0          3     "	4487	2003-09-14	"Sun"	"Evening"	"003"	0	0	3	3	"00"	"03"	0	3
"4486     Sun. Sep 14, 2003          4          1          3     "	4486	2003-09-14	"Sun"	"Midday"	"413"	4	1	3	8	"41"	"13"	5	4
"4485     Sat. Sep 13, 2003          4          3          2     "	4485	2003-09-13	"Sat"	"Evening"	"432"	4	3	2	9	"43"	"32"	7	5
"4484     Sat. Sep 13, 2003          7          4          0     "	4484	2003-09-13	"Sat"	"Midday"	"740"	7	4	0	11	"74"	"40"	11	4
"4483     Fri. Sep 12, 2003          5          2          2     "	4483	2003-09-12	"Fri"	"Evening"	"522"	5	2	2	9	"52"	"22"	7	4
"4482     Fri. Sep 12, 2003          0          1          0     "	4482	2003-09-12	"Fri"	"Midday"	"010"	0	1	0	1	"01"	"10"	1	1
"4481     Thu. Sep 11, 2003          7          9          2     "	4481	2003-09-11	"Thu"	"Evening"	"792"	7	9	2	18	"79"	"92"	16	11
"4480     Thu. Sep 11, 2003          7          2          7     "	4480	2003-09-11	"Thu"	"Midday"	"727"	7	2	7	16	"72"	"27"	9	9
"4479     Wed. Sep 10, 2003          0          4          6     "	4479	2003-09-10	"Wed"	"Evening"	"046"	0	4	6	10	"04"	"46"	4	10
"4478     Wed. Sep 10, 2003          1          1          8     "	4478	2003-09-10	"Wed"	"Midday"	"118"	1	1	8	10	"11"	"18"	2	9
"4477     Tue. Sep 09, 2003          3          3          7     "	4477	2003-09-09	"Tue"	"Evening"	"337"	3	3	7	13	"33"	"37"	6	10
"4476     Tue. Sep 09, 2003          5          4          9     "	4476	2003-09-09	"Tue"	"Midday"	"549"	5	4	9	18	"54"	"49"	9	13
"4475     Mon. Sep 08, 2003          4          7          9     "	4475	2003-09-08	"Mon"	"Evening"	"479"	4	7	9	20	"47"	"79"	11	16
"4474     Mon. Sep 08, 2003          9          4          2     "	4474	2003-09-08	"Mon"	"Midday"	"942"	9	4	2	15	"94"	"42"	13	6
"4473     Sun. Sep 07, 2003          8          0          0     "	4473	2003-09-07	"Sun"	"Evening"	"800"	8	0	0	8	"80"	"00"	8	0
"4472     Sun. Sep 07, 2003          4          4          4     "	4472	2003-09-07	"Sun"	"Midday"	"444"	4	4	4	12	"44"	"44"	8	8
"4471     Sat. Sep 06, 2003          3          5          7     "	4471	2003-09-06	"Sat"	"Evening"	"357"	3	5	7	15	"35"	"57"	8	12
"4470     Sat. Sep 06, 2003          4          9          7     "	4470	2003-09-06	"Sat"	"Midday"	"497"	4	9	7	20	"49"	"97"	13	16
"4469     Fri. Sep 05, 2003          3          7          4     "	4469	2003-09-05	"Fri"	"Evening"	"374"	3	7	4	14	"37"	"74"	10	11
"4468     Fri. Sep 05, 2003          2          8          3     "	4468	2003-09-05	"Fri"	"Midday"	"283"	2	8	3	13	"28"	"83"	10	11
"4467     Thu. Sep 04, 2003          8          7          2     "	4467	2003-09-04	"Thu"	"Evening"	"872"	8	7	2	17	"87"	"72"	15	9
"4466     Thu. Sep 04, 2003          7          0          2     "	4466	2003-09-04	"Thu"	"Midday"	"702"	7	0	2	9	"70"	"02"	7	2
"4465     Wed. Sep 03, 2003          6          4          4     "	4465	2003-09-03	"Wed"	"Evening"	"644"	6	4	4	14	"64"	"44"	10	8
"4464     Wed. Sep 03, 2003          6          4          1     "	4464	2003-09-03	"Wed"	"Midday"	"641"	6	4	1	11	"64"	"41"	10	5
"4463     Tue. Sep 02, 2003          9          4          8     "	4463	2003-09-02	"Tue"	"Evening"	"948"	9	4	8	21	"94"	"48"	13	12
"4462     Tue. Sep 02, 2003          9          4          9     "	4462	2003-09-02	"Tue"	"Midday"	"949"	9	4	9	22	"94"	"49"	13	13
"4461     Mon. Sep 01, 2003          2          7          9     "	4461	2003-09-01	"Mon"	"Evening"	"279"	2	7	9	18	"27"	"79"	9	16
"4460     Mon. Sep 01, 2003          0          7          8     "	4460	2003-09-01	"Mon"	"Midday"	"078"	0	7	8	15	"07"	"78"	7	15
"4459     Sun. Aug 31, 2003          9          0          4     "	4459	2003-08-31	"Sun"	"Evening"	"904"	9	0	4	13	"90"	"04"	9	4
"4458     Sun. Aug 31, 2003          0          1          9     "	4458	2003-08-31	"Sun"	"Midday"	"019"	0	1	9	10	"01"	"19"	1	10
"4457     Sat. Aug 30, 2003          4          4          7     "	4457	2003-08-30	"Sat"	"Evening"	"447"	4	4	7	15	"44"	"47"	8	11
"4456     Sat. Aug 30, 2003          1          9          1     "	4456	2003-08-30	"Sat"	"Midday"	"191"	1	9	1	11	"19"	"91"	10	10
"4455     Fri. Aug 29, 2003          5          6          2     "	4455	2003-08-29	"Fri"	"Evening"	"562"	5	6	2	13	"56"	"62"	11	8
"4454     Fri. Aug 29, 2003          1          9          3     "	4454	2003-08-29	"Fri"	"Midday"	"193"	1	9	3	13	"19"	"93"	10	12
"4453     Thu. Aug 28, 2003          8          6          0     "	4453	2003-08-28	"Thu"	"Evening"	"860"	8	6	0	14	"86"	"60"	14	6
"4452     Thu. Aug 28, 2003          0          3          3     "	4452	2003-08-28	"Thu"	"Midday"	"033"	0	3	3	6	"03"	"33"	3	6
"4451     Wed. Aug 27, 2003          8          1          8     "	4451	2003-08-27	"Wed"	"Evening"	"818"	8	1	8	17	"81"	"18"	9	9
"4450     Wed. Aug 27, 2003          4          4          8     "	4450	2003-08-27	"Wed"	"Midday"	"448"	4	4	8	16	"44"	"48"	8	12
"4449     Tue. Aug 26, 2003          6          7          0     "	4449	2003-08-26	"Tue"	"Evening"	"670"	6	7	0	13	"67"	"70"	13	7
"4448     Tue. Aug 26, 2003          7          2          4     "	4448	2003-08-26	"Tue"	"Midday"	"724"	7	2	4	13	"72"	"24"	9	6
"4447     Mon. Aug 25, 2003          8          9          5     "	4447	2003-08-25	"Mon"	"Evening"	"895"	8	9	5	22	"89"	"95"	17	14
"4446     Mon. Aug 25, 2003          6          4          6     "	4446	2003-08-25	"Mon"	"Midday"	"646"	6	4	6	16	"64"	"46"	10	10
"4445     Sun. Aug 24, 2003          0          9          7     "	4445	2003-08-24	"Sun"	"Evening"	"097"	0	9	7	16	"09"	"97"	9	16
"4444     Sun. Aug 24, 2003          3          3          5     "	4444	2003-08-24	"Sun"	"Midday"	"335"	3	3	5	11	"33"	"35"	6	8
"4443     Sat. Aug 23, 2003          0          9          1     "	4443	2003-08-23	"Sat"	"Evening"	"091"	0	9	1	10	"09"	"91"	9	10
"4442     Sat. Aug 23, 2003          1          5          0     "	4442	2003-08-23	"Sat"	"Midday"	"150"	1	5	0	6	"15"	"50"	6	5
"4441     Fri. Aug 22, 2003          1          8          7     "	4441	2003-08-22	"Fri"	"Evening"	"187"	1	8	7	16	"18"	"87"	9	15
"4440     Fri. Aug 22, 2003          9          8          2     "	4440	2003-08-22	"Fri"	"Midday"	"982"	9	8	2	19	"98"	"82"	17	10
"4439     Thu. Aug 21, 2003          9          9          6     "	4439	2003-08-21	"Thu"	"Evening"	"996"	9	9	6	24	"99"	"96"	18	15
"4438     Thu. Aug 21, 2003          1          2          7     "	4438	2003-08-21	"Thu"	"Midday"	"127"	1	2	7	10	"12"	"27"	3	9
"4437     Wed. Aug 20, 2003          3          7          6     "	4437	2003-08-20	"Wed"	"Evening"	"376"	3	7	6	16	"37"	"76"	10	13
"4436     Wed. Aug 20, 2003          4          0          3     "	4436	2003-08-20	"Wed"	"Midday"	"403"	4	0	3	7	"40"	"03"	4	3
"4435     Tue. Aug 19, 2003          0          2          8     "	4435	2003-08-19	"Tue"	"Evening"	"028"	0	2	8	10	"02"	"28"	2	10
"4434     Tue. Aug 19, 2003          7          2          1     "	4434	2003-08-19	"Tue"	"Midday"	"721"	7	2	1	10	"72"	"21"	9	3
"4433     Mon. Aug 18, 2003          9          7          9     "	4433	2003-08-18	"Mon"	"Evening"	"979"	9	7	9	25	"97"	"79"	16	16
"4432     Mon. Aug 18, 2003          8          3          6     "	4432	2003-08-18	"Mon"	"Midday"	"836"	8	3	6	17	"83"	"36"	11	9
"4431     Sun. Aug 17, 2003          5          0          0     "	4431	2003-08-17	"Sun"	"Evening"	"500"	5	0	0	5	"50"	"00"	5	0
"4430     Sun. Aug 17, 2003          9          7          8     "	4430	2003-08-17	"Sun"	"Midday"	"978"	9	7	8	24	"97"	"78"	16	15
"4429     Sat. Aug 16, 2003          2          0          9     "	4429	2003-08-16	"Sat"	"Evening"	"209"	2	0	9	11	"20"	"09"	2	9
"4428     Sat. Aug 16, 2003          6          0          7     "	4428	2003-08-16	"Sat"	"Midday"	"607"	6	0	7	13	"60"	"07"	6	7
"4427     Fri. Aug 15, 2003          2          6          9     "	4427	2003-08-15	"Fri"	"Evening"	"269"	2	6	9	17	"26"	"69"	8	15
"4426     Fri. Aug 15, 2003          0          1          4     "	4426	2003-08-15	"Fri"	"Midday"	"014"	0	1	4	5	"01"	"14"	1	5
"4425     Thu. Aug 14, 2003          5          8          3     "	4425	2003-08-14	"Thu"	"Evening"	"583"	5	8	3	16	"58"	"83"	13	11
"4424     Thu. Aug 14, 2003          1          3          3     "	4424	2003-08-14	"Thu"	"Midday"	"133"	1	3	3	7	"13"	"33"	4	6
"4423     Wed. Aug 13, 2003          2          2          9     "	4423	2003-08-13	"Wed"	"Evening"	"229"	2	2	9	13	"22"	"29"	4	11
"4422     Wed. Aug 13, 2003          7          7          7     "	4422	2003-08-13	"Wed"	"Midday"	"777"	7	7	7	21	"77"	"77"	14	14
"4421     Tue. Aug 12, 2003          7          6          3     "	4421	2003-08-12	"Tue"	"Evening"	"763"	7	6	3	16	"76"	"63"	13	9
"4420     Tue. Aug 12, 2003          4          5          3     "	4420	2003-08-12	"Tue"	"Midday"	"453"	4	5	3	12	"45"	"53"	9	8
"4419     Mon. Aug 11, 2003          0          3          1     "	4419	2003-08-11	"Mon"	"Evening"	"031"	0	3	1	4	"03"	"31"	3	4
"4418     Mon. Aug 11, 2003          3          2          7     "	4418	2003-08-11	"Mon"	"Midday"	"327"	3	2	7	12	"32"	"27"	5	9
"4417     Sun. Aug 10, 2003          3          8          8     "	4417	2003-08-10	"Sun"	"Evening"	"388"	3	8	8	19	"38"	"88"	11	16
"4416     Sun. Aug 10, 2003          7          0          7     "	4416	2003-08-10	"Sun"	"Midday"	"707"	7	0	7	14	"70"	"07"	7	7
"4415     Sat. Aug 09, 2003          0          8          6     "	4415	2003-08-09	"Sat"	"Evening"	"086"	0	8	6	14	"08"	"86"	8	14
"4414     Sat. Aug 09, 2003          1          2          7     "	4414	2003-08-09	"Sat"	"Midday"	"127"	1	2	7	10	"12"	"27"	3	9
"4413     Fri. Aug 08, 2003          5          7          6     "	4413	2003-08-08	"Fri"	"Evening"	"576"	5	7	6	18	"57"	"76"	12	13
"4412     Fri. Aug 08, 2003          9          2          4     "	4412	2003-08-08	"Fri"	"Midday"	"924"	9	2	4	15	"92"	"24"	11	6
"4411     Thu. Aug 07, 2003          4          8          7     "	4411	2003-08-07	"Thu"	"Evening"	"487"	4	8	7	19	"48"	"87"	12	15
"4410     Thu. Aug 07, 2003          3          2          5     "	4410	2003-08-07	"Thu"	"Midday"	"325"	3	2	5	10	"32"	"25"	5	7
"4409     Wed. Aug 06, 2003          6          0          0     "	4409	2003-08-06	"Wed"	"Evening"	"600"	6	0	0	6	"60"	"00"	6	0
"4408     Wed. Aug 06, 2003          6          8          7     "	4408	2003-08-06	"Wed"	"Midday"	"687"	6	8	7	21	"68"	"87"	14	15
"4407     Tue. Aug 05, 2003          2          2          6     "	4407	2003-08-05	"Tue"	"Evening"	"226"	2	2	6	10	"22"	"26"	4	8
"4406     Tue. Aug 05, 2003          9          8          7     "	4406	2003-08-05	"Tue"	"Midday"	"987"	9	8	7	24	"98"	"87"	17	15
"4405     Mon. Aug 04, 2003          5          6          2     "	4405	2003-08-04	"Mon"	"Evening"	"562"	5	6	2	13	"56"	"62"	11	8
"4404     Mon. Aug 04, 2003          2          0          3     "	4404	2003-08-04	"Mon"	"Midday"	"203"	2	0	3	5	"20"	"03"	2	3
"4403     Sun. Aug 03, 2003          3          0          0     "	4403	2003-08-03	"Sun"	"Evening"	"300"	3	0	0	3	"30"	"00"	3	0
"4402     Sun. Aug 03, 2003          4          6          6     "	4402	2003-08-03	"Sun"	"Midday"	"466"	4	6	6	16	"46"	"66"	10	12
"4401     Sat. Aug 02, 2003          0          1          2     "	4401	2003-08-02	"Sat"	"Evening"	"012"	0	1	2	3	"01"	"12"	1	3
"4400     Sat. Aug 02, 2003          9          8          8     "	4400	2003-08-02	"Sat"	"Midday"	"988"	9	8	8	25	"98"	"88"	17	16
"4399     Fri. Aug 01, 2003          0          5          8     "	4399	2003-08-01	"Fri"	"Evening"	"058"	0	5	8	13	"05"	"58"	5	13
"4398     Fri. Aug 01, 2003          6          0          5     "	4398	2003-08-01	"Fri"	"Midday"	"605"	6	0	5	11	"60"	"05"	6	5
"4397     Thu. Jul 31, 2003          0          7          9     "	4397	2003-07-31	"Thu"	"Evening"	"079"	0	7	9	16	"07"	"79"	7	16
"4396     Thu. Jul 31, 2003          1          3          8     "	4396	2003-07-31	"Thu"	"Midday"	"138"	1	3	8	12	"13"	"38"	4	11
"4395     Wed. Jul 30, 2003          4          3          7     "	4395	2003-07-30	"Wed"	"Evening"	"437"	4	3	7	14	"43"	"37"	7	10
"4394     Wed. Jul 30, 2003          9          6          8     "	4394	2003-07-30	"Wed"	"Midday"	"968"	9	6	8	23	"96"	"68"	15	14
"4393     Tue. Jul 29, 2003          3          9          0     "	4393	2003-07-29	"Tue"	"Evening"	"390"	3	9	0	12	"39"	"90"	12	9
"4392     Tue. Jul 29, 2003          5          5          4     "	4392	2003-07-29	"Tue"	"Midday"	"554"	5	5	4	14	"55"	"54"	10	9
"4391     Mon. Jul 28, 2003          9          8          4     "	4391	2003-07-28	"Mon"	"Evening"	"984"	9	8	4	21	"98"	"84"	17	12
"4390     Mon. Jul 28, 2003          0          9          7     "	4390	2003-07-28	"Mon"	"Midday"	"097"	0	9	7	16	"09"	"97"	9	16
"4389     Sun. Jul 27, 2003          3          8          0     "	4389	2003-07-27	"Sun"	"Evening"	"380"	3	8	0	11	"38"	"80"	11	8
"4388     Sun. Jul 27, 2003          6          1          8     "	4388	2003-07-27	"Sun"	"Midday"	"618"	6	1	8	15	"61"	"18"	7	9
"4387     Sat. Jul 26, 2003          4          4          3     "	4387	2003-07-26	"Sat"	"Evening"	"443"	4	4	3	11	"44"	"43"	8	7
"4386     Sat. Jul 26, 2003          8          9          1     "	4386	2003-07-26	"Sat"	"Midday"	"891"	8	9	1	18	"89"	"91"	17	10
"4385     Fri. Jul 25, 2003          4          8          1     "	4385	2003-07-25	"Fri"	"Evening"	"481"	4	8	1	13	"48"	"81"	12	9
"4384     Fri. Jul 25, 2003          0          4          3     "	4384	2003-07-25	"Fri"	"Midday"	"043"	0	4	3	7	"04"	"43"	4	7
"4383     Thu. Jul 24, 2003          0          2          5     "	4383	2003-07-24	"Thu"	"Evening"	"025"	0	2	5	7	"02"	"25"	2	7
"4381     Wed. Jul 23, 2003          7          4          8     "	4381	2003-07-23	"Wed"	"Evening"	"748"	7	4	8	19	"74"	"48"	11	12
"4380     Wed. Jul 23, 2003          1          6          2     "	4380	2003-07-23	"Wed"	"Midday"	"162"	1	6	2	9	"16"	"62"	7	8
"4379     Tue. Jul 22, 2003          1          8          8     "	4379	2003-07-22	"Tue"	"Evening"	"188"	1	8	8	17	"18"	"88"	9	16
"4378     Tue. Jul 22, 2003          7          0          3     "	4378	2003-07-22	"Tue"	"Midday"	"703"	7	0	3	10	"70"	"03"	7	3
"4377     Mon. Jul 21, 2003          2          8          1     "	4377	2003-07-21	"Mon"	"Evening"	"281"	2	8	1	11	"28"	"81"	10	9
"4376     Mon. Jul 21, 2003          9          6          5     "	4376	2003-07-21	"Mon"	"Midday"	"965"	9	6	5	20	"96"	"65"	15	11
"4375     Sun. Jul 20, 2003          9          3          2     "	4375	2003-07-20	"Sun"	"Evening"	"932"	9	3	2	14	"93"	"32"	12	5
"4374     Sun. Jul 20, 2003          2          1          9     "	4374	2003-07-20	"Sun"	"Midday"	"219"	2	1	9	12	"21"	"19"	3	10
"4373     Sat. Jul 19, 2003          1          0          0     "	4373	2003-07-19	"Sat"	"Evening"	"100"	1	0	0	1	"10"	"00"	1	0
"4372     Sat. Jul 19, 2003          1          4          7     "	4372	2003-07-19	"Sat"	"Midday"	"147"	1	4	7	12	"14"	"47"	5	11
"4371     Fri. Jul 18, 2003          5          4          7     "	4371	2003-07-18	"Fri"	"Evening"	"547"	5	4	7	16	"54"	"47"	9	11
"4370     Fri. Jul 18, 2003          0          8          5     "	4370	2003-07-18	"Fri"	"Midday"	"085"	0	8	5	13	"08"	"85"	8	13
"4369     Thu. Jul 17, 2003          8          7          8     "	4369	2003-07-17	"Thu"	"Evening"	"878"	8	7	8	23	"87"	"78"	15	15
"4368     Thu. Jul 17, 2003          3          0          6     "	4368	2003-07-17	"Thu"	"Midday"	"306"	3	0	6	9	"30"	"06"	3	6
"4367     Wed. Jul 16, 2003          7          9          8     "	4367	2003-07-16	"Wed"	"Evening"	"798"	7	9	8	24	"79"	"98"	16	17
"4366     Wed. Jul 16, 2003          0          8          0     "	4366	2003-07-16	"Wed"	"Midday"	"080"	0	8	0	8	"08"	"80"	8	8
"4365     Tue. Jul 15, 2003          2          0          0     "	4365	2003-07-15	"Tue"	"Evening"	"200"	2	0	0	2	"20"	"00"	2	0
"4364     Tue. Jul 15, 2003          3          2          7     "	4364	2003-07-15	"Tue"	"Midday"	"327"	3	2	7	12	"32"	"27"	5	9
"4363     Mon. Jul 14, 2003          6          5          5     "	4363	2003-07-14	"Mon"	"Evening"	"655"	6	5	5	16	"65"	"55"	11	10
"4362     Mon. Jul 14, 2003          0          9          2     "	4362	2003-07-14	"Mon"	"Midday"	"092"	0	9	2	11	"09"	"92"	9	11
"4361     Sun. Jul 13, 2003          4          0          9     "	4361	2003-07-13	"Sun"	"Evening"	"409"	4	0	9	13	"40"	"09"	4	9
"4360     Sun. Jul 13, 2003          7          9          2     "	4360	2003-07-13	"Sun"	"Midday"	"792"	7	9	2	18	"79"	"92"	16	11
"4359     Sat. Jul 12, 2003          6          8          7     "	4359	2003-07-12	"Sat"	"Evening"	"687"	6	8	7	21	"68"	"87"	14	15
"4358     Sat. Jul 12, 2003          6          0          7     "	4358	2003-07-12	"Sat"	"Midday"	"607"	6	0	7	13	"60"	"07"	6	7
"4357     Fri. Jul 11, 2003          3          7          2     "	4357	2003-07-11	"Fri"	"Evening"	"372"	3	7	2	12	"37"	"72"	10	9
"4356     Fri. Jul 11, 2003          6          4          8     "	4356	2003-07-11	"Fri"	"Midday"	"648"	6	4	8	18	"64"	"48"	10	12
"4355     Thu. Jul 10, 2003          8          7          3     "	4355	2003-07-10	"Thu"	"Evening"	"873"	8	7	3	18	"87"	"73"	15	10
"4354     Thu. Jul 10, 2003          9          0          1     "	4354	2003-07-10	"Thu"	"Midday"	"901"	9	0	1	10	"90"	"01"	9	1
"4353     Wed. Jul 09, 2003          6          1          4     "	4353	2003-07-09	"Wed"	"Evening"	"614"	6	1	4	11	"61"	"14"	7	5
"4352     Wed. Jul 09, 2003          7          5          3     "	4352	2003-07-09	"Wed"	"Midday"	"753"	7	5	3	15	"75"	"53"	12	8
"4351     Tue. Jul 08, 2003          5          2          4     "	4351	2003-07-08	"Tue"	"Evening"	"524"	5	2	4	11	"52"	"24"	7	6
"4350     Tue. Jul 08, 2003          4          7          9     "	4350	2003-07-08	"Tue"	"Midday"	"479"	4	7	9	20	"47"	"79"	11	16
"4349     Mon. Jul 07, 2003          7          8          0     "	4349	2003-07-07	"Mon"	"Evening"	"780"	7	8	0	15	"78"	"80"	15	8
"4348     Mon. Jul 07, 2003          5          7          6     "	4348	2003-07-07	"Mon"	"Midday"	"576"	5	7	6	18	"57"	"76"	12	13
"4347     Sun. Jul 06, 2003          4          7          7     "	4347	2003-07-06	"Sun"	"Evening"	"477"	4	7	7	18	"47"	"77"	11	14
"4346     Sun. Jul 06, 2003          0          7          8     "	4346	2003-07-06	"Sun"	"Midday"	"078"	0	7	8	15	"07"	"78"	7	15
"4345     Sat. Jul 05, 2003          1          4          2     "	4345	2003-07-05	"Sat"	"Evening"	"142"	1	4	2	7	"14"	"42"	5	6
"4344     Sat. Jul 05, 2003          3          2          8     "	4344	2003-07-05	"Sat"	"Midday"	"328"	3	2	8	13	"32"	"28"	5	10
"4343     Fri. Jul 04, 2003          3          1          7     "	4343	2003-07-04	"Fri"	"Evening"	"317"	3	1	7	11	"31"	"17"	4	8
"4342     Fri. Jul 04, 2003          6          5          4     "	4342	2003-07-04	"Fri"	"Midday"	"654"	6	5	4	15	"65"	"54"	11	9
"4341     Thu. Jul 03, 2003          0          5          0     "	4341	2003-07-03	"Thu"	"Evening"	"050"	0	5	0	5	"05"	"50"	5	5
"4340     Thu. Jul 03, 2003          6          2          9     "	4340	2003-07-03	"Thu"	"Midday"	"629"	6	2	9	17	"62"	"29"	8	11
"4339     Wed. Jul 02, 2003          4          4          7     "	4339	2003-07-02	"Wed"	"Evening"	"447"	4	4	7	15	"44"	"47"	8	11
"4338     Wed. Jul 02, 2003          3          3          9     "	4338	2003-07-02	"Wed"	"Midday"	"339"	3	3	9	15	"33"	"39"	6	12
"4337     Tue. Jul 01, 2003          0          1          5     "	4337	2003-07-01	"Tue"	"Evening"	"015"	0	1	5	6	"01"	"15"	1	6
"4336     Tue. Jul 01, 2003          4          1          7     "	4336	2003-07-01	"Tue"	"Midday"	"417"	4	1	7	12	"41"	"17"	5	8
"4335     Mon. Jun 30, 2003          3          2          8     "	4335	2003-06-30	"Mon"	"Evening"	"328"	3	2	8	13	"32"	"28"	5	10
"4334     Mon. Jun 30, 2003          7          9          8     "	4334	2003-06-30	"Mon"	"Midday"	"798"	7	9	8	24	"79"	"98"	16	17
"4333     Sun. Jun 29, 2003          6          0          6     "	4333	2003-06-29	"Sun"	"Evening"	"606"	6	0	6	12	"60"	"06"	6	6
"4332     Sun. Jun 29, 2003          9          3          1     "	4332	2003-06-29	"Sun"	"Midday"	"931"	9	3	1	13	"93"	"31"	12	4
"4331     Sat. Jun 28, 2003          4          2          2     "	4331	2003-06-28	"Sat"	"Evening"	"422"	4	2	2	8	"42"	"22"	6	4
"4330     Sat. Jun 28, 2003          1          4          8     "	4330	2003-06-28	"Sat"	"Midday"	"148"	1	4	8	13	"14"	"48"	5	12
"4329     Fri. Jun 27, 2003          2          4          8     "	4329	2003-06-27	"Fri"	"Evening"	"248"	2	4	8	14	"24"	"48"	6	12
"4328     Fri. Jun 27, 2003          6          8          2     "	4328	2003-06-27	"Fri"	"Midday"	"682"	6	8	2	16	"68"	"82"	14	10
"4327     Thu. Jun 26, 2003          4          5          8     "	4327	2003-06-26	"Thu"	"Evening"	"458"	4	5	8	17	"45"	"58"	9	13
"4326     Thu. Jun 26, 2003          8          2          1     "	4326	2003-06-26	"Thu"	"Midday"	"821"	8	2	1	11	"82"	"21"	10	3
"4325     Wed. Jun 25, 2003          0          3          4     "	4325	2003-06-25	"Wed"	"Evening"	"034"	0	3	4	7	"03"	"34"	3	7
"4324     Wed. Jun 25, 2003          4          2          8     "	4324	2003-06-25	"Wed"	"Midday"	"428"	4	2	8	14	"42"	"28"	6	10
"4323     Tue. Jun 24, 2003          6          0          1     "	4323	2003-06-24	"Tue"	"Evening"	"601"	6	0	1	7	"60"	"01"	6	1
"4322     Tue. Jun 24, 2003          8          2          7     "	4322	2003-06-24	"Tue"	"Midday"	"827"	8	2	7	17	"82"	"27"	10	9
"4321     Mon. Jun 23, 2003          3          1          5     "	4321	2003-06-23	"Mon"	"Evening"	"315"	3	1	5	9	"31"	"15"	4	6
"4320     Mon. Jun 23, 2003          4          3          2     "	4320	2003-06-23	"Mon"	"Midday"	"432"	4	3	2	9	"43"	"32"	7	5
"4319     Sun. Jun 22, 2003          2          4          6     "	4319	2003-06-22	"Sun"	"Evening"	"246"	2	4	6	12	"24"	"46"	6	10
"4318     Sun. Jun 22, 2003          3          9          2     "	4318	2003-06-22	"Sun"	"Midday"	"392"	3	9	2	14	"39"	"92"	12	11
"4317     Sat. Jun 21, 2003          1          4          4     "	4317	2003-06-21	"Sat"	"Evening"	"144"	1	4	4	9	"14"	"44"	5	8
"4316     Sat. Jun 21, 2003          5          4          8     "	4316	2003-06-21	"Sat"	"Midday"	"548"	5	4	8	17	"54"	"48"	9	12
"4315     Fri. Jun 20, 2003          1          0          7     "	4315	2003-06-20	"Fri"	"Evening"	"107"	1	0	7	8	"10"	"07"	1	7
"4314     Fri. Jun 20, 2003          4          8          7     "	4314	2003-06-20	"Fri"	"Midday"	"487"	4	8	7	19	"48"	"87"	12	15
"4313     Thu. Jun 19, 2003          9          0          1     "	4313	2003-06-19	"Thu"	"Evening"	"901"	9	0	1	10	"90"	"01"	9	1
"4312     Thu. Jun 19, 2003          6          5          8     "	4312	2003-06-19	"Thu"	"Midday"	"658"	6	5	8	19	"65"	"58"	11	13
"4311     Wed. Jun 18, 2003          1          6          7     "	4311	2003-06-18	"Wed"	"Evening"	"167"	1	6	7	14	"16"	"67"	7	13
"4310     Wed. Jun 18, 2003          5          8          0     "	4310	2003-06-18	"Wed"	"Midday"	"580"	5	8	0	13	"58"	"80"	13	8
"4309     Tue. Jun 17, 2003          3          4          8     "	4309	2003-06-17	"Tue"	"Evening"	"348"	3	4	8	15	"34"	"48"	7	12
"4308     Tue. Jun 17, 2003          3          2          5     "	4308	2003-06-17	"Tue"	"Midday"	"325"	3	2	5	10	"32"	"25"	5	7
"4307     Mon. Jun 16, 2003          3          3          3     "	4307	2003-06-16	"Mon"	"Evening"	"333"	3	3	3	9	"33"	"33"	6	6
"4306     Mon. Jun 16, 2003          8          5          7     "	4306	2003-06-16	"Mon"	"Midday"	"857"	8	5	7	20	"85"	"57"	13	12
"4305     Sun. Jun 15, 2003          3          1          7     "	4305	2003-06-15	"Sun"	"Evening"	"317"	3	1	7	11	"31"	"17"	4	8
"4304     Sun. Jun 15, 2003          5          8          0     "	4304	2003-06-15	"Sun"	"Midday"	"580"	5	8	0	13	"58"	"80"	13	8
"4303     Sat. Jun 14, 2003          3          7          2     "	4303	2003-06-14	"Sat"	"Evening"	"372"	3	7	2	12	"37"	"72"	10	9
"4302     Sat. Jun 14, 2003          2          7          0     "	4302	2003-06-14	"Sat"	"Midday"	"270"	2	7	0	9	"27"	"70"	9	7
"4301     Fri. Jun 13, 2003          9          3          0     "	4301	2003-06-13	"Fri"	"Evening"	"930"	9	3	0	12	"93"	"30"	12	3
"4300     Fri. Jun 13, 2003          4          9          3     "	4300	2003-06-13	"Fri"	"Midday"	"493"	4	9	3	16	"49"	"93"	13	12
"4299     Thu. Jun 12, 2003          9          5          2     "	4299	2003-06-12	"Thu"	"Evening"	"952"	9	5	2	16	"95"	"52"	14	7
"4298     Thu. Jun 12, 2003          6          7          0     "	4298	2003-06-12	"Thu"	"Midday"	"670"	6	7	0	13	"67"	"70"	13	7
"4297     Wed. Jun 11, 2003          9          5          9     "	4297	2003-06-11	"Wed"	"Evening"	"959"	9	5	9	23	"95"	"59"	14	14
"4296     Wed. Jun 11, 2003          1          9          7     "	4296	2003-06-11	"Wed"	"Midday"	"197"	1	9	7	17	"19"	"97"	10	16
"4295     Tue. Jun 10, 2003          3          1          2     "	4295	2003-06-10	"Tue"	"Evening"	"312"	3	1	2	6	"31"	"12"	4	3
"4294     Tue. Jun 10, 2003          9          4          1     "	4294	2003-06-10	"Tue"	"Midday"	"941"	9	4	1	14	"94"	"41"	13	5
"4293     Mon. Jun 09, 2003          4          6          2     "	4293	2003-06-09	"Mon"	"Evening"	"462"	4	6	2	12	"46"	"62"	10	8
"4292     Mon. Jun 09, 2003          9          3          5     "	4292	2003-06-09	"Mon"	"Midday"	"935"	9	3	5	17	"93"	"35"	12	8
"4291     Sun. Jun 08, 2003          4          5          6     "	4291	2003-06-08	"Sun"	"Evening"	"456"	4	5	6	15	"45"	"56"	9	11
"4290     Sun. Jun 08, 2003          0          8          6     "	4290	2003-06-08	"Sun"	"Midday"	"086"	0	8	6	14	"08"	"86"	8	14
"4289     Sat. Jun 07, 2003          1          5          6     "	4289	2003-06-07	"Sat"	"Evening"	"156"	1	5	6	12	"15"	"56"	6	11
"4288     Sat. Jun 07, 2003          4          7          7     "	4288	2003-06-07	"Sat"	"Midday"	"477"	4	7	7	18	"47"	"77"	11	14
"4287     Fri. Jun 06, 2003          7          6          3     "	4287	2003-06-06	"Fri"	"Evening"	"763"	7	6	3	16	"76"	"63"	13	9
"4286     Fri. Jun 06, 2003          1          4          0     "	4286	2003-06-06	"Fri"	"Midday"	"140"	1	4	0	5	"14"	"40"	5	4
"4285     Thu. Jun 05, 2003          0          3          4     "	4285	2003-06-05	"Thu"	"Evening"	"034"	0	3	4	7	"03"	"34"	3	7
"4284     Thu. Jun 05, 2003          9          2          7     "	4284	2003-06-05	"Thu"	"Midday"	"927"	9	2	7	18	"92"	"27"	11	9
"4283     Wed. Jun 04, 2003          0          6          0     "	4283	2003-06-04	"Wed"	"Evening"	"060"	0	6	0	6	"06"	"60"	6	6
"4282     Wed. Jun 04, 2003          2          8          5     "	4282	2003-06-04	"Wed"	"Midday"	"285"	2	8	5	15	"28"	"85"	10	13
"4281     Tue. Jun 03, 2003          4          3          6     "	4281	2003-06-03	"Tue"	"Evening"	"436"	4	3	6	13	"43"	"36"	7	9
"4280     Tue. Jun 03, 2003          2          1          2     "	4280	2003-06-03	"Tue"	"Midday"	"212"	2	1	2	5	"21"	"12"	3	3
"4279     Mon. Jun 02, 2003          8          1          7     "	4279	2003-06-02	"Mon"	"Evening"	"817"	8	1	7	16	"81"	"17"	9	8
"4278     Mon. Jun 02, 2003          8          1          6     "	4278	2003-06-02	"Mon"	"Midday"	"816"	8	1	6	15	"81"	"16"	9	7
"4277     Sun. Jun 01, 2003          1          4          4     "	4277	2003-06-01	"Sun"	"Evening"	"144"	1	4	4	9	"14"	"44"	5	8
"4276     Sun. Jun 01, 2003          3          5          8     "	4276	2003-06-01	"Sun"	"Midday"	"358"	3	5	8	16	"35"	"58"	8	13
"4275     Sat. May 31, 2003          6          7          3     "	4275	2003-05-31	"Sat"	"Evening"	"673"	6	7	3	16	"67"	"73"	13	10
"4274     Sat. May 31, 2003          9          5          1     "	4274	2003-05-31	"Sat"	"Midday"	"951"	9	5	1	15	"95"	"51"	14	6
"4273     Fri. May 30, 2003          2          3          4     "	4273	2003-05-30	"Fri"	"Evening"	"234"	2	3	4	9	"23"	"34"	5	7
"4272     Fri. May 30, 2003          4          8          5     "	4272	2003-05-30	"Fri"	"Midday"	"485"	4	8	5	17	"48"	"85"	12	13
"4271     Thu. May 29, 2003          1          4          2     "	4271	2003-05-29	"Thu"	"Evening"	"142"	1	4	2	7	"14"	"42"	5	6
"4270     Thu. May 29, 2003          5          5          9     "	4270	2003-05-29	"Thu"	"Midday"	"559"	5	5	9	19	"55"	"59"	10	14
"4269     Wed. May 28, 2003          9          4          4     "	4269	2003-05-28	"Wed"	"Evening"	"944"	9	4	4	17	"94"	"44"	13	8
"4268     Wed. May 28, 2003          3          3          4     "	4268	2003-05-28	"Wed"	"Midday"	"334"	3	3	4	10	"33"	"34"	6	7
"4267     Tue. May 27, 2003          3          3          5     "	4267	2003-05-27	"Tue"	"Evening"	"335"	3	3	5	11	"33"	"35"	6	8
"4266     Tue. May 27, 2003          6          8          8     "	4266	2003-05-27	"Tue"	"Midday"	"688"	6	8	8	22	"68"	"88"	14	16
"4265     Mon. May 26, 2003          1          3          5     "	4265	2003-05-26	"Mon"	"Evening"	"135"	1	3	5	9	"13"	"35"	4	8
"4264     Mon. May 26, 2003          6          4          0     "	4264	2003-05-26	"Mon"	"Midday"	"640"	6	4	0	10	"64"	"40"	10	4
"4263     Sun. May 25, 2003          8          9          4     "	4263	2003-05-25	"Sun"	"Evening"	"894"	8	9	4	21	"89"	"94"	17	13
"4262     Sun. May 25, 2003          0          7          0     "	4262	2003-05-25	"Sun"	"Midday"	"070"	0	7	0	7	"07"	"70"	7	7
"4261     Sat. May 24, 2003          3          5          0     "	4261	2003-05-24	"Sat"	"Evening"	"350"	3	5	0	8	"35"	"50"	8	5
"4260     Sat. May 24, 2003          2          0          1     "	4260	2003-05-24	"Sat"	"Midday"	"201"	2	0	1	3	"20"	"01"	2	1
"4259     Fri. May 23, 2003          0          9          7     "	4259	2003-05-23	"Fri"	"Evening"	"097"	0	9	7	16	"09"	"97"	9	16
"4258     Fri. May 23, 2003          4          9          9     "	4258	2003-05-23	"Fri"	"Midday"	"499"	4	9	9	22	"49"	"99"	13	18
"4257     Thu. May 22, 2003          0          4          6     "	4257	2003-05-22	"Thu"	"Evening"	"046"	0	4	6	10	"04"	"46"	4	10
"4256     Thu. May 22, 2003          7          8          9     "	4256	2003-05-22	"Thu"	"Midday"	"789"	7	8	9	24	"78"	"89"	15	17
"4255     Wed. May 21, 2003          3          8          7     "	4255	2003-05-21	"Wed"	"Evening"	"387"	3	8	7	18	"38"	"87"	11	15
"4254     Wed. May 21, 2003          6          4          0     "	4254	2003-05-21	"Wed"	"Midday"	"640"	6	4	0	10	"64"	"40"	10	4
"4253     Tue. May 20, 2003          9          6          8     "	4253	2003-05-20	"Tue"	"Evening"	"968"	9	6	8	23	"96"	"68"	15	14
"4252     Tue. May 20, 2003          2          1          2     "	4252	2003-05-20	"Tue"	"Midday"	"212"	2	1	2	5	"21"	"12"	3	3
"4251     Mon. May 19, 2003          4          6          9     "	4251	2003-05-19	"Mon"	"Evening"	"469"	4	6	9	19	"46"	"69"	10	15
"4250     Mon. May 19, 2003          4          0          2     "	4250	2003-05-19	"Mon"	"Midday"	"402"	4	0	2	6	"40"	"02"	4	2
"4249     Sun. May 18, 2003          2          6          8     "	4249	2003-05-18	"Sun"	"Evening"	"268"	2	6	8	16	"26"	"68"	8	14
"4248     Sun. May 18, 2003          1          8          6     "	4248	2003-05-18	"Sun"	"Midday"	"186"	1	8	6	15	"18"	"86"	9	14
"4247     Sat. May 17, 2003          0          8          5     "	4247	2003-05-17	"Sat"	"Evening"	"085"	0	8	5	13	"08"	"85"	8	13
"4246     Sat. May 17, 2003          5          5          5     "	4246	2003-05-17	"Sat"	"Midday"	"555"	5	5	5	15	"55"	"55"	10	10
"4245     Fri. May 16, 2003          0          6          1     "	4245	2003-05-16	"Fri"	"Evening"	"061"	0	6	1	7	"06"	"61"	6	7
"4244     Fri. May 16, 2003          3          4          2     "	4244	2003-05-16	"Fri"	"Midday"	"342"	3	4	2	9	"34"	"42"	7	6
"4243     Thu. May 15, 2003          3          6          7     "	4243	2003-05-15	"Thu"	"Evening"	"367"	3	6	7	16	"36"	"67"	9	13
"4242     Thu. May 15, 2003          2          6          3     "	4242	2003-05-15	"Thu"	"Midday"	"263"	2	6	3	11	"26"	"63"	8	9
"4241     Wed. May 14, 2003          6          1          4     "	4241	2003-05-14	"Wed"	"Evening"	"614"	6	1	4	11	"61"	"14"	7	5
"4240     Wed. May 14, 2003          8          0          4     "	4240	2003-05-14	"Wed"	"Midday"	"804"	8	0	4	12	"80"	"04"	8	4
"4239     Tue. May 13, 2003          2          0          2     "	4239	2003-05-13	"Tue"	"Evening"	"202"	2	0	2	4	"20"	"02"	2	2
"4238     Tue. May 13, 2003          1          0          8     "	4238	2003-05-13	"Tue"	"Midday"	"108"	1	0	8	9	"10"	"08"	1	8
"4237     Mon. May 12, 2003          1          1          3     "	4237	2003-05-12	"Mon"	"Evening"	"113"	1	1	3	5	"11"	"13"	2	4
"4236     Mon. May 12, 2003          1          0          3     "	4236	2003-05-12	"Mon"	"Midday"	"103"	1	0	3	4	"10"	"03"	1	3
"4235     Sun. May 11, 2003          5          8          8     "	4235	2003-05-11	"Sun"	"Evening"	"588"	5	8	8	21	"58"	"88"	13	16
"4234     Sun. May 11, 2003          5          2          9     "	4234	2003-05-11	"Sun"	"Midday"	"529"	5	2	9	16	"52"	"29"	7	11
"4233     Sat. May 10, 2003          6          0          7     "	4233	2003-05-10	"Sat"	"Evening"	"607"	6	0	7	13	"60"	"07"	6	7
"4232     Sat. May 10, 2003          9          5          0     "	4232	2003-05-10	"Sat"	"Midday"	"950"	9	5	0	14	"95"	"50"	14	5
"4231     Fri. May 09, 2003          1          0          6     "	4231	2003-05-09	"Fri"	"Evening"	"106"	1	0	6	7	"10"	"06"	1	6
"4230     Fri. May 09, 2003          4          8          9     "	4230	2003-05-09	"Fri"	"Midday"	"489"	4	8	9	21	"48"	"89"	12	17
"4229     Thu. May 08, 2003          7          8          0     "	4229	2003-05-08	"Thu"	"Evening"	"780"	7	8	0	15	"78"	"80"	15	8
"4228     Thu. May 08, 2003          3          4          0     "	4228	2003-05-08	"Thu"	"Midday"	"340"	3	4	0	7	"34"	"40"	7	4
"4227     Wed. May 07, 2003          4          6          6     "	4227	2003-05-07	"Wed"	"Evening"	"466"	4	6	6	16	"46"	"66"	10	12
"4226     Wed. May 07, 2003          7          6          4     "	4226	2003-05-07	"Wed"	"Midday"	"764"	7	6	4	17	"76"	"64"	13	10
"4225     Tue. May 06, 2003          2          7          9     "	4225	2003-05-06	"Tue"	"Evening"	"279"	2	7	9	18	"27"	"79"	9	16
"4224     Tue. May 06, 2003          4          2          3     "	4224	2003-05-06	"Tue"	"Midday"	"423"	4	2	3	9	"42"	"23"	6	5
"4223     Mon. May 05, 2003          0          4          6     "	4223	2003-05-05	"Mon"	"Evening"	"046"	0	4	6	10	"04"	"46"	4	10
"4222     Mon. May 05, 2003          2          9          8     "	4222	2003-05-05	"Mon"	"Midday"	"298"	2	9	8	19	"29"	"98"	11	17
"4221     Sun. May 04, 2003          4          8          7     "	4221	2003-05-04	"Sun"	"Evening"	"487"	4	8	7	19	"48"	"87"	12	15
"4220     Sun. May 04, 2003          7          2          0     "	4220	2003-05-04	"Sun"	"Midday"	"720"	7	2	0	9	"72"	"20"	9	2
"4219     Sat. May 03, 2003          3          6          0     "	4219	2003-05-03	"Sat"	"Evening"	"360"	3	6	0	9	"36"	"60"	9	6
"4218     Sat. May 03, 2003          3          6          0     "	4218	2003-05-03	"Sat"	"Midday"	"360"	3	6	0	9	"36"	"60"	9	6
"4217     Fri. May 02, 2003          5          7          0     "	4217	2003-05-02	"Fri"	"Evening"	"570"	5	7	0	12	"57"	"70"	12	7
"4216     Fri. May 02, 2003          0          7          0     "	4216	2003-05-02	"Fri"	"Midday"	"070"	0	7	0	7	"07"	"70"	7	7
"4215     Thu. May 01, 2003          6          4          8     "	4215	2003-05-01	"Thu"	"Evening"	"648"	6	4	8	18	"64"	"48"	10	12
"4214     Thu. May 01, 2003          8          2          0     "	4214	2003-05-01	"Thu"	"Midday"	"820"	8	2	0	10	"82"	"20"	10	2
"4213     Wed. Apr 30, 2003          1          8          9     "	4213	2003-04-30	"Wed"	"Evening"	"189"	1	8	9	18	"18"	"89"	9	17
"4212     Wed. Apr 30, 2003          0          7          1     "	4212	2003-04-30	"Wed"	"Midday"	"071"	0	7	1	8	"07"	"71"	7	8
"4211     Tue. Apr 29, 2003          9          0          1     "	4211	2003-04-29	"Tue"	"Evening"	"901"	9	0	1	10	"90"	"01"	9	1
"4210     Tue. Apr 29, 2003          7          4          9     "	4210	2003-04-29	"Tue"	"Midday"	"749"	7	4	9	20	"74"	"49"	11	13
"4209     Mon. Apr 28, 2003          1          2          2     "	4209	2003-04-28	"Mon"	"Evening"	"122"	1	2	2	5	"12"	"22"	3	4
"4208     Mon. Apr 28, 2003          7          6          0     "	4208	2003-04-28	"Mon"	"Midday"	"760"	7	6	0	13	"76"	"60"	13	6
"4207     Sun. Apr 27, 2003          5          9          7     "	4207	2003-04-27	"Sun"	"Evening"	"597"	5	9	7	21	"59"	"97"	14	16
"4206     Sun. Apr 27, 2003          4          3          9     "	4206	2003-04-27	"Sun"	"Midday"	"439"	4	3	9	16	"43"	"39"	7	12
"4205     Sat. Apr 26, 2003          9          4          7     "	4205	2003-04-26	"Sat"	"Evening"	"947"	9	4	7	20	"94"	"47"	13	11
"4204     Sat. Apr 26, 2003          8          0          2     "	4204	2003-04-26	"Sat"	"Midday"	"802"	8	0	2	10	"80"	"02"	8	2
"4203     Fri. Apr 25, 2003          6          5          5     "	4203	2003-04-25	"Fri"	"Evening"	"655"	6	5	5	16	"65"	"55"	11	10
"4202     Fri. Apr 25, 2003          6          1          5     "	4202	2003-04-25	"Fri"	"Midday"	"615"	6	1	5	12	"61"	"15"	7	6
"4201     Thu. Apr 24, 2003          7          9          1     "	4201	2003-04-24	"Thu"	"Evening"	"791"	7	9	1	17	"79"	"91"	16	10
"4200     Thu. Apr 24, 2003          7          8          8     "	4200	2003-04-24	"Thu"	"Midday"	"788"	7	8	8	23	"78"	"88"	15	16
"4199     Wed. Apr 23, 2003          7          3          2     "	4199	2003-04-23	"Wed"	"Evening"	"732"	7	3	2	12	"73"	"32"	10	5
"4198     Wed. Apr 23, 2003          1          9          0     "	4198	2003-04-23	"Wed"	"Midday"	"190"	1	9	0	10	"19"	"90"	10	9
"4197     Tue. Apr 22, 2003          1          3          5     "	4197	2003-04-22	"Tue"	"Evening"	"135"	1	3	5	9	"13"	"35"	4	8
"4196     Tue. Apr 22, 2003          0          3          5     "	4196	2003-04-22	"Tue"	"Midday"	"035"	0	3	5	8	"03"	"35"	3	8
"4195     Mon. Apr 21, 2003          7          4          5     "	4195	2003-04-21	"Mon"	"Evening"	"745"	7	4	5	16	"74"	"45"	11	9
"4194     Mon. Apr 21, 2003          3          4          2     "	4194	2003-04-21	"Mon"	"Midday"	"342"	3	4	2	9	"34"	"42"	7	6
"4193     Sun. Apr 20, 2003          1          0          9     "	4193	2003-04-20	"Sun"	"Evening"	"109"	1	0	9	10	"10"	"09"	1	9
"4192     Sun. Apr 20, 2003          1          8          8     "	4192	2003-04-20	"Sun"	"Midday"	"188"	1	8	8	17	"18"	"88"	9	16
"4191     Sat. Apr 19, 2003          3          6          8     "	4191	2003-04-19	"Sat"	"Evening"	"368"	3	6	8	17	"36"	"68"	9	14
"4190     Sat. Apr 19, 2003          6          9          7     "	4190	2003-04-19	"Sat"	"Midday"	"697"	6	9	7	22	"69"	"97"	15	16
"4189     Fri. Apr 18, 2003          0          2          4     "	4189	2003-04-18	"Fri"	"Evening"	"024"	0	2	4	6	"02"	"24"	2	6
"4188     Fri. Apr 18, 2003          6          7          0     "	4188	2003-04-18	"Fri"	"Midday"	"670"	6	7	0	13	"67"	"70"	13	7
"4187     Thu. Apr 17, 2003          4          3          6     "	4187	2003-04-17	"Thu"	"Evening"	"436"	4	3	6	13	"43"	"36"	7	9
"4186     Thu. Apr 17, 2003          8          3          4     "	4186	2003-04-17	"Thu"	"Midday"	"834"	8	3	4	15	"83"	"34"	11	7
"4185     Wed. Apr 16, 2003          0          1          8     "	4185	2003-04-16	"Wed"	"Evening"	"018"	0	1	8	9	"01"	"18"	1	9
"4184     Wed. Apr 16, 2003          2          4          4     "	4184	2003-04-16	"Wed"	"Midday"	"244"	2	4	4	10	"24"	"44"	6	8
"4183     Tue. Apr 15, 2003          2          6          6     "	4183	2003-04-15	"Tue"	"Evening"	"266"	2	6	6	14	"26"	"66"	8	12
"4182     Tue. Apr 15, 2003          5          2          2     "	4182	2003-04-15	"Tue"	"Midday"	"522"	5	2	2	9	"52"	"22"	7	4
"4181     Mon. Apr 14, 2003          3          8          9     "	4181	2003-04-14	"Mon"	"Evening"	"389"	3	8	9	20	"38"	"89"	11	17
"4180     Mon. Apr 14, 2003          7          6          1     "	4180	2003-04-14	"Mon"	"Midday"	"761"	7	6	1	14	"76"	"61"	13	7
"4179     Sun. Apr 13, 2003          9          1          7     "	4179	2003-04-13	"Sun"	"Evening"	"917"	9	1	7	17	"91"	"17"	10	8
"4178     Sun. Apr 13, 2003          3          0          0     "	4178	2003-04-13	"Sun"	"Midday"	"300"	3	0	0	3	"30"	"00"	3	0
"4177     Sat. Apr 12, 2003          1          3          1     "	4177	2003-04-12	"Sat"	"Evening"	"131"	1	3	1	5	"13"	"31"	4	4
"4176     Sat. Apr 12, 2003          5          3          7     "	4176	2003-04-12	"Sat"	"Midday"	"537"	5	3	7	15	"53"	"37"	8	10
"4175     Fri. Apr 11, 2003          8          6          1     "	4175	2003-04-11	"Fri"	"Evening"	"861"	8	6	1	15	"86"	"61"	14	7
"4174     Fri. Apr 11, 2003          9          9          2     "	4174	2003-04-11	"Fri"	"Midday"	"992"	9	9	2	20	"99"	"92"	18	11
"4173     Thu. Apr 10, 2003          5          4          1     "	4173	2003-04-10	"Thu"	"Evening"	"541"	5	4	1	10	"54"	"41"	9	5
"4172     Thu. Apr 10, 2003          2          9          2     "	4172	2003-04-10	"Thu"	"Midday"	"292"	2	9	2	13	"29"	"92"	11	11
"4171     Wed. Apr 09, 2003          6          2          4     "	4171	2003-04-09	"Wed"	"Evening"	"624"	6	2	4	12	"62"	"24"	8	6
"4170     Wed. Apr 09, 2003          8          4          7     "	4170	2003-04-09	"Wed"	"Midday"	"847"	8	4	7	19	"84"	"47"	12	11
"4169     Tue. Apr 08, 2003          2          2          5     "	4169	2003-04-08	"Tue"	"Evening"	"225"	2	2	5	9	"22"	"25"	4	7
"4168     Tue. Apr 08, 2003          9          6          0     "	4168	2003-04-08	"Tue"	"Midday"	"960"	9	6	0	15	"96"	"60"	15	6
"4167     Mon. Apr 07, 2003          2          8          5     "	4167	2003-04-07	"Mon"	"Evening"	"285"	2	8	5	15	"28"	"85"	10	13
"4166     Mon. Apr 07, 2003          8          3          1     "	4166	2003-04-07	"Mon"	"Midday"	"831"	8	3	1	12	"83"	"31"	11	4
"4165     Sun. Apr 06, 2003          2          7          9     "	4165	2003-04-06	"Sun"	"Evening"	"279"	2	7	9	18	"27"	"79"	9	16
"4164     Sun. Apr 06, 2003          2          8          7     "	4164	2003-04-06	"Sun"	"Midday"	"287"	2	8	7	17	"28"	"87"	10	15
"4163     Sat. Apr 05, 2003          6          7          3     "	4163	2003-04-05	"Sat"	"Evening"	"673"	6	7	3	16	"67"	"73"	13	10
"4162     Sat. Apr 05, 2003          2          4          5     "	4162	2003-04-05	"Sat"	"Midday"	"245"	2	4	5	11	"24"	"45"	6	9
"4161     Fri. Apr 04, 2003          4          3          6     "	4161	2003-04-04	"Fri"	"Evening"	"436"	4	3	6	13	"43"	"36"	7	9
"4160     Fri. Apr 04, 2003          1          6          9     "	4160	2003-04-04	"Fri"	"Midday"	"169"	1	6	9	16	"16"	"69"	7	15
"4159     Thu. Apr 03, 2003          2          9          1     "	4159	2003-04-03	"Thu"	"Evening"	"291"	2	9	1	12	"29"	"91"	11	10
"4158     Thu. Apr 03, 2003          9          2          9     "	4158	2003-04-03	"Thu"	"Midday"	"929"	9	2	9	20	"92"	"29"	11	11
"4157     Wed. Apr 02, 2003          4          7          5     "	4157	2003-04-02	"Wed"	"Evening"	"475"	4	7	5	16	"47"	"75"	11	12
"4156     Wed. Apr 02, 2003          6          3          1     "	4156	2003-04-02	"Wed"	"Midday"	"631"	6	3	1	10	"63"	"31"	9	4
"4155     Tue. Apr 01, 2003          0          7          3     "	4155	2003-04-01	"Tue"	"Evening"	"073"	0	7	3	10	"07"	"73"	7	10
"4154     Tue. Apr 01, 2003          6          9          8     "	4154	2003-04-01	"Tue"	"Midday"	"698"	6	9	8	23	"69"	"98"	15	17
"4153     Mon. Mar 31, 2003          6          0          5     "	4153	2003-03-31	"Mon"	"Evening"	"605"	6	0	5	11	"60"	"05"	6	5
"4152     Mon. Mar 31, 2003          9          3          1     "	4152	2003-03-31	"Mon"	"Midday"	"931"	9	3	1	13	"93"	"31"	12	4
"4151     Sun. Mar 30, 2003          7          7          6     "	4151	2003-03-30	"Sun"	"Evening"	"776"	7	7	6	20	"77"	"76"	14	13
"4150     Sun. Mar 30, 2003          6          8          0     "	4150	2003-03-30	"Sun"	"Midday"	"680"	6	8	0	14	"68"	"80"	14	8
"4149     Sat. Mar 29, 2003          6          9          3     "	4149	2003-03-29	"Sat"	"Evening"	"693"	6	9	3	18	"69"	"93"	15	12
"4148     Sat. Mar 29, 2003          7          8          7     "	4148	2003-03-29	"Sat"	"Midday"	"787"	7	8	7	22	"78"	"87"	15	15
"4147     Fri. Mar 28, 2003          0          2          3     "	4147	2003-03-28	"Fri"	"Evening"	"023"	0	2	3	5	"02"	"23"	2	5
"4146     Fri. Mar 28, 2003          8          5          6     "	4146	2003-03-28	"Fri"	"Midday"	"856"	8	5	6	19	"85"	"56"	13	11
"4145     Thu. Mar 27, 2003          2          5          9     "	4145	2003-03-27	"Thu"	"Evening"	"259"	2	5	9	16	"25"	"59"	7	14
"4144     Thu. Mar 27, 2003          0          7          9     "	4144	2003-03-27	"Thu"	"Midday"	"079"	0	7	9	16	"07"	"79"	7	16
"4143     Wed. Mar 26, 2003          8          6          4     "	4143	2003-03-26	"Wed"	"Evening"	"864"	8	6	4	18	"86"	"64"	14	10
"4142     Wed. Mar 26, 2003          4          1          7     "	4142	2003-03-26	"Wed"	"Midday"	"417"	4	1	7	12	"41"	"17"	5	8
"4141     Tue. Mar 25, 2003          1          3          9     "	4141	2003-03-25	"Tue"	"Evening"	"139"	1	3	9	13	"13"	"39"	4	12
"4140     Tue. Mar 25, 2003          9          1          1     "	4140	2003-03-25	"Tue"	"Midday"	"911"	9	1	1	11	"91"	"11"	10	2
"4139     Mon. Mar 24, 2003          9          2          3     "	4139	2003-03-24	"Mon"	"Evening"	"923"	9	2	3	14	"92"	"23"	11	5
"4138     Mon. Mar 24, 2003          4          2          8     "	4138	2003-03-24	"Mon"	"Midday"	"428"	4	2	8	14	"42"	"28"	6	10
"4137     Sun. Mar 23, 2003          6          7          4     "	4137	2003-03-23	"Sun"	"Evening"	"674"	6	7	4	17	"67"	"74"	13	11
"4136     Sun. Mar 23, 2003          0          2          7     "	4136	2003-03-23	"Sun"	"Midday"	"027"	0	2	7	9	"02"	"27"	2	9
"4135     Sat. Mar 22, 2003          4          2          0     "	4135	2003-03-22	"Sat"	"Evening"	"420"	4	2	0	6	"42"	"20"	6	2
"4134     Sat. Mar 22, 2003          4          2          6     "	4134	2003-03-22	"Sat"	"Midday"	"426"	4	2	6	12	"42"	"26"	6	8
"4133     Fri. Mar 21, 2003          9          8          6     "	4133	2003-03-21	"Fri"	"Evening"	"986"	9	8	6	23	"98"	"86"	17	14
"4132     Fri. Mar 21, 2003          1          3          1     "	4132	2003-03-21	"Fri"	"Midday"	"131"	1	3	1	5	"13"	"31"	4	4
"4131     Thu. Mar 20, 2003          7          0          2     "	4131	2003-03-20	"Thu"	"Evening"	"702"	7	0	2	9	"70"	"02"	7	2
"4130     Thu. Mar 20, 2003          3          5          9     "	4130	2003-03-20	"Thu"	"Midday"	"359"	3	5	9	17	"35"	"59"	8	14
"4129     Wed. Mar 19, 2003          7          4          2     "	4129	2003-03-19	"Wed"	"Evening"	"742"	7	4	2	13	"74"	"42"	11	6
"4128     Wed. Mar 19, 2003          8          1          3     "	4128	2003-03-19	"Wed"	"Midday"	"813"	8	1	3	12	"81"	"13"	9	4
"4127     Tue. Mar 18, 2003          8          6          3     "	4127	2003-03-18	"Tue"	"Evening"	"863"	8	6	3	17	"86"	"63"	14	9
"4126     Tue. Mar 18, 2003          3          1          3     "	4126	2003-03-18	"Tue"	"Midday"	"313"	3	1	3	7	"31"	"13"	4	4
"4125     Mon. Mar 17, 2003          2          9          7     "	4125	2003-03-17	"Mon"	"Evening"	"297"	2	9	7	18	"29"	"97"	11	16
"4124     Mon. Mar 17, 2003          0          7          0     "	4124	2003-03-17	"Mon"	"Midday"	"070"	0	7	0	7	"07"	"70"	7	7
"4123     Sun. Mar 16, 2003          9          9          3     "	4123	2003-03-16	"Sun"	"Evening"	"993"	9	9	3	21	"99"	"93"	18	12
"4122     Sun. Mar 16, 2003          4          7          0     "	4122	2003-03-16	"Sun"	"Midday"	"470"	4	7	0	11	"47"	"70"	11	7
"4121     Sat. Mar 15, 2003          3          2          3     "	4121	2003-03-15	"Sat"	"Evening"	"323"	3	2	3	8	"32"	"23"	5	5
"4120     Sat. Mar 15, 2003          0          8          4     "	4120	2003-03-15	"Sat"	"Midday"	"084"	0	8	4	12	"08"	"84"	8	12
"4119     Fri. Mar 14, 2003          7          4          8     "	4119	2003-03-14	"Fri"	"Evening"	"748"	7	4	8	19	"74"	"48"	11	12
"4118     Fri. Mar 14, 2003          6          0          0     "	4118	2003-03-14	"Fri"	"Midday"	"600"	6	0	0	6	"60"	"00"	6	0
"4117     Thu. Mar 13, 2003          5          6          8     "	4117	2003-03-13	"Thu"	"Evening"	"568"	5	6	8	19	"56"	"68"	11	14
"4116     Thu. Mar 13, 2003          5          5          7     "	4116	2003-03-13	"Thu"	"Midday"	"557"	5	5	7	17	"55"	"57"	10	12
"4115     Wed. Mar 12, 2003          2          9          5     "	4115	2003-03-12	"Wed"	"Evening"	"295"	2	9	5	16	"29"	"95"	11	14
"4114     Wed. Mar 12, 2003          3          0          4     "	4114	2003-03-12	"Wed"	"Midday"	"304"	3	0	4	7	"30"	"04"	3	4
"4113     Tue. Mar 11, 2003          0          7          0     "	4113	2003-03-11	"Tue"	"Evening"	"070"	0	7	0	7	"07"	"70"	7	7
"4112     Tue. Mar 11, 2003          2          6          9     "	4112	2003-03-11	"Tue"	"Midday"	"269"	2	6	9	17	"26"	"69"	8	15
"4111     Mon. Mar 10, 2003          9          2          8     "	4111	2003-03-10	"Mon"	"Evening"	"928"	9	2	8	19	"92"	"28"	11	10
"4110     Mon. Mar 10, 2003          0          0          4     "	4110	2003-03-10	"Mon"	"Midday"	"004"	0	0	4	4	"00"	"04"	0	4
"4109     Sun. Mar 09, 2003          8          4          4     "	4109	2003-03-09	"Sun"	"Evening"	"844"	8	4	4	16	"84"	"44"	12	8
"4108     Sun. Mar 09, 2003          0          3          4     "	4108	2003-03-09	"Sun"	"Midday"	"034"	0	3	4	7	"03"	"34"	3	7
"4107     Sat. Mar 08, 2003          3          6          5     "	4107	2003-03-08	"Sat"	"Evening"	"365"	3	6	5	14	"36"	"65"	9	11
"4106     Sat. Mar 08, 2003          2          3          2     "	4106	2003-03-08	"Sat"	"Midday"	"232"	2	3	2	7	"23"	"32"	5	5
"4105     Fri. Mar 07, 2003          1          1          3     "	4105	2003-03-07	"Fri"	"Evening"	"113"	1	1	3	5	"11"	"13"	2	4
"4104     Fri. Mar 07, 2003          5          3          2     "	4104	2003-03-07	"Fri"	"Midday"	"532"	5	3	2	10	"53"	"32"	8	5
"4103     Thu. Mar 06, 2003          8          5          2     "	4103	2003-03-06	"Thu"	"Evening"	"852"	8	5	2	15	"85"	"52"	13	7
"4102     Thu. Mar 06, 2003          3          6          2     "	4102	2003-03-06	"Thu"	"Midday"	"362"	3	6	2	11	"36"	"62"	9	8
"4101     Wed. Mar 05, 2003          7          3          2     "	4101	2003-03-05	"Wed"	"Evening"	"732"	7	3	2	12	"73"	"32"	10	5
"4100     Wed. Mar 05, 2003          2          4          8     "	4100	2003-03-05	"Wed"	"Midday"	"248"	2	4	8	14	"24"	"48"	6	12
"4099     Tue. Mar 04, 2003          8          7          5     "	4099	2003-03-04	"Tue"	"Evening"	"875"	8	7	5	20	"87"	"75"	15	12
"4098     Tue. Mar 04, 2003          8          1          0     "	4098	2003-03-04	"Tue"	"Midday"	"810"	8	1	0	9	"81"	"10"	9	1
"4097     Mon. Mar 03, 2003          2          1          5     "	4097	2003-03-03	"Mon"	"Evening"	"215"	2	1	5	8	"21"	"15"	3	6
"4096     Mon. Mar 03, 2003          9          5          0     "	4096	2003-03-03	"Mon"	"Midday"	"950"	9	5	0	14	"95"	"50"	14	5
"4095     Sun. Mar 02, 2003          5          5          1     "	4095	2003-03-02	"Sun"	"Evening"	"551"	5	5	1	11	"55"	"51"	10	6
"4094     Sun. Mar 02, 2003          9          8          2     "	4094	2003-03-02	"Sun"	"Midday"	"982"	9	8	2	19	"98"	"82"	17	10
"4093     Sat. Mar 01, 2003          3          7          8     "	4093	2003-03-01	"Sat"	"Evening"	"378"	3	7	8	18	"37"	"78"	10	15
"4092     Sat. Mar 01, 2003          3          6          2     "	4092	2003-03-01	"Sat"	"Midday"	"362"	3	6	2	11	"36"	"62"	9	8
"4091     Fri. Feb 28, 2003          5          9          1     "	4091	2003-02-28	"Fri"	"Evening"	"591"	5	9	1	15	"59"	"91"	14	10
"4090     Fri. Feb 28, 2003          5          7          5     "	4090	2003-02-28	"Fri"	"Midday"	"575"	5	7	5	17	"57"	"75"	12	12
"4089     Thu. Feb 27, 2003          5          7          5     "	4089	2003-02-27	"Thu"	"Evening"	"575"	5	7	5	17	"57"	"75"	12	12
"4088     Thu. Feb 27, 2003          0          8          8     "	4088	2003-02-27	"Thu"	"Midday"	"088"	0	8	8	16	"08"	"88"	8	16
"4087     Wed. Feb 26, 2003          2          6          4     "	4087	2003-02-26	"Wed"	"Evening"	"264"	2	6	4	12	"26"	"64"	8	10
"4086     Wed. Feb 26, 2003          4          8          8     "	4086	2003-02-26	"Wed"	"Midday"	"488"	4	8	8	20	"48"	"88"	12	16
"4085     Tue. Feb 25, 2003          0          9          3     "	4085	2003-02-25	"Tue"	"Evening"	"093"	0	9	3	12	"09"	"93"	9	12
"4084     Tue. Feb 25, 2003          2          2          0     "	4084	2003-02-25	"Tue"	"Midday"	"220"	2	2	0	4	"22"	"20"	4	2
"4083     Mon. Feb 24, 2003          0          8          0     "	4083	2003-02-24	"Mon"	"Evening"	"080"	0	8	0	8	"08"	"80"	8	8
"4082     Mon. Feb 24, 2003          7          4          2     "	4082	2003-02-24	"Mon"	"Midday"	"742"	7	4	2	13	"74"	"42"	11	6
"4081     Sun. Feb 23, 2003          0          4          1     "	4081	2003-02-23	"Sun"	"Evening"	"041"	0	4	1	5	"04"	"41"	4	5
"4080     Sun. Feb 23, 2003          8          6          2     "	4080	2003-02-23	"Sun"	"Midday"	"862"	8	6	2	16	"86"	"62"	14	8
"4079     Sat. Feb 22, 2003          7          8          4     "	4079	2003-02-22	"Sat"	"Evening"	"784"	7	8	4	19	"78"	"84"	15	12
"4078     Sat. Feb 22, 2003          6          1          1     "	4078	2003-02-22	"Sat"	"Midday"	"611"	6	1	1	8	"61"	"11"	7	2
"4077     Fri. Feb 21, 2003          1          1          2     "	4077	2003-02-21	"Fri"	"Evening"	"112"	1	1	2	4	"11"	"12"	2	3
"4076     Fri. Feb 21, 2003          3          0          5     "	4076	2003-02-21	"Fri"	"Midday"	"305"	3	0	5	8	"30"	"05"	3	5
"4075     Thu. Feb 20, 2003          1          8          6     "	4075	2003-02-20	"Thu"	"Evening"	"186"	1	8	6	15	"18"	"86"	9	14
"4074     Thu. Feb 20, 2003          5          7          8     "	4074	2003-02-20	"Thu"	"Midday"	"578"	5	7	8	20	"57"	"78"	12	15
"4073     Wed. Feb 19, 2003          6          7          8     "	4073	2003-02-19	"Wed"	"Evening"	"678"	6	7	8	21	"67"	"78"	13	15
"4072     Wed. Feb 19, 2003          6          3          7     "	4072	2003-02-19	"Wed"	"Midday"	"637"	6	3	7	16	"63"	"37"	9	10
"4071     Tue. Feb 18, 2003          7          7          0     "	4071	2003-02-18	"Tue"	"Evening"	"770"	7	7	0	14	"77"	"70"	14	7
"4070     Tue. Feb 18, 2003          7          9          0     "	4070	2003-02-18	"Tue"	"Midday"	"790"	7	9	0	16	"79"	"90"	16	9
"4069     Mon. Feb 17, 2003          3          4          6     "	4069	2003-02-17	"Mon"	"Evening"	"346"	3	4	6	13	"34"	"46"	7	10
"4068     Mon. Feb 17, 2003          4          0          0     "	4068	2003-02-17	"Mon"	"Midday"	"400"	4	0	0	4	"40"	"00"	4	0
"4067     Sun. Feb 16, 2003          7          2          3     "	4067	2003-02-16	"Sun"	"Evening"	"723"	7	2	3	12	"72"	"23"	9	5
"4066     Sun. Feb 16, 2003          4          4          0     "	4066	2003-02-16	"Sun"	"Midday"	"440"	4	4	0	8	"44"	"40"	8	4
"4065     Sat. Feb 15, 2003          0          1          1     "	4065	2003-02-15	"Sat"	"Evening"	"011"	0	1	1	2	"01"	"11"	1	2
"4064     Sat. Feb 15, 2003          8          8          0     "	4064	2003-02-15	"Sat"	"Midday"	"880"	8	8	0	16	"88"	"80"	16	8
"4063     Fri. Feb 14, 2003          3          1          9     "	4063	2003-02-14	"Fri"	"Evening"	"319"	3	1	9	13	"31"	"19"	4	10
"4062     Fri. Feb 14, 2003          6          1          8     "	4062	2003-02-14	"Fri"	"Midday"	"618"	6	1	8	15	"61"	"18"	7	9
"4061     Thu. Feb 13, 2003          6          1          3     "	4061	2003-02-13	"Thu"	"Evening"	"613"	6	1	3	10	"61"	"13"	7	4
"4060     Thu. Feb 13, 2003          3          1          2     "	4060	2003-02-13	"Thu"	"Midday"	"312"	3	1	2	6	"31"	"12"	4	3
"4059     Wed. Feb 12, 2003          0          1          4     "	4059	2003-02-12	"Wed"	"Evening"	"014"	0	1	4	5	"01"	"14"	1	5
"4058     Wed. Feb 12, 2003          3          1          5     "	4058	2003-02-12	"Wed"	"Midday"	"315"	3	1	5	9	"31"	"15"	4	6
"4057     Tue. Feb 11, 2003          0          2          7     "	4057	2003-02-11	"Tue"	"Evening"	"027"	0	2	7	9	"02"	"27"	2	9
"4056     Tue. Feb 11, 2003          7          1          5     "	4056	2003-02-11	"Tue"	"Midday"	"715"	7	1	5	13	"71"	"15"	8	6
"4055     Mon. Feb 10, 2003          7          2          7     "	4055	2003-02-10	"Mon"	"Evening"	"727"	7	2	7	16	"72"	"27"	9	9
"4054     Mon. Feb 10, 2003          2          4          9     "	4054	2003-02-10	"Mon"	"Midday"	"249"	2	4	9	15	"24"	"49"	6	13
"4053     Sun. Feb 09, 2003          4          7          0     "	4053	2003-02-09	"Sun"	"Evening"	"470"	4	7	0	11	"47"	"70"	11	7
"4052     Sun. Feb 09, 2003          0          5          9     "	4052	2003-02-09	"Sun"	"Midday"	"059"	0	5	9	14	"05"	"59"	5	14
"4051     Sat. Feb 08, 2003          5          0          5     "	4051	2003-02-08	"Sat"	"Evening"	"505"	5	0	5	10	"50"	"05"	5	5
"4050     Sat. Feb 08, 2003          0          3          8     "	4050	2003-02-08	"Sat"	"Midday"	"038"	0	3	8	11	"03"	"38"	3	11
"4049     Fri. Feb 07, 2003          1          3          5     "	4049	2003-02-07	"Fri"	"Evening"	"135"	1	3	5	9	"13"	"35"	4	8
"4048     Fri. Feb 07, 2003          3          7          9     "	4048	2003-02-07	"Fri"	"Midday"	"379"	3	7	9	19	"37"	"79"	10	16
"4047     Thu. Feb 06, 2003          9          8          5     "	4047	2003-02-06	"Thu"	"Evening"	"985"	9	8	5	22	"98"	"85"	17	13
"4046     Thu. Feb 06, 2003          2          9          5     "	4046	2003-02-06	"Thu"	"Midday"	"295"	2	9	5	16	"29"	"95"	11	14
"4045     Wed. Feb 05, 2003          2          4          9     "	4045	2003-02-05	"Wed"	"Evening"	"249"	2	4	9	15	"24"	"49"	6	13
"4044     Wed. Feb 05, 2003          4          0          9     "	4044	2003-02-05	"Wed"	"Midday"	"409"	4	0	9	13	"40"	"09"	4	9
"4043     Tue. Feb 04, 2003          9          6          8     "	4043	2003-02-04	"Tue"	"Evening"	"968"	9	6	8	23	"96"	"68"	15	14
"4042     Tue. Feb 04, 2003          5          1          1     "	4042	2003-02-04	"Tue"	"Midday"	"511"	5	1	1	7	"51"	"11"	6	2
"4041     Mon. Feb 03, 2003          3          5          7     "	4041	2003-02-03	"Mon"	"Evening"	"357"	3	5	7	15	"35"	"57"	8	12
"4040     Mon. Feb 03, 2003          3          9          7     "	4040	2003-02-03	"Mon"	"Midday"	"397"	3	9	7	19	"39"	"97"	12	16
"4039     Sun. Feb 02, 2003          2          7          9     "	4039	2003-02-02	"Sun"	"Evening"	"279"	2	7	9	18	"27"	"79"	9	16
"4038     Sun. Feb 02, 2003          4          0          5     "	4038	2003-02-02	"Sun"	"Midday"	"405"	4	0	5	9	"40"	"05"	4	5
"4037     Sat. Feb 01, 2003          5          2          3     "	4037	2003-02-01	"Sat"	"Evening"	"523"	5	2	3	10	"52"	"23"	7	5
"4036     Sat. Feb 01, 2003          0          4          2     "	4036	2003-02-01	"Sat"	"Midday"	"042"	0	4	2	6	"04"	"42"	4	6
"4035     Fri. Jan 31, 2003          6          8          8     "	4035	2003-01-31	"Fri"	"Evening"	"688"	6	8	8	22	"68"	"88"	14	16
"4034     Fri. Jan 31, 2003          5          7          8     "	4034	2003-01-31	"Fri"	"Midday"	"578"	5	7	8	20	"57"	"78"	12	15
"4033     Thu. Jan 30, 2003          8          6          0     "	4033	2003-01-30	"Thu"	"Evening"	"860"	8	6	0	14	"86"	"60"	14	6
"4032     Thu. Jan 30, 2003          8          5          9     "	4032	2003-01-30	"Thu"	"Midday"	"859"	8	5	9	22	"85"	"59"	13	14
"4031     Wed. Jan 29, 2003          4          3          1     "	4031	2003-01-29	"Wed"	"Evening"	"431"	4	3	1	8	"43"	"31"	7	4
"4030     Wed. Jan 29, 2003          1          5          4     "	4030	2003-01-29	"Wed"	"Midday"	"154"	1	5	4	10	"15"	"54"	6	9
"4029     Tue. Jan 28, 2003          1          7          4     "	4029	2003-01-28	"Tue"	"Evening"	"174"	1	7	4	12	"17"	"74"	8	11
"4028     Tue. Jan 28, 2003          6          9          3     "	4028	2003-01-28	"Tue"	"Midday"	"693"	6	9	3	18	"69"	"93"	15	12
"4027     Mon. Jan 27, 2003          9          1          3     "	4027	2003-01-27	"Mon"	"Evening"	"913"	9	1	3	13	"91"	"13"	10	4
"4026     Mon. Jan 27, 2003          0          0          8     "	4026	2003-01-27	"Mon"	"Midday"	"008"	0	0	8	8	"00"	"08"	0	8
"4025     Sun. Jan 26, 2003          0          8          6     "	4025	2003-01-26	"Sun"	"Evening"	"086"	0	8	6	14	"08"	"86"	8	14
"4024     Sun. Jan 26, 2003          6          2          1     "	4024	2003-01-26	"Sun"	"Midday"	"621"	6	2	1	9	"62"	"21"	8	3
"4023     Sat. Jan 25, 2003          0          4          0     "	4023	2003-01-25	"Sat"	"Evening"	"040"	0	4	0	4	"04"	"40"	4	4
"4022     Sat. Jan 25, 2003          7          3          4     "	4022	2003-01-25	"Sat"	"Midday"	"734"	7	3	4	14	"73"	"34"	10	7
"4021     Fri. Jan 24, 2003          5          0          0     "	4021	2003-01-24	"Fri"	"Evening"	"500"	5	0	0	5	"50"	"00"	5	0
"4020     Fri. Jan 24, 2003          0          6          9     "	4020	2003-01-24	"Fri"	"Midday"	"069"	0	6	9	15	"06"	"69"	6	15
"4019     Thu. Jan 23, 2003          8          2          0     "	4019	2003-01-23	"Thu"	"Evening"	"820"	8	2	0	10	"82"	"20"	10	2
"4018     Thu. Jan 23, 2003          0          3          7     "	4018	2003-01-23	"Thu"	"Midday"	"037"	0	3	7	10	"03"	"37"	3	10
"4017     Wed. Jan 22, 2003          4          1          2     "	4017	2003-01-22	"Wed"	"Evening"	"412"	4	1	2	7	"41"	"12"	5	3
"4016     Wed. Jan 22, 2003          4          1          4     "	4016	2003-01-22	"Wed"	"Midday"	"414"	4	1	4	9	"41"	"14"	5	5
"4015     Tue. Jan 21, 2003          3          8          4     "	4015	2003-01-21	"Tue"	"Evening"	"384"	3	8	4	15	"38"	"84"	11	12
"4014     Tue. Jan 21, 2003          8          1          0     "	4014	2003-01-21	"Tue"	"Midday"	"810"	8	1	0	9	"81"	"10"	9	1
"4013     Mon. Jan 20, 2003          1          0          1     "	4013	2003-01-20	"Mon"	"Evening"	"101"	1	0	1	2	"10"	"01"	1	1
"4012     Mon. Jan 20, 2003          7          6          9     "	4012	2003-01-20	"Mon"	"Midday"	"769"	7	6	9	22	"76"	"69"	13	15
"4011     Sun. Jan 19, 2003          8          1          6     "	4011	2003-01-19	"Sun"	"Evening"	"816"	8	1	6	15	"81"	"16"	9	7
"4010     Sun. Jan 19, 2003          6          7          9     "	4010	2003-01-19	"Sun"	"Midday"	"679"	6	7	9	22	"67"	"79"	13	16
"4009     Sat. Jan 18, 2003          6          4          7     "	4009	2003-01-18	"Sat"	"Evening"	"647"	6	4	7	17	"64"	"47"	10	11
"4008     Sat. Jan 18, 2003          6          0          6     "	4008	2003-01-18	"Sat"	"Midday"	"606"	6	0	6	12	"60"	"06"	6	6
"4007     Fri. Jan 17, 2003          8          3          0     "	4007	2003-01-17	"Fri"	"Evening"	"830"	8	3	0	11	"83"	"30"	11	3
"4006     Fri. Jan 17, 2003          5          0          5     "	4006	2003-01-17	"Fri"	"Midday"	"505"	5	0	5	10	"50"	"05"	5	5
"4005     Thu. Jan 16, 2003          8          1          1     "	4005	2003-01-16	"Thu"	"Evening"	"811"	8	1	1	10	"81"	"11"	9	2
"4004     Thu. Jan 16, 2003          8          9          9     "	4004	2003-01-16	"Thu"	"Midday"	"899"	8	9	9	26	"89"	"99"	17	18
"4003     Wed. Jan 15, 2003          3          9          9     "	4003	2003-01-15	"Wed"	"Evening"	"399"	3	9	9	21	"39"	"99"	12	18
"4002     Wed. Jan 15, 2003          9          4          8     "	4002	2003-01-15	"Wed"	"Midday"	"948"	9	4	8	21	"94"	"48"	13	12
"4001     Tue. Jan 14, 2003          0          7          3     "	4001	2003-01-14	"Tue"	"Evening"	"073"	0	7	3	10	"07"	"73"	7	10
"4000     Tue. Jan 14, 2003          3          0          5     "	4000	2003-01-14	"Tue"	"Midday"	"305"	3	0	5	8	"30"	"05"	3	5
"3999     Mon. Jan 13, 2003          3          5          6     "	3999	2003-01-13	"Mon"	"Evening"	"356"	3	5	6	14	"35"	"56"	8	11
"3998     Mon. Jan 13, 2003          2          5          8     "	3998	2003-01-13	"Mon"	"Midday"	"258"	2	5	8	15	"25"	"58"	7	13
"3997     Sun. Jan 12, 2003          6          8          2     "	3997	2003-01-12	"Sun"	"Evening"	"682"	6	8	2	16	"68"	"82"	14	10
"3996     Sun. Jan 12, 2003          2          3          3     "	3996	2003-01-12	"Sun"	"Midday"	"233"	2	3	3	8	"23"	"33"	5	6
"3995     Sat. Jan 11, 2003          5          4          5     "	3995	2003-01-11	"Sat"	"Evening"	"545"	5	4	5	14	"54"	"45"	9	9
"3994     Sat. Jan 11, 2003          4          1          8     "	3994	2003-01-11	"Sat"	"Midday"	"418"	4	1	8	13	"41"	"18"	5	9
"3993     Fri. Jan 10, 2003          1          0          9     "	3993	2003-01-10	"Fri"	"Evening"	"109"	1	0	9	10	"10"	"09"	1	9
"3992     Fri. Jan 10, 2003          1          5          7     "	3992	2003-01-10	"Fri"	"Midday"	"157"	1	5	7	13	"15"	"57"	6	12
"3991     Thu. Jan 09, 2003          6          8          4     "	3991	2003-01-09	"Thu"	"Evening"	"684"	6	8	4	18	"68"	"84"	14	12
"3990     Thu. Jan 09, 2003          3          6          1     "	3990	2003-01-09	"Thu"	"Midday"	"361"	3	6	1	10	"36"	"61"	9	7
"3989     Wed. Jan 08, 2003          5          3          5     "	3989	2003-01-08	"Wed"	"Evening"	"535"	5	3	5	13	"53"	"35"	8	8
"3988     Wed. Jan 08, 2003          2          2          9     "	3988	2003-01-08	"Wed"	"Midday"	"229"	2	2	9	13	"22"	"29"	4	11
"3987     Tue. Jan 07, 2003          2          9          5     "	3987	2003-01-07	"Tue"	"Evening"	"295"	2	9	5	16	"29"	"95"	11	14
"3986     Tue. Jan 07, 2003          0          3          6     "	3986	2003-01-07	"Tue"	"Midday"	"036"	0	3	6	9	"03"	"36"	3	9
"3985     Mon. Jan 06, 2003          6          2          4     "	3985	2003-01-06	"Mon"	"Evening"	"624"	6	2	4	12	"62"	"24"	8	6
"3984     Mon. Jan 06, 2003          5          1          1     "	3984	2003-01-06	"Mon"	"Midday"	"511"	5	1	1	7	"51"	"11"	6	2
"3983     Sun. Jan 05, 2003          0          9          7     "	3983	2003-01-05	"Sun"	"Evening"	"097"	0	9	7	16	"09"	"97"	9	16
"3982     Sun. Jan 05, 2003          5          2          1     "	3982	2003-01-05	"Sun"	"Midday"	"521"	5	2	1	8	"52"	"21"	7	3
"3981     Sat. Jan 04, 2003          2          2          8     "	3981	2003-01-04	"Sat"	"Evening"	"228"	2	2	8	12	"22"	"28"	4	10
"3980     Sat. Jan 04, 2003          0          8          6     "	3980	2003-01-04	"Sat"	"Midday"	"086"	0	8	6	14	"08"	"86"	8	14
"3979     Fri. Jan 03, 2003          7          0          9     "	3979	2003-01-03	"Fri"	"Evening"	"709"	7	0	9	16	"70"	"09"	7	9
"3978     Fri. Jan 03, 2003          0          7          4     "	3978	2003-01-03	"Fri"	"Midday"	"074"	0	7	4	11	"07"	"74"	7	11
"3977     Thu. Jan 02, 2003          3          0          1     "	3977	2003-01-02	"Thu"	"Evening"	"301"	3	0	1	4	"30"	"01"	3	1
"3976     Thu. Jan 02, 2003          3          3          4     "	3976	2003-01-02	"Thu"	"Midday"	"334"	3	3	4	10	"33"	"34"	6	7
"3975     Wed. Jan 01, 2003          5          5          9     "	3975	2003-01-01	"Wed"	"Evening"	"559"	5	5	9	19	"55"	"59"	10	14
"3974     Wed. Jan 01, 2003          7          4          1     "	3974	2003-01-01	"Wed"	"Midday"	"741"	7	4	1	12	"74"	"41"	11	5
"3973     Tue. Dec 31, 2002          8          9          7     "	3973	2002-12-31	"Tue"	"Evening"	"897"	8	9	7	24	"89"	"97"	17	16
"3972     Tue. Dec 31, 2002          7          9          3     "	3972	2002-12-31	"Tue"	"Midday"	"793"	7	9	3	19	"79"	"93"	16	12
"3971     Mon. Dec 30, 2002          9          5          5     "	3971	2002-12-30	"Mon"	"Evening"	"955"	9	5	5	19	"95"	"55"	14	10
"3970     Mon. Dec 30, 2002          0          2          8     "	3970	2002-12-30	"Mon"	"Midday"	"028"	0	2	8	10	"02"	"28"	2	10
"3969     Sun. Dec 29, 2002          2          8          2     "	3969	2002-12-29	"Sun"	"Evening"	"282"	2	8	2	12	"28"	"82"	10	10
"3968     Sun. Dec 29, 2002          1          3          2     "	3968	2002-12-29	"Sun"	"Midday"	"132"	1	3	2	6	"13"	"32"	4	5
"3967     Sat. Dec 28, 2002          2          6          6     "	3967	2002-12-28	"Sat"	"Evening"	"266"	2	6	6	14	"26"	"66"	8	12
"3966     Sat. Dec 28, 2002          9          1          2     "	3966	2002-12-28	"Sat"	"Midday"	"912"	9	1	2	12	"91"	"12"	10	3
"3965     Fri. Dec 27, 2002          8          5          2     "	3965	2002-12-27	"Fri"	"Evening"	"852"	8	5	2	15	"85"	"52"	13	7
"3964     Fri. Dec 27, 2002          3          2          9     "	3964	2002-12-27	"Fri"	"Midday"	"329"	3	2	9	14	"32"	"29"	5	11
"3963     Thu. Dec 26, 2002          9          1          9     "	3963	2002-12-26	"Thu"	"Evening"	"919"	9	1	9	19	"91"	"19"	10	10
"3962     Thu. Dec 26, 2002          8          7          2     "	3962	2002-12-26	"Thu"	"Midday"	"872"	8	7	2	17	"87"	"72"	15	9
"3961     Wed. Dec 25, 2002          2          4          5     "	3961	2002-12-25	"Wed"	"Evening"	"245"	2	4	5	11	"24"	"45"	6	9
"3960     Wed. Dec 25, 2002          3          7          6     "	3960	2002-12-25	"Wed"	"Midday"	"376"	3	7	6	16	"37"	"76"	10	13
"3959     Tue. Dec 24, 2002          7          8          7     "	3959	2002-12-24	"Tue"	"Evening"	"787"	7	8	7	22	"78"	"87"	15	15
"3958     Tue. Dec 24, 2002          6          5          1     "	3958	2002-12-24	"Tue"	"Midday"	"651"	6	5	1	12	"65"	"51"	11	6
"3957     Mon. Dec 23, 2002          5          7          3     "	3957	2002-12-23	"Mon"	"Evening"	"573"	5	7	3	15	"57"	"73"	12	10
"3956     Mon. Dec 23, 2002          4          8          4     "	3956	2002-12-23	"Mon"	"Midday"	"484"	4	8	4	16	"48"	"84"	12	12
"3955     Sun. Dec 22, 2002          9          1          6     "	3955	2002-12-22	"Sun"	"Evening"	"916"	9	1	6	16	"91"	"16"	10	7
"3954     Sun. Dec 22, 2002          7          5          4     "	3954	2002-12-22	"Sun"	"Midday"	"754"	7	5	4	16	"75"	"54"	12	9
"3953     Sat. Dec 21, 2002          0          5          9     "	3953	2002-12-21	"Sat"	"Evening"	"059"	0	5	9	14	"05"	"59"	5	14
"3952     Sat. Dec 21, 2002          4          3          9     "	3952	2002-12-21	"Sat"	"Midday"	"439"	4	3	9	16	"43"	"39"	7	12
"3951     Fri. Dec 20, 2002          4          6          1     "	3951	2002-12-20	"Fri"	"Evening"	"461"	4	6	1	11	"46"	"61"	10	7
"3950     Fri. Dec 20, 2002          9          7          2     "	3950	2002-12-20	"Fri"	"Midday"	"972"	9	7	2	18	"97"	"72"	16	9
"3949     Thu. Dec 19, 2002          1          0          3     "	3949	2002-12-19	"Thu"	"Evening"	"103"	1	0	3	4	"10"	"03"	1	3
"3948     Thu. Dec 19, 2002          0          0          9     "	3948	2002-12-19	"Thu"	"Midday"	"009"	0	0	9	9	"00"	"09"	0	9
"3947     Wed. Dec 18, 2002          9          9          4     "	3947	2002-12-18	"Wed"	"Evening"	"994"	9	9	4	22	"99"	"94"	18	13
"3946     Wed. Dec 18, 2002          5          2          9     "	3946	2002-12-18	"Wed"	"Midday"	"529"	5	2	9	16	"52"	"29"	7	11
"3945     Tue. Dec 17, 2002          6          9          4     "	3945	2002-12-17	"Tue"	"Evening"	"694"	6	9	4	19	"69"	"94"	15	13
"3944     Tue. Dec 17, 2002          9          5          1     "	3944	2002-12-17	"Tue"	"Midday"	"951"	9	5	1	15	"95"	"51"	14	6
"3943     Mon. Dec 16, 2002          8          6          2     "	3943	2002-12-16	"Mon"	"Evening"	"862"	8	6	2	16	"86"	"62"	14	8
"3942     Mon. Dec 16, 2002          9          9          5     "	3942	2002-12-16	"Mon"	"Midday"	"995"	9	9	5	23	"99"	"95"	18	14
"3941     Sun. Dec 15, 2002          2          2          1     "	3941	2002-12-15	"Sun"	"Evening"	"221"	2	2	1	5	"22"	"21"	4	3
"3940     Sun. Dec 15, 2002          9          5          9     "	3940	2002-12-15	"Sun"	"Midday"	"959"	9	5	9	23	"95"	"59"	14	14
"3939     Sat. Dec 14, 2002          9          3          6     "	3939	2002-12-14	"Sat"	"Evening"	"936"	9	3	6	18	"93"	"36"	12	9
"3938     Sat. Dec 14, 2002          8          5          1     "	3938	2002-12-14	"Sat"	"Midday"	"851"	8	5	1	14	"85"	"51"	13	6
"3937     Fri. Dec 13, 2002          8          8          2     "	3937	2002-12-13	"Fri"	"Evening"	"882"	8	8	2	18	"88"	"82"	16	10
"3936     Fri. Dec 13, 2002          1          9          8     "	3936	2002-12-13	"Fri"	"Midday"	"198"	1	9	8	18	"19"	"98"	10	17
"3935     Thu. Dec 12, 2002          2          6          6     "	3935	2002-12-12	"Thu"	"Evening"	"266"	2	6	6	14	"26"	"66"	8	12
"3934     Thu. Dec 12, 2002          0          2          8     "	3934	2002-12-12	"Thu"	"Midday"	"028"	0	2	8	10	"02"	"28"	2	10
"3933     Wed. Dec 11, 2002          4          0          0     "	3933	2002-12-11	"Wed"	"Evening"	"400"	4	0	0	4	"40"	"00"	4	0
"3932     Wed. Dec 11, 2002          0          7          1     "	3932	2002-12-11	"Wed"	"Midday"	"071"	0	7	1	8	"07"	"71"	7	8
"3931     Tue. Dec 10, 2002          6          6          7     "	3931	2002-12-10	"Tue"	"Evening"	"667"	6	6	7	19	"66"	"67"	12	13
"3930     Tue. Dec 10, 2002          3          0          7     "	3930	2002-12-10	"Tue"	"Midday"	"307"	3	0	7	10	"30"	"07"	3	7
"3929     Mon. Dec 09, 2002          9          9          2     "	3929	2002-12-09	"Mon"	"Evening"	"992"	9	9	2	20	"99"	"92"	18	11
"3928     Mon. Dec 09, 2002          3          3          5     "	3928	2002-12-09	"Mon"	"Midday"	"335"	3	3	5	11	"33"	"35"	6	8
"3927     Sun. Dec 08, 2002          2          5          2     "	3927	2002-12-08	"Sun"	"Evening"	"252"	2	5	2	9	"25"	"52"	7	7
"3926     Sun. Dec 08, 2002          1          4          2     "	3926	2002-12-08	"Sun"	"Midday"	"142"	1	4	2	7	"14"	"42"	5	6
"3925     Sat. Dec 07, 2002          9          7          4     "	3925	2002-12-07	"Sat"	"Evening"	"974"	9	7	4	20	"97"	"74"	16	11
"3924     Sat. Dec 07, 2002          5          0          5     "	3924	2002-12-07	"Sat"	"Midday"	"505"	5	0	5	10	"50"	"05"	5	5
"3923     Fri. Dec 06, 2002          2          2          5     "	3923	2002-12-06	"Fri"	"Evening"	"225"	2	2	5	9	"22"	"25"	4	7
"3922     Fri. Dec 06, 2002          2          2          1     "	3922	2002-12-06	"Fri"	"Midday"	"221"	2	2	1	5	"22"	"21"	4	3
"3921     Thu. Dec 05, 2002          7          6          2     "	3921	2002-12-05	"Thu"	"Evening"	"762"	7	6	2	15	"76"	"62"	13	8
"3920     Thu. Dec 05, 2002          3          3          0     "	3920	2002-12-05	"Thu"	"Midday"	"330"	3	3	0	6	"33"	"30"	6	3
"3919     Wed. Dec 04, 2002          4          7          6     "	3919	2002-12-04	"Wed"	"Evening"	"476"	4	7	6	17	"47"	"76"	11	13
"3918     Wed. Dec 04, 2002          3          8          3     "	3918	2002-12-04	"Wed"	"Midday"	"383"	3	8	3	14	"38"	"83"	11	11
"3917     Tue. Dec 03, 2002          6          9          5     "	3917	2002-12-03	"Tue"	"Evening"	"695"	6	9	5	20	"69"	"95"	15	14
"3916     Tue. Dec 03, 2002          6          7          0     "	3916	2002-12-03	"Tue"	"Midday"	"670"	6	7	0	13	"67"	"70"	13	7
"3915     Mon. Dec 02, 2002          6          2          3     "	3915	2002-12-02	"Mon"	"Evening"	"623"	6	2	3	11	"62"	"23"	8	5
"3914     Mon. Dec 02, 2002          5          0          4     "	3914	2002-12-02	"Mon"	"Midday"	"504"	5	0	4	9	"50"	"04"	5	4
"3913     Sun. Dec 01, 2002          5          0          8     "	3913	2002-12-01	"Sun"	"Evening"	"508"	5	0	8	13	"50"	"08"	5	8
"3912     Sun. Dec 01, 2002          7          0          7     "	3912	2002-12-01	"Sun"	"Midday"	"707"	7	0	7	14	"70"	"07"	7	7
"3911     Sat. Nov 30, 2002          0          1          8     "	3911	2002-11-30	"Sat"	"Evening"	"018"	0	1	8	9	"01"	"18"	1	9
"3910     Sat. Nov 30, 2002          4          3          7     "	3910	2002-11-30	"Sat"	"Midday"	"437"	4	3	7	14	"43"	"37"	7	10
"3909     Fri. Nov 29, 2002          8          8          2     "	3909	2002-11-29	"Fri"	"Evening"	"882"	8	8	2	18	"88"	"82"	16	10
"3908     Fri. Nov 29, 2002          4          1          3     "	3908	2002-11-29	"Fri"	"Midday"	"413"	4	1	3	8	"41"	"13"	5	4
"3907     Thu. Nov 28, 2002          5          6          0     "	3907	2002-11-28	"Thu"	"Evening"	"560"	5	6	0	11	"56"	"60"	11	6
"3906     Thu. Nov 28, 2002          9          2          2     "	3906	2002-11-28	"Thu"	"Midday"	"922"	9	2	2	13	"92"	"22"	11	4
"3905     Wed. Nov 27, 2002          0          2          6     "	3905	2002-11-27	"Wed"	"Evening"	"026"	0	2	6	8	"02"	"26"	2	8
"3904     Wed. Nov 27, 2002          9          6          3     "	3904	2002-11-27	"Wed"	"Midday"	"963"	9	6	3	18	"96"	"63"	15	9
"3903     Tue. Nov 26, 2002          9          1          1     "	3903	2002-11-26	"Tue"	"Evening"	"911"	9	1	1	11	"91"	"11"	10	2
"3902     Tue. Nov 26, 2002          6          5          0     "	3902	2002-11-26	"Tue"	"Midday"	"650"	6	5	0	11	"65"	"50"	11	5
"3901     Mon. Nov 25, 2002          0          9          2     "	3901	2002-11-25	"Mon"	"Evening"	"092"	0	9	2	11	"09"	"92"	9	11
"3900     Mon. Nov 25, 2002          4          3          2     "	3900	2002-11-25	"Mon"	"Midday"	"432"	4	3	2	9	"43"	"32"	7	5
"3899     Sun. Nov 24, 2002          7          8          9     "	3899	2002-11-24	"Sun"	"Evening"	"789"	7	8	9	24	"78"	"89"	15	17
"3898     Sun. Nov 24, 2002          1          6          7     "	3898	2002-11-24	"Sun"	"Midday"	"167"	1	6	7	14	"16"	"67"	7	13
"3897     Sat. Nov 23, 2002          7          4          8     "	3897	2002-11-23	"Sat"	"Evening"	"748"	7	4	8	19	"74"	"48"	11	12
"3896     Sat. Nov 23, 2002          1          9          9     "	3896	2002-11-23	"Sat"	"Midday"	"199"	1	9	9	19	"19"	"99"	10	18
"3895     Fri. Nov 22, 2002          4          2          7     "	3895	2002-11-22	"Fri"	"Evening"	"427"	4	2	7	13	"42"	"27"	6	9
"3894     Fri. Nov 22, 2002          5          3          3     "	3894	2002-11-22	"Fri"	"Midday"	"533"	5	3	3	11	"53"	"33"	8	6
"3893     Thu. Nov 21, 2002          2          5          2     "	3893	2002-11-21	"Thu"	"Evening"	"252"	2	5	2	9	"25"	"52"	7	7
"3892     Thu. Nov 21, 2002          9          2          5     "	3892	2002-11-21	"Thu"	"Midday"	"925"	9	2	5	16	"92"	"25"	11	7
"3891     Wed. Nov 20, 2002          4          5          2     "	3891	2002-11-20	"Wed"	"Evening"	"452"	4	5	2	11	"45"	"52"	9	7
"3890     Wed. Nov 20, 2002          0          9          5     "	3890	2002-11-20	"Wed"	"Midday"	"095"	0	9	5	14	"09"	"95"	9	14
"3889     Tue. Nov 19, 2002          1          0          8     "	3889	2002-11-19	"Tue"	"Evening"	"108"	1	0	8	9	"10"	"08"	1	8
"3888     Tue. Nov 19, 2002          8          8          9     "	3888	2002-11-19	"Tue"	"Midday"	"889"	8	8	9	25	"88"	"89"	16	17
"3887     Mon. Nov 18, 2002          6          3          4     "	3887	2002-11-18	"Mon"	"Evening"	"634"	6	3	4	13	"63"	"34"	9	7
"3886     Mon. Nov 18, 2002          4          9          8     "	3886	2002-11-18	"Mon"	"Midday"	"498"	4	9	8	21	"49"	"98"	13	17
"3885     Sun. Nov 17, 2002          0          9          2     "	3885	2002-11-17	"Sun"	"Evening"	"092"	0	9	2	11	"09"	"92"	9	11
"3884     Sun. Nov 17, 2002          3          4          2     "	3884	2002-11-17	"Sun"	"Midday"	"342"	3	4	2	9	"34"	"42"	7	6
"3883     Sat. Nov 16, 2002          6          8          4     "	3883	2002-11-16	"Sat"	"Evening"	"684"	6	8	4	18	"68"	"84"	14	12
"3882     Sat. Nov 16, 2002          5          4          5     "	3882	2002-11-16	"Sat"	"Midday"	"545"	5	4	5	14	"54"	"45"	9	9
"3881     Fri. Nov 15, 2002          0          2          6     "	3881	2002-11-15	"Fri"	"Evening"	"026"	0	2	6	8	"02"	"26"	2	8
"3880     Fri. Nov 15, 2002          4          5          9     "	3880	2002-11-15	"Fri"	"Midday"	"459"	4	5	9	18	"45"	"59"	9	14
"3879     Thu. Nov 14, 2002          1          8          2     "	3879	2002-11-14	"Thu"	"Evening"	"182"	1	8	2	11	"18"	"82"	9	10
"3878     Thu. Nov 14, 2002          1          0          3     "	3878	2002-11-14	"Thu"	"Midday"	"103"	1	0	3	4	"10"	"03"	1	3
"3877     Wed. Nov 13, 2002          3          0          7     "	3877	2002-11-13	"Wed"	"Evening"	"307"	3	0	7	10	"30"	"07"	3	7
"3876     Wed. Nov 13, 2002          1          7          2     "	3876	2002-11-13	"Wed"	"Midday"	"172"	1	7	2	10	"17"	"72"	8	9
"3875     Tue. Nov 12, 2002          4          9          4     "	3875	2002-11-12	"Tue"	"Evening"	"494"	4	9	4	17	"49"	"94"	13	13
"3874     Tue. Nov 12, 2002          3          4          4     "	3874	2002-11-12	"Tue"	"Midday"	"344"	3	4	4	11	"34"	"44"	7	8
"3873     Mon. Nov 11, 2002          4          0          4     "	3873	2002-11-11	"Mon"	"Evening"	"404"	4	0	4	8	"40"	"04"	4	4
"3872     Mon. Nov 11, 2002          7          5          4     "	3872	2002-11-11	"Mon"	"Midday"	"754"	7	5	4	16	"75"	"54"	12	9
"3871     Sun. Nov 10, 2002          6          7          1     "	3871	2002-11-10	"Sun"	"Evening"	"671"	6	7	1	14	"67"	"71"	13	8
"3870     Sun. Nov 10, 2002          5          0          8     "	3870	2002-11-10	"Sun"	"Midday"	"508"	5	0	8	13	"50"	"08"	5	8
"3869     Sat. Nov 09, 2002          2          9          5     "	3869	2002-11-09	"Sat"	"Evening"	"295"	2	9	5	16	"29"	"95"	11	14
"3868     Sat. Nov 09, 2002          8          3          1     "	3868	2002-11-09	"Sat"	"Midday"	"831"	8	3	1	12	"83"	"31"	11	4
"3867     Fri. Nov 08, 2002          2          6          9     "	3867	2002-11-08	"Fri"	"Evening"	"269"	2	6	9	17	"26"	"69"	8	15
"3866     Fri. Nov 08, 2002          1          7          5     "	3866	2002-11-08	"Fri"	"Midday"	"175"	1	7	5	13	"17"	"75"	8	12
"3865     Thu. Nov 07, 2002          8          5          3     "	3865	2002-11-07	"Thu"	"Evening"	"853"	8	5	3	16	"85"	"53"	13	8
"3864     Thu. Nov 07, 2002          3          3          1     "	3864	2002-11-07	"Thu"	"Midday"	"331"	3	3	1	7	"33"	"31"	6	4
"3863     Wed. Nov 06, 2002          5          7          9     "	3863	2002-11-06	"Wed"	"Evening"	"579"	5	7	9	21	"57"	"79"	12	16
"3862     Wed. Nov 06, 2002          7          0          0     "	3862	2002-11-06	"Wed"	"Midday"	"700"	7	0	0	7	"70"	"00"	7	0
"3861     Tue. Nov 05, 2002          9          4          3     "	3861	2002-11-05	"Tue"	"Evening"	"943"	9	4	3	16	"94"	"43"	13	7
"3860     Tue. Nov 05, 2002          7          5          4     "	3860	2002-11-05	"Tue"	"Midday"	"754"	7	5	4	16	"75"	"54"	12	9
"3859     Mon. Nov 04, 2002          3          0          0     "	3859	2002-11-04	"Mon"	"Evening"	"300"	3	0	0	3	"30"	"00"	3	0
"3858     Mon. Nov 04, 2002          8          8          4     "	3858	2002-11-04	"Mon"	"Midday"	"884"	8	8	4	20	"88"	"84"	16	12
"3857     Sun. Nov 03, 2002          2          6          1     "	3857	2002-11-03	"Sun"	"Evening"	"261"	2	6	1	9	"26"	"61"	8	7
"3856     Sat. Nov 02, 2002          6          3          7     "	3856	2002-11-02	"Sat"	"Midday"	"637"	6	3	7	16	"63"	"37"	9	10
"3855     Fri. Nov 01, 2002          0          8          3     "	3855	2002-11-01	"Fri"	"Evening"	"083"	0	8	3	11	"08"	"83"	8	11
"3854     Thu. Oct 31, 2002          8          7          9     "	3854	2002-10-31	"Thu"	"Midday"	"879"	8	7	9	24	"87"	"79"	15	16
"3853     Wed. Oct 30, 2002          4          0          7     "	3853	2002-10-30	"Wed"	"Evening"	"407"	4	0	7	11	"40"	"07"	4	7
"3852     Tue. Oct 29, 2002          8          7          7     "	3852	2002-10-29	"Tue"	"Midday"	"877"	8	7	7	22	"87"	"77"	15	14
"3851     Mon. Oct 28, 2002          5          7          2     "	3851	2002-10-28	"Mon"	"Evening"	"572"	5	7	2	14	"57"	"72"	12	9
"3850     Sun. Oct 27, 2002          9          5          4     "	3850	2002-10-27	"Sun"	"Midday"	"954"	9	5	4	18	"95"	"54"	14	9
"3849     Sat. Oct 26, 2002          8          7          7     "	3849	2002-10-26	"Sat"	"Evening"	"877"	8	7	7	22	"87"	"77"	15	14
"3848     Fri. Oct 25, 2002          2          2          8     "	3848	2002-10-25	"Fri"	"Midday"	"228"	2	2	8	12	"22"	"28"	4	10
"3847     Thu. Oct 24, 2002          8          2          6     "	3847	2002-10-24	"Thu"	"Evening"	"826"	8	2	6	16	"82"	"26"	10	8
"3846     Wed. Oct 23, 2002          9          2          2     "	3846	2002-10-23	"Wed"	"Midday"	"922"	9	2	2	13	"92"	"22"	11	4
"3845     Tue. Oct 22, 2002          3          1          8     "	3845	2002-10-22	"Tue"	"Evening"	"318"	3	1	8	12	"31"	"18"	4	9
"3844     Mon. Oct 21, 2002          9          7          2     "	3844	2002-10-21	"Mon"	"Midday"	"972"	9	7	2	18	"97"	"72"	16	9
"3843     Sun. Oct 20, 2002          8          3          0     "	3843	2002-10-20	"Sun"	"Evening"	"830"	8	3	0	11	"83"	"30"	11	3
"3842     Sat. Oct 19, 2002          9          8          8     "	3842	2002-10-19	"Sat"	"Midday"	"988"	9	8	8	25	"98"	"88"	17	16
"3841     Fri. Oct 18, 2002          6          5          8     "	3841	2002-10-18	"Fri"	"Evening"	"658"	6	5	8	19	"65"	"58"	11	13
"3840     Thu. Oct 17, 2002          7          0          1     "	3840	2002-10-17	"Thu"	"Midday"	"701"	7	0	1	8	"70"	"01"	7	1
"3839     Wed. Oct 16, 2002          8          7          1     "	3839	2002-10-16	"Wed"	"Evening"	"871"	8	7	1	16	"87"	"71"	15	8
"3838     Tue. Oct 15, 2002          7          0          0     "	3838	2002-10-15	"Tue"	"Midday"	"700"	7	0	0	7	"70"	"00"	7	0
"3837     Mon. Oct 14, 2002          4          2          3     "	3837	2002-10-14	"Mon"	"Evening"	"423"	4	2	3	9	"42"	"23"	6	5
"3836     Sun. Oct 13, 2002          4          6          2     "	3836	2002-10-13	"Sun"	"Midday"	"462"	4	6	2	12	"46"	"62"	10	8
"3835     Sat. Oct 12, 2002          2          5          7     "	3835	2002-10-12	"Sat"	"Evening"	"257"	2	5	7	14	"25"	"57"	7	12
"3834     Fri. Oct 11, 2002          9          2          8     "	3834	2002-10-11	"Fri"	"Midday"	"928"	9	2	8	19	"92"	"28"	11	10
"3833     Thu. Oct 10, 2002          2          0          5     "	3833	2002-10-10	"Thu"	"Evening"	"205"	2	0	5	7	"20"	"05"	2	5
"3832     Wed. Oct 09, 2002          1          6          0     "	3832	2002-10-09	"Wed"	"Midday"	"160"	1	6	0	7	"16"	"60"	7	6
"3831     Tue. Oct 08, 2002          4          2          1     "	3831	2002-10-08	"Tue"	"Evening"	"421"	4	2	1	7	"42"	"21"	6	3
"3830     Mon. Oct 07, 2002          1          5          1     "	3830	2002-10-07	"Mon"	"Midday"	"151"	1	5	1	7	"15"	"51"	6	6
"3829     Sun. Oct 06, 2002          7          1          1     "	3829	2002-10-06	"Sun"	"Evening"	"711"	7	1	1	9	"71"	"11"	8	2
"3828     Sat. Oct 05, 2002          1          4          5     "	3828	2002-10-05	"Sat"	"Midday"	"145"	1	4	5	10	"14"	"45"	5	9
"3827     Fri. Oct 04, 2002          6          5          3     "	3827	2002-10-04	"Fri"	"Evening"	"653"	6	5	3	14	"65"	"53"	11	8
"3826     Thu. Oct 03, 2002          0          1          7     "	3826	2002-10-03	"Thu"	"Midday"	"017"	0	1	7	8	"01"	"17"	1	8
"3825     Wed. Oct 02, 2002          1          9          2     "	3825	2002-10-02	"Wed"	"Evening"	"192"	1	9	2	12	"19"	"92"	10	11
"3824     Tue. Oct 01, 2002          2          2          6     "	3824	2002-10-01	"Tue"	"Midday"	"226"	2	2	6	10	"22"	"26"	4	8
"3823     Mon. Sep 30, 2002          6          2          0     "	3823	2002-09-30	"Mon"	"Evening"	"620"	6	2	0	8	"62"	"20"	8	2
"3822     Sun. Sep 29, 2002          0          8          2     "	3822	2002-09-29	"Sun"	"Midday"	"082"	0	8	2	10	"08"	"82"	8	10
"3821     Sat. Sep 28, 2002          8          5          9     "	3821	2002-09-28	"Sat"	"Evening"	"859"	8	5	9	22	"85"	"59"	13	14
"3820     Fri. Sep 27, 2002          9          2          9     "	3820	2002-09-27	"Fri"	"Midday"	"929"	9	2	9	20	"92"	"29"	11	11
"3819     Thu. Sep 26, 2002          3          0          3     "	3819	2002-09-26	"Thu"	"Evening"	"303"	3	0	3	6	"30"	"03"	3	3
"3818     Wed. Sep 25, 2002          6          7          1     "	3818	2002-09-25	"Wed"	"Midday"	"671"	6	7	1	14	"67"	"71"	13	8
"3817     Tue. Sep 24, 2002          9          8          0     "	3817	2002-09-24	"Tue"	"Evening"	"980"	9	8	0	17	"98"	"80"	17	8
"3816     Mon. Sep 23, 2002          8          2          2     "	3816	2002-09-23	"Mon"	"Midday"	"822"	8	2	2	12	"82"	"22"	10	4
"3815     Sun. Sep 22, 2002          4          6          1     "	3815	2002-09-22	"Sun"	"Evening"	"461"	4	6	1	11	"46"	"61"	10	7
"3814     Sat. Sep 21, 2002          7          9          1     "	3814	2002-09-21	"Sat"	"Midday"	"791"	7	9	1	17	"79"	"91"	16	10
"3813     Fri. Sep 20, 2002          6          5          0     "	3813	2002-09-20	"Fri"	"Evening"	"650"	6	5	0	11	"65"	"50"	11	5
"3812     Thu. Sep 19, 2002          3          6          6     "	3812	2002-09-19	"Thu"	"Midday"	"366"	3	6	6	15	"36"	"66"	9	12
"3811     Wed. Sep 18, 2002          0          2          8     "	3811	2002-09-18	"Wed"	"Evening"	"028"	0	2	8	10	"02"	"28"	2	10
"3810     Tue. Sep 17, 2002          4          8          0     "	3810	2002-09-17	"Tue"	"Midday"	"480"	4	8	0	12	"48"	"80"	12	8
"3809     Mon. Sep 16, 2002          3          0          1     "	3809	2002-09-16	"Mon"	"Evening"	"301"	3	0	1	4	"30"	"01"	3	1
"3808     Sun. Sep 15, 2002          2          7          9     "	3808	2002-09-15	"Sun"	"Midday"	"279"	2	7	9	18	"27"	"79"	9	16
"3807     Sat. Sep 14, 2002          8          7          2     "	3807	2002-09-14	"Sat"	"Evening"	"872"	8	7	2	17	"87"	"72"	15	9
"3806     Fri. Sep 13, 2002          7          5          8     "	3806	2002-09-13	"Fri"	"Midday"	"758"	7	5	8	20	"75"	"58"	12	13
"3805     Thu. Sep 12, 2002          6          8          4     "	3805	2002-09-12	"Thu"	"Evening"	"684"	6	8	4	18	"68"	"84"	14	12
"3804     Wed. Sep 11, 2002          6          4          2     "	3804	2002-09-11	"Wed"	"Midday"	"642"	6	4	2	12	"64"	"42"	10	6
"3803     Tue. Sep 10, 2002          9          6          1     "	3803	2002-09-10	"Tue"	"Evening"	"961"	9	6	1	16	"96"	"61"	15	7
"3802     Mon. Sep 09, 2002          7          5          3     "	3802	2002-09-09	"Mon"	"Midday"	"753"	7	5	3	15	"75"	"53"	12	8
"3801     Sun. Sep 08, 2002          7          7          7     "	3801	2002-09-08	"Sun"	"Evening"	"777"	7	7	7	21	"77"	"77"	14	14
"3800     Sat. Sep 07, 2002          1          9          5     "	3800	2002-09-07	"Sat"	"Midday"	"195"	1	9	5	15	"19"	"95"	10	14
"3799     Fri. Sep 06, 2002          3          2          6     "	3799	2002-09-06	"Fri"	"Evening"	"326"	3	2	6	11	"32"	"26"	5	8
"3798     Thu. Sep 05, 2002          0          8          8     "	3798	2002-09-05	"Thu"	"Midday"	"088"	0	8	8	16	"08"	"88"	8	16
"3797     Wed. Sep 04, 2002          6          6          5     "	3797	2002-09-04	"Wed"	"Evening"	"665"	6	6	5	17	"66"	"65"	12	11
"3796     Tue. Sep 03, 2002          2          4          3     "	3796	2002-09-03	"Tue"	"Midday"	"243"	2	4	3	9	"24"	"43"	6	7
"3795     Mon. Sep 02, 2002          9          0          1     "	3795	2002-09-02	"Mon"	"Evening"	"901"	9	0	1	10	"90"	"01"	9	1
"3794     Sun. Sep 01, 2002          4          8          4     "	3794	2002-09-01	"Sun"	"Midday"	"484"	4	8	4	16	"48"	"84"	12	12
"3793     Sat. Aug 31, 2002          7          3          9     "	3793	2002-08-31	"Sat"	"Evening"	"739"	7	3	9	19	"73"	"39"	10	12
"3792     Fri. Aug 30, 2002          4          0          0     "	3792	2002-08-30	"Fri"	"Midday"	"400"	4	0	0	4	"40"	"00"	4	0
"3791     Thu. Aug 29, 2002          8          4          9     "	3791	2002-08-29	"Thu"	"Evening"	"849"	8	4	9	21	"84"	"49"	12	13
"3790     Wed. Aug 28, 2002          2          5          9     "	3790	2002-08-28	"Wed"	"Midday"	"259"	2	5	9	16	"25"	"59"	7	14
"3789     Tue. Aug 27, 2002          1          8          7     "	3789	2002-08-27	"Tue"	"Evening"	"187"	1	8	7	16	"18"	"87"	9	15
"3788     Mon. Aug 26, 2002          5          2          5     "	3788	2002-08-26	"Mon"	"Midday"	"525"	5	2	5	12	"52"	"25"	7	7
"3787     Sun. Aug 25, 2002          6          9          9     "	3787	2002-08-25	"Sun"	"Evening"	"699"	6	9	9	24	"69"	"99"	15	18
"3786     Sat. Aug 24, 2002          4          7          3     "	3786	2002-08-24	"Sat"	"Midday"	"473"	4	7	3	14	"47"	"73"	11	10
"3785     Fri. Aug 23, 2002          6          7          3     "	3785	2002-08-23	"Fri"	"Evening"	"673"	6	7	3	16	"67"	"73"	13	10
"3784     Thu. Aug 22, 2002          6          9          7     "	3784	2002-08-22	"Thu"	"Midday"	"697"	6	9	7	22	"69"	"97"	15	16
"3783     Wed. Aug 21, 2002          0          7          8     "	3783	2002-08-21	"Wed"	"Evening"	"078"	0	7	8	15	"07"	"78"	7	15
"3782     Tue. Aug 20, 2002          6          6          2     "	3782	2002-08-20	"Tue"	"Midday"	"662"	6	6	2	14	"66"	"62"	12	8
"3781     Mon. Aug 19, 2002          8          3          6     "	3781	2002-08-19	"Mon"	"Evening"	"836"	8	3	6	17	"83"	"36"	11	9
"3780     Sun. Aug 18, 2002          4          0          7     "	3780	2002-08-18	"Sun"	"Midday"	"407"	4	0	7	11	"40"	"07"	4	7
"3779     Sat. Aug 17, 2002          0          4          9     "	3779	2002-08-17	"Sat"	"Evening"	"049"	0	4	9	13	"04"	"49"	4	13
"3778     Fri. Aug 16, 2002          1          8          1     "	3778	2002-08-16	"Fri"	"Midday"	"181"	1	8	1	10	"18"	"81"	9	9
"3777     Thu. Aug 15, 2002          6          8          7     "	3777	2002-08-15	"Thu"	"Evening"	"687"	6	8	7	21	"68"	"87"	14	15
"3776     Wed. Aug 14, 2002          5          1          4     "	3776	2002-08-14	"Wed"	"Midday"	"514"	5	1	4	10	"51"	"14"	6	5
"3775     Tue. Aug 13, 2002          1          5          8     "	3775	2002-08-13	"Tue"	"Evening"	"158"	1	5	8	14	"15"	"58"	6	13
"3774     Mon. Aug 12, 2002          9          8          4     "	3774	2002-08-12	"Mon"	"Midday"	"984"	9	8	4	21	"98"	"84"	17	12
"3773     Sun. Aug 11, 2002          9          0          8     "	3773	2002-08-11	"Sun"	"Evening"	"908"	9	0	8	17	"90"	"08"	9	8
"3772     Sat. Aug 10, 2002          0          9          6     "	3772	2002-08-10	"Sat"	"Midday"	"096"	0	9	6	15	"09"	"96"	9	15
"3771     Fri. Aug 09, 2002          7          6          3     "	3771	2002-08-09	"Fri"	"Evening"	"763"	7	6	3	16	"76"	"63"	13	9
"3770     Thu. Aug 08, 2002          1          5          8     "	3770	2002-08-08	"Thu"	"Midday"	"158"	1	5	8	14	"15"	"58"	6	13
"3769     Wed. Aug 07, 2002          4          3          7     "	3769	2002-08-07	"Wed"	"Evening"	"437"	4	3	7	14	"43"	"37"	7	10
"3768     Tue. Aug 06, 2002          9          8          9     "	3768	2002-08-06	"Tue"	"Midday"	"989"	9	8	9	26	"98"	"89"	17	17
"3767     Mon. Aug 05, 2002          9          1          0     "	3767	2002-08-05	"Mon"	"Evening"	"910"	9	1	0	10	"91"	"10"	10	1
"3766     Sun. Aug 04, 2002          4          5          2     "	3766	2002-08-04	"Sun"	"Midday"	"452"	4	5	2	11	"45"	"52"	9	7
"3765     Sat. Aug 03, 2002          4          8          8     "	3765	2002-08-03	"Sat"	"Evening"	"488"	4	8	8	20	"48"	"88"	12	16
"3764     Fri. Aug 02, 2002          0          8          3     "	3764	2002-08-02	"Fri"	"Midday"	"083"	0	8	3	11	"08"	"83"	8	11
"3763     Thu. Aug 01, 2002          0          5          3     "	3763	2002-08-01	"Thu"	"Evening"	"053"	0	5	3	8	"05"	"53"	5	8
"3762     Wed. Jul 31, 2002          7          2          8     "	3762	2002-07-31	"Wed"	"Midday"	"728"	7	2	8	17	"72"	"28"	9	10
"3761     Tue. Jul 30, 2002          1          0          9     "	3761	2002-07-30	"Tue"	"Evening"	"109"	1	0	9	10	"10"	"09"	1	9
"3760     Mon. Jul 29, 2002          4          1          0     "	3760	2002-07-29	"Mon"	"Midday"	"410"	4	1	0	5	"41"	"10"	5	1
"3759     Sun. Jul 28, 2002          2          2          1     "	3759	2002-07-28	"Sun"	"Evening"	"221"	2	2	1	5	"22"	"21"	4	3
"3758     Sat. Jul 27, 2002          0          2          5     "	3758	2002-07-27	"Sat"	"Midday"	"025"	0	2	5	7	"02"	"25"	2	7
"3757     Fri. Jul 26, 2002          7          1          4     "	3757	2002-07-26	"Fri"	"Evening"	"714"	7	1	4	12	"71"	"14"	8	5
"3756     Thu. Jul 25, 2002          0          1          2     "	3756	2002-07-25	"Thu"	"Midday"	"012"	0	1	2	3	"01"	"12"	1	3
"3755     Wed. Jul 24, 2002          8          5          3     "	3755	2002-07-24	"Wed"	"Evening"	"853"	8	5	3	16	"85"	"53"	13	8
"3754     Tue. Jul 23, 2002          6          9          1     "	3754	2002-07-23	"Tue"	"Midday"	"691"	6	9	1	16	"69"	"91"	15	10
"3753     Mon. Jul 22, 2002          9          0          9     "	3753	2002-07-22	"Mon"	"Evening"	"909"	9	0	9	18	"90"	"09"	9	9
"3752     Sun. Jul 21, 2002          8          9          7     "	3752	2002-07-21	"Sun"	"Midday"	"897"	8	9	7	24	"89"	"97"	17	16
"3751     Sat. Jul 20, 2002          3          0          8     "	3751	2002-07-20	"Sat"	"Evening"	"308"	3	0	8	11	"30"	"08"	3	8
"3750     Fri. Jul 19, 2002          5          8          8     "	3750	2002-07-19	"Fri"	"Midday"	"588"	5	8	8	21	"58"	"88"	13	16
"3749     Thu. Jul 18, 2002          2          6          3     "	3749	2002-07-18	"Thu"	"Evening"	"263"	2	6	3	11	"26"	"63"	8	9
"3748     Wed. Jul 17, 2002          6          4          6     "	3748	2002-07-17	"Wed"	"Midday"	"646"	6	4	6	16	"64"	"46"	10	10
"3747     Tue. Jul 16, 2002          5          0          9     "	3747	2002-07-16	"Tue"	"Evening"	"509"	5	0	9	14	"50"	"09"	5	9
"3746     Mon. Jul 15, 2002          2          4          3     "	3746	2002-07-15	"Mon"	"Midday"	"243"	2	4	3	9	"24"	"43"	6	7
"3745     Sun. Jul 14, 2002          1          5          7     "	3745	2002-07-14	"Sun"	"Evening"	"157"	1	5	7	13	"15"	"57"	6	12
"3744     Sat. Jul 13, 2002          3          5          3     "	3744	2002-07-13	"Sat"	"Midday"	"353"	3	5	3	11	"35"	"53"	8	8
"3743     Fri. Jul 12, 2002          1          1          1     "	3743	2002-07-12	"Fri"	"Evening"	"111"	1	1	1	3	"11"	"11"	2	2
"3742     Thu. Jul 11, 2002          7          5          3     "	3742	2002-07-11	"Thu"	"Midday"	"753"	7	5	3	15	"75"	"53"	12	8
"3741     Wed. Jul 10, 2002          7          3          0     "	3741	2002-07-10	"Wed"	"Evening"	"730"	7	3	0	10	"73"	"30"	10	3
"3740     Tue. Jul 09, 2002          4          9          4     "	3740	2002-07-09	"Tue"	"Midday"	"494"	4	9	4	17	"49"	"94"	13	13
"3739     Mon. Jul 08, 2002          3          0          3     "	3739	2002-07-08	"Mon"	"Evening"	"303"	3	0	3	6	"30"	"03"	3	3
"3738     Sun. Jul 07, 2002          5          0          7     "	3738	2002-07-07	"Sun"	"Midday"	"507"	5	0	7	12	"50"	"07"	5	7
"3737     Sat. Jul 06, 2002          9          7          0     "	3737	2002-07-06	"Sat"	"Evening"	"970"	9	7	0	16	"97"	"70"	16	7
"3736     Fri. Jul 05, 2002          7          1          6     "	3736	2002-07-05	"Fri"	"Midday"	"716"	7	1	6	14	"71"	"16"	8	7
"3735     Thu. Jul 04, 2002          8          8          4     "	3735	2002-07-04	"Thu"	"Evening"	"884"	8	8	4	20	"88"	"84"	16	12
"3734     Wed. Jul 03, 2002          2          0          6     "	3734	2002-07-03	"Wed"	"Midday"	"206"	2	0	6	8	"20"	"06"	2	6
"3733     Tue. Jul 02, 2002          7          7          4     "	3733	2002-07-02	"Tue"	"Evening"	"774"	7	7	4	18	"77"	"74"	14	11
"3732     Mon. Jul 01, 2002          4          7          1     "	3732	2002-07-01	"Mon"	"Midday"	"471"	4	7	1	12	"47"	"71"	11	8
"3731     Sun. Jun 30, 2002          6          1          9     "	3731	2002-06-30	"Sun"	"Evening"	"619"	6	1	9	16	"61"	"19"	7	10
"3730     Sat. Jun 29, 2002          5          8          3     "	3730	2002-06-29	"Sat"	"Midday"	"583"	5	8	3	16	"58"	"83"	13	11
"3729     Fri. Jun 28, 2002          8          0          5     "	3729	2002-06-28	"Fri"	"Evening"	"805"	8	0	5	13	"80"	"05"	8	5
"3728     Thu. Jun 27, 2002          9          4          8     "	3728	2002-06-27	"Thu"	"Midday"	"948"	9	4	8	21	"94"	"48"	13	12
"3727     Wed. Jun 26, 2002          9          9          5     "	3727	2002-06-26	"Wed"	"Evening"	"995"	9	9	5	23	"99"	"95"	18	14
"3726     Tue. Jun 25, 2002          2          7          9     "	3726	2002-06-25	"Tue"	"Midday"	"279"	2	7	9	18	"27"	"79"	9	16
"3725     Mon. Jun 24, 2002          1          4          3     "	3725	2002-06-24	"Mon"	"Evening"	"143"	1	4	3	8	"14"	"43"	5	7
"3724     Sun. Jun 23, 2002          4          0          8     "	3724	2002-06-23	"Sun"	"Midday"	"408"	4	0	8	12	"40"	"08"	4	8
"3723     Sat. Jun 22, 2002          5          7          7     "	3723	2002-06-22	"Sat"	"Evening"	"577"	5	7	7	19	"57"	"77"	12	14
"3722     Fri. Jun 21, 2002          9          4          2     "	3722	2002-06-21	"Fri"	"Midday"	"942"	9	4	2	15	"94"	"42"	13	6
"3721     Thu. Jun 20, 2002          6          6          7     "	3721	2002-06-20	"Thu"	"Evening"	"667"	6	6	7	19	"66"	"67"	12	13
"3720     Wed. Jun 19, 2002          3          1          8     "	3720	2002-06-19	"Wed"	"Midday"	"318"	3	1	8	12	"31"	"18"	4	9
"3719     Tue. Jun 18, 2002          5          8          3     "	3719	2002-06-18	"Tue"	"Evening"	"583"	5	8	3	16	"58"	"83"	13	11
"3718     Mon. Jun 17, 2002          9          9          1     "	3718	2002-06-17	"Mon"	"Midday"	"991"	9	9	1	19	"99"	"91"	18	10
"3717     Sun. Jun 16, 2002          7          3          4     "	3717	2002-06-16	"Sun"	"Evening"	"734"	7	3	4	14	"73"	"34"	10	7
"3716     Sat. Jun 15, 2002          1          0          9     "	3716	2002-06-15	"Sat"	"Midday"	"109"	1	0	9	10	"10"	"09"	1	9
"3715     Fri. Jun 14, 2002          8          7          5     "	3715	2002-06-14	"Fri"	"Evening"	"875"	8	7	5	20	"87"	"75"	15	12
"3714     Thu. Jun 13, 2002          3          3          8     "	3714	2002-06-13	"Thu"	"Midday"	"338"	3	3	8	14	"33"	"38"	6	11
"3713     Wed. Jun 12, 2002          8          6          7     "	3713	2002-06-12	"Wed"	"Evening"	"867"	8	6	7	21	"86"	"67"	14	13
"3712     Tue. Jun 11, 2002          0          6          2     "	3712	2002-06-11	"Tue"	"Midday"	"062"	0	6	2	8	"06"	"62"	6	8
"3711     Mon. Jun 10, 2002          8          1          9     "	3711	2002-06-10	"Mon"	"Evening"	"819"	8	1	9	18	"81"	"19"	9	10
"3710     Sun. Jun 09, 2002          1          0          7     "	3710	2002-06-09	"Sun"	"Midday"	"107"	1	0	7	8	"10"	"07"	1	7
"3709     Sat. Jun 08, 2002          6          8          9     "	3709	2002-06-08	"Sat"	"Evening"	"689"	6	8	9	23	"68"	"89"	14	17
"3708     Fri. Jun 07, 2002          8          7          6     "	3708	2002-06-07	"Fri"	"Midday"	"876"	8	7	6	21	"87"	"76"	15	13
"3707     Thu. Jun 06, 2002          3          2          3     "	3707	2002-06-06	"Thu"	"Evening"	"323"	3	2	3	8	"32"	"23"	5	5
"3706     Wed. Jun 05, 2002          0          2          8     "	3706	2002-06-05	"Wed"	"Midday"	"028"	0	2	8	10	"02"	"28"	2	10
"3705     Tue. Jun 04, 2002          5          5          1     "	3705	2002-06-04	"Tue"	"Evening"	"551"	5	5	1	11	"55"	"51"	10	6
"3704     Mon. Jun 03, 2002          9          1          7     "	3704	2002-06-03	"Mon"	"Midday"	"917"	9	1	7	17	"91"	"17"	10	8
"3703     Sun. Jun 02, 2002          6          7          0     "	3703	2002-06-02	"Sun"	"Evening"	"670"	6	7	0	13	"67"	"70"	13	7
"3702     Sat. Jun 01, 2002          5          8          2     "	3702	2002-06-01	"Sat"	"Midday"	"582"	5	8	2	15	"58"	"82"	13	10
"3701     Fri. May 31, 2002          4          9          0     "	3701	2002-05-31	"Fri"	"Evening"	"490"	4	9	0	13	"49"	"90"	13	9
"3700     Thu. May 30, 2002          4          2          7     "	3700	2002-05-30	"Thu"	"Midday"	"427"	4	2	7	13	"42"	"27"	6	9
"3699     Wed. May 29, 2002          6          4          7     "	3699	2002-05-29	"Wed"	"Evening"	"647"	6	4	7	17	"64"	"47"	10	11
"3698     Tue. May 28, 2002          5          7          2     "	3698	2002-05-28	"Tue"	"Midday"	"572"	5	7	2	14	"57"	"72"	12	9
"3697     Mon. May 27, 2002          1          7          7     "	3697	2002-05-27	"Mon"	"Evening"	"177"	1	7	7	15	"17"	"77"	8	14
"3696     Sun. May 26, 2002          8          4          1     "	3696	2002-05-26	"Sun"	"Midday"	"841"	8	4	1	13	"84"	"41"	12	5
"3695     Sat. May 25, 2002          9          3          5     "	3695	2002-05-25	"Sat"	"Evening"	"935"	9	3	5	17	"93"	"35"	12	8
"3694     Fri. May 24, 2002          5          8          2     "	3694	2002-05-24	"Fri"	"Midday"	"582"	5	8	2	15	"58"	"82"	13	10
"3693     Thu. May 23, 2002          8          4          1     "	3693	2002-05-23	"Thu"	"Evening"	"841"	8	4	1	13	"84"	"41"	12	5
"3692     Wed. May 22, 2002          5          0          9     "	3692	2002-05-22	"Wed"	"Midday"	"509"	5	0	9	14	"50"	"09"	5	9
"3691     Tue. May 21, 2002          3          9          4     "	3691	2002-05-21	"Tue"	"Evening"	"394"	3	9	4	16	"39"	"94"	12	13
"3690     Mon. May 20, 2002          5          4          3     "	3690	2002-05-20	"Mon"	"Midday"	"543"	5	4	3	12	"54"	"43"	9	7
"3689     Sun. May 19, 2002          9          4          8     "	3689	2002-05-19	"Sun"	"Evening"	"948"	9	4	8	21	"94"	"48"	13	12
"3688     Sat. May 18, 2002          1          4          3     "	3688	2002-05-18	"Sat"	"Midday"	"143"	1	4	3	8	"14"	"43"	5	7
"3687     Fri. May 17, 2002          2          8          3     "	3687	2002-05-17	"Fri"	"Evening"	"283"	2	8	3	13	"28"	"83"	10	11
"3686     Thu. May 16, 2002          6          1          0     "	3686	2002-05-16	"Thu"	"Midday"	"610"	6	1	0	7	"61"	"10"	7	1
"3685     Wed. May 15, 2002          2          7          5     "	3685	2002-05-15	"Wed"	"Evening"	"275"	2	7	5	14	"27"	"75"	9	12
"3684     Tue. May 14, 2002          4          3          3     "	3684	2002-05-14	"Tue"	"Midday"	"433"	4	3	3	10	"43"	"33"	7	6
"3683     Mon. May 13, 2002          6          0          8     "	3683	2002-05-13	"Mon"	"Evening"	"608"	6	0	8	14	"60"	"08"	6	8
"3682     Sun. May 12, 2002          5          7          2     "	3682	2002-05-12	"Sun"	"Midday"	"572"	5	7	2	14	"57"	"72"	12	9
"3681     Sat. May 11, 2002          8          1          4     "	3681	2002-05-11	"Sat"	"Evening"	"814"	8	1	4	13	"81"	"14"	9	5
"3680     Fri. May 10, 2002          1          5          0     "	3680	2002-05-10	"Fri"	"Midday"	"150"	1	5	0	6	"15"	"50"	6	5
"3679     Thu. May 09, 2002          0          8          4     "	3679	2002-05-09	"Thu"	"Evening"	"084"	0	8	4	12	"08"	"84"	8	12
"3678     Wed. May 08, 2002          1          2          8     "	3678	2002-05-08	"Wed"	"Midday"	"128"	1	2	8	11	"12"	"28"	3	10
"3677     Tue. May 07, 2002          2          9          3     "	3677	2002-05-07	"Tue"	"Evening"	"293"	2	9	3	14	"29"	"93"	11	12
"3676     Mon. May 06, 2002          6          3          7     "	3676	2002-05-06	"Mon"	"Midday"	"637"	6	3	7	16	"63"	"37"	9	10
"3675     Sun. May 05, 2002          9          8          1     "	3675	2002-05-05	"Sun"	"Evening"	"981"	9	8	1	18	"98"	"81"	17	9
"3674     Sat. May 04, 2002          4          5          6     "	3674	2002-05-04	"Sat"	"Midday"	"456"	4	5	6	15	"45"	"56"	9	11
"3673     Fri. May 03, 2002          9          3          1     "	3673	2002-05-03	"Fri"	"Evening"	"931"	9	3	1	13	"93"	"31"	12	4
"3672     Thu. May 02, 2002          7          7          4     "	3672	2002-05-02	"Thu"	"Midday"	"774"	7	7	4	18	"77"	"74"	14	11
"3671     Wed. May 01, 2002          5          5          9     "	3671	2002-05-01	"Wed"	"Evening"	"559"	5	5	9	19	"55"	"59"	10	14
"3670     Tue. Apr 30, 2002          3          1          6     "	3670	2002-04-30	"Tue"	"Midday"	"316"	3	1	6	10	"31"	"16"	4	7
"3669     Mon. Apr 29, 2002          1          9          7     "	3669	2002-04-29	"Mon"	"Evening"	"197"	1	9	7	17	"19"	"97"	10	16
"3668     Sun. Apr 28, 2002          4          0          6     "	3668	2002-04-28	"Sun"	"Midday"	"406"	4	0	6	10	"40"	"06"	4	6
"3667     Sat. Apr 27, 2002          6          5          8     "	3667	2002-04-27	"Sat"	"Evening"	"658"	6	5	8	19	"65"	"58"	11	13
"3666     Fri. Apr 26, 2002          3          5          1     "	3666	2002-04-26	"Fri"	"Midday"	"351"	3	5	1	9	"35"	"51"	8	6
"3665     Thu. Apr 25, 2002          5          5          3     "	3665	2002-04-25	"Thu"	"Evening"	"553"	5	5	3	13	"55"	"53"	10	8
"3664     Wed. Apr 24, 2002          0          9          2     "	3664	2002-04-24	"Wed"	"Midday"	"092"	0	9	2	11	"09"	"92"	9	11
"3663     Tue. Apr 23, 2002          0          6          4     "	3663	2002-04-23	"Tue"	"Evening"	"064"	0	6	4	10	"06"	"64"	6	10
"3662     Mon. Apr 22, 2002          2          3          4     "	3662	2002-04-22	"Mon"	"Midday"	"234"	2	3	4	9	"23"	"34"	5	7
"3661     Sun. Apr 21, 2002          8          7          3     "	3661	2002-04-21	"Sun"	"Evening"	"873"	8	7	3	18	"87"	"73"	15	10
"3660     Sat. Apr 20, 2002          1          7          1     "	3660	2002-04-20	"Sat"	"Midday"	"171"	1	7	1	9	"17"	"71"	8	8
"3659     Fri. Apr 19, 2002          5          0          1     "	3659	2002-04-19	"Fri"	"Evening"	"501"	5	0	1	6	"50"	"01"	5	1
"3658     Thu. Apr 18, 2002          4          3          6     "	3658	2002-04-18	"Thu"	"Midday"	"436"	4	3	6	13	"43"	"36"	7	9
"3657     Wed. Apr 17, 2002          0          3          2     "	3657	2002-04-17	"Wed"	"Evening"	"032"	0	3	2	5	"03"	"32"	3	5
"3656     Tue. Apr 16, 2002          1          1          2     "	3656	2002-04-16	"Tue"	"Midday"	"112"	1	1	2	4	"11"	"12"	2	3
"3655     Mon. Apr 15, 2002          6          2          2     "	3655	2002-04-15	"Mon"	"Evening"	"622"	6	2	2	10	"62"	"22"	8	4
"3654     Sun. Apr 14, 2002          7          8          5     "	3654	2002-04-14	"Sun"	"Midday"	"785"	7	8	5	20	"78"	"85"	15	13
"3653     Sat. Apr 13, 2002          7          1          7     "	3653	2002-04-13	"Sat"	"Evening"	"717"	7	1	7	15	"71"	"17"	8	8
"3652     Fri. Apr 12, 2002          8          0          4     "	3652	2002-04-12	"Fri"	"Midday"	"804"	8	0	4	12	"80"	"04"	8	4
"3651     Thu. Apr 11, 2002          5          5          8     "	3651	2002-04-11	"Thu"	"Evening"	"558"	5	5	8	18	"55"	"58"	10	13
"3650     Wed. Apr 10, 2002          0          4          9     "	3650	2002-04-10	"Wed"	"Midday"	"049"	0	4	9	13	"04"	"49"	4	13
"3649     Tue. Apr 09, 2002          9          5          0     "	3649	2002-04-09	"Tue"	"Evening"	"950"	9	5	0	14	"95"	"50"	14	5
"3648     Mon. Apr 08, 2002          2          2          5     "	3648	2002-04-08	"Mon"	"Midday"	"225"	2	2	5	9	"22"	"25"	4	7
"3647     Sun. Apr 07, 2002          7          5          5     "	3647	2002-04-07	"Sun"	"Evening"	"755"	7	5	5	17	"75"	"55"	12	10
"3646     Sat. Apr 06, 2002          4          6          9     "	3646	2002-04-06	"Sat"	"Midday"	"469"	4	6	9	19	"46"	"69"	10	15
"3645     Fri. Apr 05, 2002          8          6          3     "	3645	2002-04-05	"Fri"	"Evening"	"863"	8	6	3	17	"86"	"63"	14	9
"3644     Thu. Apr 04, 2002          1          7          2     "	3644	2002-04-04	"Thu"	"Midday"	"172"	1	7	2	10	"17"	"72"	8	9
"3643     Wed. Apr 03, 2002          3          5          3     "	3643	2002-04-03	"Wed"	"Evening"	"353"	3	5	3	11	"35"	"53"	8	8
"3642     Tue. Apr 02, 2002          3          1          3     "	3642	2002-04-02	"Tue"	"Midday"	"313"	3	1	3	7	"31"	"13"	4	4
"3641     Mon. Apr 01, 2002          5          3          3     "	3641	2002-04-01	"Mon"	"Evening"	"533"	5	3	3	11	"53"	"33"	8	6
"3640     Sun. Mar 31, 2002          6          1          5     "	3640	2002-03-31	"Sun"	"Midday"	"615"	6	1	5	12	"61"	"15"	7	6
"3639     Sat. Mar 30, 2002          0          1          3     "	3639	2002-03-30	"Sat"	"Evening"	"013"	0	1	3	4	"01"	"13"	1	4
"3638     Fri. Mar 29, 2002          3          6          3     "	3638	2002-03-29	"Fri"	"Midday"	"363"	3	6	3	12	"36"	"63"	9	9
"3637     Thu. Mar 28, 2002          2          8          8     "	3637	2002-03-28	"Thu"	"Evening"	"288"	2	8	8	18	"28"	"88"	10	16
"3636     Wed. Mar 27, 2002          8          0          9     "	3636	2002-03-27	"Wed"	"Midday"	"809"	8	0	9	17	"80"	"09"	8	9
"3635     Tue. Mar 26, 2002          3          1          1     "	3635	2002-03-26	"Tue"	"Evening"	"311"	3	1	1	5	"31"	"11"	4	2
"3634     Mon. Mar 25, 2002          4          8          2     "	3634	2002-03-25	"Mon"	"Midday"	"482"	4	8	2	14	"48"	"82"	12	10
"3633     Sun. Mar 24, 2002          4          9          6     "	3633	2002-03-24	"Sun"	"Evening"	"496"	4	9	6	19	"49"	"96"	13	15
"3632     Sat. Mar 23, 2002          1          2          8     "	3632	2002-03-23	"Sat"	"Midday"	"128"	1	2	8	11	"12"	"28"	3	10
"3631     Fri. Mar 22, 2002          8          7          1     "	3631	2002-03-22	"Fri"	"Evening"	"871"	8	7	1	16	"87"	"71"	15	8
"3630     Thu. Mar 21, 2002          7          8          9     "	3630	2002-03-21	"Thu"	"Midday"	"789"	7	8	9	24	"78"	"89"	15	17
"3629     Wed. Mar 20, 2002          8          8          8     "	3629	2002-03-20	"Wed"	"Evening"	"888"	8	8	8	24	"88"	"88"	16	16
"3628     Tue. Mar 19, 2002          4          2          9     "	3628	2002-03-19	"Tue"	"Midday"	"429"	4	2	9	15	"42"	"29"	6	11
"3627     Mon. Mar 18, 2002          8          4          4     "	3627	2002-03-18	"Mon"	"Evening"	"844"	8	4	4	16	"84"	"44"	12	8
"3626     Sun. Mar 17, 2002          3          4          2     "	3626	2002-03-17	"Sun"	"Midday"	"342"	3	4	2	9	"34"	"42"	7	6
"3625     Sat. Mar 16, 2002          2          2          2     "	3625	2002-03-16	"Sat"	"Evening"	"222"	2	2	2	6	"22"	"22"	4	4
"3624     Fri. Mar 15, 2002          2          7          1     "	3624	2002-03-15	"Fri"	"Midday"	"271"	2	7	1	10	"27"	"71"	9	8
"3623     Thu. Mar 14, 2002          8          1          9     "	3623	2002-03-14	"Thu"	"Evening"	"819"	8	1	9	18	"81"	"19"	9	10
"3622     Wed. Mar 13, 2002          0          1          4     "	3622	2002-03-13	"Wed"	"Midday"	"014"	0	1	4	5	"01"	"14"	1	5
"3621     Tue. Mar 12, 2002          1          5          8     "	3621	2002-03-12	"Tue"	"Evening"	"158"	1	5	8	14	"15"	"58"	6	13
"3620     Mon. Mar 11, 2002          3          0          5     "	3620	2002-03-11	"Mon"	"Midday"	"305"	3	0	5	8	"30"	"05"	3	5
"3619     Sun. Mar 10, 2002          5          2          9     "	3619	2002-03-10	"Sun"	"Evening"	"529"	5	2	9	16	"52"	"29"	7	11
"3618     Sat. Mar 09, 2002          8          0          0     "	3618	2002-03-09	"Sat"	"Midday"	"800"	8	0	0	8	"80"	"00"	8	0
"3617     Fri. Mar 08, 2002          9          2          5     "	3617	2002-03-08	"Fri"	"Evening"	"925"	9	2	5	16	"92"	"25"	11	7
"3616     Thu. Mar 07, 2002          4          9          0     "	3616	2002-03-07	"Thu"	"Midday"	"490"	4	9	0	13	"49"	"90"	13	9
"3615     Wed. Mar 06, 2002          5          9          0     "	3615	2002-03-06	"Wed"	"Evening"	"590"	5	9	0	14	"59"	"90"	14	9
"3614     Tue. Mar 05, 2002          5          5          3     "	3614	2002-03-05	"Tue"	"Midday"	"553"	5	5	3	13	"55"	"53"	10	8
"3613     Mon. Mar 04, 2002          7          4          6     "	3613	2002-03-04	"Mon"	"Evening"	"746"	7	4	6	17	"74"	"46"	11	10
"3612     Sun. Mar 03, 2002          6          5          4     "	3612	2002-03-03	"Sun"	"Midday"	"654"	6	5	4	15	"65"	"54"	11	9
"3611     Sat. Mar 02, 2002          3          7          7     "	3611	2002-03-02	"Sat"	"Evening"	"377"	3	7	7	17	"37"	"77"	10	14
"3610     Fri. Mar 01, 2002          1          4          2     "	3610	2002-03-01	"Fri"	"Midday"	"142"	1	4	2	7	"14"	"42"	5	6
"3609     Thu. Feb 28, 2002          5          4          5     "	3609	2002-02-28	"Thu"	"Evening"	"545"	5	4	5	14	"54"	"45"	9	9
"3608     Wed. Feb 27, 2002          6          4          9     "	3608	2002-02-27	"Wed"	"Midday"	"649"	6	4	9	19	"64"	"49"	10	13
"3607     Tue. Feb 26, 2002          9          1          2     "	3607	2002-02-26	"Tue"	"Evening"	"912"	9	1	2	12	"91"	"12"	10	3
"3606     Mon. Feb 25, 2002          9          2          6     "	3606	2002-02-25	"Mon"	"Midday"	"926"	9	2	6	17	"92"	"26"	11	8
"3605     Sun. Feb 24, 2002          6          8          9     "	3605	2002-02-24	"Sun"	"Evening"	"689"	6	8	9	23	"68"	"89"	14	17
"3604     Sat. Feb 23, 2002          3          6          5     "	3604	2002-02-23	"Sat"	"Midday"	"365"	3	6	5	14	"36"	"65"	9	11
"3603     Fri. Feb 22, 2002          8          3          4     "	3603	2002-02-22	"Fri"	"Evening"	"834"	8	3	4	15	"83"	"34"	11	7
"3602     Thu. Feb 21, 2002          0          8          9     "	3602	2002-02-21	"Thu"	"Midday"	"089"	0	8	9	17	"08"	"89"	8	17
"3601     Wed. Feb 20, 2002          4          4          0     "	3601	2002-02-20	"Wed"	"Evening"	"440"	4	4	0	8	"44"	"40"	8	4
"3600     Tue. Feb 19, 2002          3          5          9     "	3600	2002-02-19	"Tue"	"Midday"	"359"	3	5	9	17	"35"	"59"	8	14
"3599     Mon. Feb 18, 2002          4          8          4     "	3599	2002-02-18	"Mon"	"Evening"	"484"	4	8	4	16	"48"	"84"	12	12
"3598     Sun. Feb 17, 2002          3          5          6     "	3598	2002-02-17	"Sun"	"Midday"	"356"	3	5	6	14	"35"	"56"	8	11
"3597     Sat. Feb 16, 2002          6          2          0     "	3597	2002-02-16	"Sat"	"Evening"	"620"	6	2	0	8	"62"	"20"	8	2
"3596     Fri. Feb 15, 2002          1          6          9     "	3596	2002-02-15	"Fri"	"Midday"	"169"	1	6	9	16	"16"	"69"	7	15
"3595     Thu. Feb 14, 2002          8          1          0     "	3595	2002-02-14	"Thu"	"Evening"	"810"	8	1	0	9	"81"	"10"	9	1
"3594     Wed. Feb 13, 2002          9          6          4     "	3594	2002-02-13	"Wed"	"Midday"	"964"	9	6	4	19	"96"	"64"	15	10
"3593     Tue. Feb 12, 2002          4          3          3     "	3593	2002-02-12	"Tue"	"Evening"	"433"	4	3	3	10	"43"	"33"	7	6
"3592     Mon. Feb 11, 2002          6          8          7     "	3592	2002-02-11	"Mon"	"Midday"	"687"	6	8	7	21	"68"	"87"	14	15
"3591     Sun. Feb 10, 2002          1          4          9     "	3591	2002-02-10	"Sun"	"Evening"	"149"	1	4	9	14	"14"	"49"	5	13
"3590     Sat. Feb 09, 2002          7          5          2     "	3590	2002-02-09	"Sat"	"Midday"	"752"	7	5	2	14	"75"	"52"	12	7
"3589     Fri. Feb 08, 2002          9          8          8     "	3589	2002-02-08	"Fri"	"Evening"	"988"	9	8	8	25	"98"	"88"	17	16
"3588     Thu. Feb 07, 2002          7          3          3     "	3588	2002-02-07	"Thu"	"Midday"	"733"	7	3	3	13	"73"	"33"	10	6
"3587     Wed. Feb 06, 2002          7          0          2     "	3587	2002-02-06	"Wed"	"Evening"	"702"	7	0	2	9	"70"	"02"	7	2
"3586     Tue. Feb 05, 2002          8          4          1     "	3586	2002-02-05	"Tue"	"Midday"	"841"	8	4	1	13	"84"	"41"	12	5
"3585     Mon. Feb 04, 2002          4          4          2     "	3585	2002-02-04	"Mon"	"Evening"	"442"	4	4	2	10	"44"	"42"	8	6
"3584     Sun. Feb 03, 2002          3          1          3     "	3584	2002-02-03	"Sun"	"Midday"	"313"	3	1	3	7	"31"	"13"	4	4
"3583     Sat. Feb 02, 2002          0          9          2     "	3583	2002-02-02	"Sat"	"Evening"	"092"	0	9	2	11	"09"	"92"	9	11
"3582     Fri. Feb 01, 2002          8          4          5     "	3582	2002-02-01	"Fri"	"Midday"	"845"	8	4	5	17	"84"	"45"	12	9
"3581     Thu. Jan 31, 2002          0          7          3     "	3581	2002-01-31	"Thu"	"Evening"	"073"	0	7	3	10	"07"	"73"	7	10
"3580     Wed. Jan 30, 2002          4          2          0     "	3580	2002-01-30	"Wed"	"Midday"	"420"	4	2	0	6	"42"	"20"	6	2
"3579     Tue. Jan 29, 2002          2          9          7     "	3579	2002-01-29	"Tue"	"Evening"	"297"	2	9	7	18	"29"	"97"	11	16
"3578     Mon. Jan 28, 2002          7          4          5     "	3578	2002-01-28	"Mon"	"Midday"	"745"	7	4	5	16	"74"	"45"	11	9
"3577     Sun. Jan 27, 2002          2          1          7     "	3577	2002-01-27	"Sun"	"Evening"	"217"	2	1	7	10	"21"	"17"	3	8
"3576     Sat. Jan 26, 2002          3          4          1     "	3576	2002-01-26	"Sat"	"Midday"	"341"	3	4	1	8	"34"	"41"	7	5
"3575     Fri. Jan 25, 2002          1          6          3     "	3575	2002-01-25	"Fri"	"Evening"	"163"	1	6	3	10	"16"	"63"	7	9
"3574     Thu. Jan 24, 2002          9          8          5     "	3574	2002-01-24	"Thu"	"Midday"	"985"	9	8	5	22	"98"	"85"	17	13
"3573     Wed. Jan 23, 2002          2          8          1     "	3573	2002-01-23	"Wed"	"Evening"	"281"	2	8	1	11	"28"	"81"	10	9
"3572     Tue. Jan 22, 2002          3          1          9     "	3572	2002-01-22	"Tue"	"Midday"	"319"	3	1	9	13	"31"	"19"	4	10
"3571     Mon. Jan 21, 2002          8          9          9     "	3571	2002-01-21	"Mon"	"Evening"	"899"	8	9	9	26	"89"	"99"	17	18
"3570     Sun. Jan 20, 2002          2          9          8     "	3570	2002-01-20	"Sun"	"Midday"	"298"	2	9	8	19	"29"	"98"	11	17
"3569     Sat. Jan 19, 2002          3          6          4     "	3569	2002-01-19	"Sat"	"Evening"	"364"	3	6	4	13	"36"	"64"	9	10
"3568     Fri. Jan 18, 2002          8          0          7     "	3568	2002-01-18	"Fri"	"Midday"	"807"	8	0	7	15	"80"	"07"	8	7
"3567     Thu. Jan 17, 2002          2          8          6     "	3567	2002-01-17	"Thu"	"Evening"	"286"	2	8	6	16	"28"	"86"	10	14
"3566     Wed. Jan 16, 2002          7          9          6     "	3566	2002-01-16	"Wed"	"Midday"	"796"	7	9	6	22	"79"	"96"	16	15
"3565     Tue. Jan 15, 2002          0          7          8     "	3565	2002-01-15	"Tue"	"Evening"	"078"	0	7	8	15	"07"	"78"	7	15
"3564     Mon. Jan 14, 2002          2          4          8     "	3564	2002-01-14	"Mon"	"Midday"	"248"	2	4	8	14	"24"	"48"	6	12
"3563     Sun. Jan 13, 2002          8          7          6     "	3563	2002-01-13	"Sun"	"Evening"	"876"	8	7	6	21	"87"	"76"	15	13
"3562     Sat. Jan 12, 2002          8          3          1     "	3562	2002-01-12	"Sat"	"Midday"	"831"	8	3	1	12	"83"	"31"	11	4
"3561     Fri. Jan 11, 2002          1          6          7     "	3561	2002-01-11	"Fri"	"Evening"	"167"	1	6	7	14	"16"	"67"	7	13
"3560     Thu. Jan 10, 2002          4          6          4     "	3560	2002-01-10	"Thu"	"Midday"	"464"	4	6	4	14	"46"	"64"	10	10
"3559     Wed. Jan 09, 2002          1          0          6     "	3559	2002-01-09	"Wed"	"Evening"	"106"	1	0	6	7	"10"	"06"	1	6
"3558     Tue. Jan 08, 2002          3          8          5     "	3558	2002-01-08	"Tue"	"Midday"	"385"	3	8	5	16	"38"	"85"	11	13
"3557     Mon. Jan 07, 2002          3          3          1     "	3557	2002-01-07	"Mon"	"Evening"	"331"	3	3	1	7	"33"	"31"	6	4
"3556     Sun. Jan 06, 2002          2          6          3     "	3556	2002-01-06	"Sun"	"Midday"	"263"	2	6	3	11	"26"	"63"	8	9
"3555     Sat. Jan 05, 2002          7          8          7     "	3555	2002-01-05	"Sat"	"Evening"	"787"	7	8	7	22	"78"	"87"	15	15
"3554     Fri. Jan 04, 2002          9          4          5     "	3554	2002-01-04	"Fri"	"Midday"	"945"	9	4	5	18	"94"	"45"	13	9
"3553     Thu. Jan 03, 2002          4          5          2     "	3553	2002-01-03	"Thu"	"Evening"	"452"	4	5	2	11	"45"	"52"	9	7
"3552     Wed. Jan 02, 2002          2          2          7     "	3552	2002-01-02	"Wed"	"Midday"	"227"	2	2	7	11	"22"	"27"	4	9
"3551     Tue. Jan 01, 2002          6          9          5     "	3551	2002-01-01	"Tue"	"Evening"	"695"	6	9	5	20	"69"	"95"	15	14
"3550     Mon. Dec 31, 2001          3          7          1     "	3550	2001-12-31	"Mon"	"Midday"	"371"	3	7	1	11	"37"	"71"	10	8
"3549     Sun. Dec 30, 2001          2          0          7     "	3549	2001-12-30	"Sun"	"Evening"	"207"	2	0	7	9	"20"	"07"	2	7
"3548     Sat. Dec 29, 2001          2          7          5     "	3548	2001-12-29	"Sat"	"Midday"	"275"	2	7	5	14	"27"	"75"	9	12
"3547     Fri. Dec 28, 2001          2          9          6     "	3547	2001-12-28	"Fri"	"Evening"	"296"	2	9	6	17	"29"	"96"	11	15
"3546     Thu. Dec 27, 2001          7          1          5     "	3546	2001-12-27	"Thu"	"Midday"	"715"	7	1	5	13	"71"	"15"	8	6
"3545     Wed. Dec 26, 2001          1          7          9     "	3545	2001-12-26	"Wed"	"Evening"	"179"	1	7	9	17	"17"	"79"	8	16
"3544     Tue. Dec 25, 2001          3          7          9     "	3544	2001-12-25	"Tue"	"Midday"	"379"	3	7	9	19	"37"	"79"	10	16
"3543     Mon. Dec 24, 2001          9          2          6     "	3543	2001-12-24	"Mon"	"Evening"	"926"	9	2	6	17	"92"	"26"	11	8
"3542     Sun. Dec 23, 2001          4          8          8     "	3542	2001-12-23	"Sun"	"Midday"	"488"	4	8	8	20	"48"	"88"	12	16
"3541     Sat. Dec 22, 2001          2          3          3     "	3541	2001-12-22	"Sat"	"Evening"	"233"	2	3	3	8	"23"	"33"	5	6
"3540     Fri. Dec 21, 2001          6          1          7     "	3540	2001-12-21	"Fri"	"Midday"	"617"	6	1	7	14	"61"	"17"	7	8
"3539     Thu. Dec 20, 2001          6          9          5     "	3539	2001-12-20	"Thu"	"Evening"	"695"	6	9	5	20	"69"	"95"	15	14
"3538     Wed. Dec 19, 2001          7          9          0     "	3538	2001-12-19	"Wed"	"Midday"	"790"	7	9	0	16	"79"	"90"	16	9
"3537     Tue. Dec 18, 2001          9          3          6     "	3537	2001-12-18	"Tue"	"Evening"	"936"	9	3	6	18	"93"	"36"	12	9
"3536     Mon. Dec 17, 2001          6          1          8     "	3536	2001-12-17	"Mon"	"Midday"	"618"	6	1	8	15	"61"	"18"	7	9
"3535     Sun. Dec 16, 2001          8          5          7     "	3535	2001-12-16	"Sun"	"Evening"	"857"	8	5	7	20	"85"	"57"	13	12
"3534     Sat. Dec 15, 2001          6          4          1     "	3534	2001-12-15	"Sat"	"Midday"	"641"	6	4	1	11	"64"	"41"	10	5
"3533     Fri. Dec 14, 2001          7          4          2     "	3533	2001-12-14	"Fri"	"Evening"	"742"	7	4	2	13	"74"	"42"	11	6
"3532     Thu. Dec 13, 2001          2          7          9     "	3532	2001-12-13	"Thu"	"Midday"	"279"	2	7	9	18	"27"	"79"	9	16
"3531     Wed. Dec 12, 2001          6          5          6     "	3531	2001-12-12	"Wed"	"Evening"	"656"	6	5	6	17	"65"	"56"	11	11
"3530     Tue. Dec 11, 2001          9          9          7     "	3530	2001-12-11	"Tue"	"Midday"	"997"	9	9	7	25	"99"	"97"	18	16
"3529     Mon. Dec 10, 2001          4          4          0     "	3529	2001-12-10	"Mon"	"Evening"	"440"	4	4	0	8	"44"	"40"	8	4
"3528     Sun. Dec 09, 2001          2          9          0     "	3528	2001-12-09	"Sun"	"Midday"	"290"	2	9	0	11	"29"	"90"	11	9
"3527     Sat. Dec 08, 2001          6          2          3     "	3527	2001-12-08	"Sat"	"Evening"	"623"	6	2	3	11	"62"	"23"	8	5
"3526     Fri. Dec 07, 2001          7          3          9     "	3526	2001-12-07	"Fri"	"Midday"	"739"	7	3	9	19	"73"	"39"	10	12
"3525     Thu. Dec 06, 2001          0          8          4     "	3525	2001-12-06	"Thu"	"Evening"	"084"	0	8	4	12	"08"	"84"	8	12
"3524     Wed. Dec 05, 2001          7          3          2     "	3524	2001-12-05	"Wed"	"Midday"	"732"	7	3	2	12	"73"	"32"	10	5
"3523     Tue. Dec 04, 2001          9          0          1     "	3523	2001-12-04	"Tue"	"Evening"	"901"	9	0	1	10	"90"	"01"	9	1
"3522     Mon. Dec 03, 2001          9          3          0     "	3522	2001-12-03	"Mon"	"Midday"	"930"	9	3	0	12	"93"	"30"	12	3
"3521     Sun. Dec 02, 2001          8          8          4     "	3521	2001-12-02	"Sun"	"Evening"	"884"	8	8	4	20	"88"	"84"	16	12
"3520     Sat. Dec 01, 2001          0          2          3     "	3520	2001-12-01	"Sat"	"Midday"	"023"	0	2	3	5	"02"	"23"	2	5
"3519     Fri. Nov 30, 2001          0          0          6     "	3519	2001-11-30	"Fri"	"Evening"	"006"	0	0	6	6	"00"	"06"	0	6
"3518     Thu. Nov 29, 2001          8          7          7     "	3518	2001-11-29	"Thu"	"Midday"	"877"	8	7	7	22	"87"	"77"	15	14
"3517     Wed. Nov 28, 2001          5          0          0     "	3517	2001-11-28	"Wed"	"Evening"	"500"	5	0	0	5	"50"	"00"	5	0
"3516     Tue. Nov 27, 2001          3          1          0     "	3516	2001-11-27	"Tue"	"Midday"	"310"	3	1	0	4	"31"	"10"	4	1
"3515     Mon. Nov 26, 2001          2          8          4     "	3515	2001-11-26	"Mon"	"Evening"	"284"	2	8	4	14	"28"	"84"	10	12
"3514     Sun. Nov 25, 2001          9          9          1     "	3514	2001-11-25	"Sun"	"Midday"	"991"	9	9	1	19	"99"	"91"	18	10
"3513     Sat. Nov 24, 2001          7          6          1     "	3513	2001-11-24	"Sat"	"Evening"	"761"	7	6	1	14	"76"	"61"	13	7
"3512     Fri. Nov 23, 2001          9          8          2     "	3512	2001-11-23	"Fri"	"Midday"	"982"	9	8	2	19	"98"	"82"	17	10
"3511     Thu. Nov 22, 2001          0          7          4     "	3511	2001-11-22	"Thu"	"Evening"	"074"	0	7	4	11	"07"	"74"	7	11
"3510     Wed. Nov 21, 2001          7          7          2     "	3510	2001-11-21	"Wed"	"Midday"	"772"	7	7	2	16	"77"	"72"	14	9
"3509     Tue. Nov 20, 2001          8          0          2     "	3509	2001-11-20	"Tue"	"Evening"	"802"	8	0	2	10	"80"	"02"	8	2
"3508     Mon. Nov 19, 2001          1          8          6     "	3508	2001-11-19	"Mon"	"Midday"	"186"	1	8	6	15	"18"	"86"	9	14
"3507     Sun. Nov 18, 2001          8          5          3     "	3507	2001-11-18	"Sun"	"Evening"	"853"	8	5	3	16	"85"	"53"	13	8
"3506     Sat. Nov 17, 2001          7          5          7     "	3506	2001-11-17	"Sat"	"Midday"	"757"	7	5	7	19	"75"	"57"	12	12
"3505     Fri. Nov 16, 2001          6          1          0     "	3505	2001-11-16	"Fri"	"Evening"	"610"	6	1	0	7	"61"	"10"	7	1
"3504     Thu. Nov 15, 2001          9          9          7     "	3504	2001-11-15	"Thu"	"Midday"	"997"	9	9	7	25	"99"	"97"	18	16
"3503     Wed. Nov 14, 2001          1          0          8     "	3503	2001-11-14	"Wed"	"Evening"	"108"	1	0	8	9	"10"	"08"	1	8
"3502     Tue. Nov 13, 2001          3          9          5     "	3502	2001-11-13	"Tue"	"Midday"	"395"	3	9	5	17	"39"	"95"	12	14
"3501     Mon. Nov 12, 2001          7          4          6     "	3501	2001-11-12	"Mon"	"Evening"	"746"	7	4	6	17	"74"	"46"	11	10
"3500     Sun. Nov 11, 2001          5          2          2     "	3500	2001-11-11	"Sun"	"Midday"	"522"	5	2	2	9	"52"	"22"	7	4
"3499     Sat. Nov 10, 2001          7          6          7     "	3499	2001-11-10	"Sat"	"Evening"	"767"	7	6	7	20	"76"	"67"	13	13
"3498     Fri. Nov 09, 2001          5          9          5     "	3498	2001-11-09	"Fri"	"Midday"	"595"	5	9	5	19	"59"	"95"	14	14
"3497     Thu. Nov 08, 2001          0          9          2     "	3497	2001-11-08	"Thu"	"Evening"	"092"	0	9	2	11	"09"	"92"	9	11
"3496     Wed. Nov 07, 2001          5          7          3     "	3496	2001-11-07	"Wed"	"Midday"	"573"	5	7	3	15	"57"	"73"	12	10
"3495     Tue. Nov 06, 2001          7          9          8     "	3495	2001-11-06	"Tue"	"Evening"	"798"	7	9	8	24	"79"	"98"	16	17
"3494     Mon. Nov 05, 2001          1          6          5     "	3494	2001-11-05	"Mon"	"Midday"	"165"	1	6	5	12	"16"	"65"	7	11
"3493     Sun. Nov 04, 2001          5          3          0     "	3493	2001-11-04	"Sun"	"Evening"	"530"	5	3	0	8	"53"	"30"	8	3
"3492     Sat. Nov 03, 2001          3          7          5     "	3492	2001-11-03	"Sat"	"Midday"	"375"	3	7	5	15	"37"	"75"	10	12
"3491     Fri. Nov 02, 2001          4          8          8     "	3491	2001-11-02	"Fri"	"Evening"	"488"	4	8	8	20	"48"	"88"	12	16
"3490     Thu. Nov 01, 2001          0          4          4     "	3490	2001-11-01	"Thu"	"Midday"	"044"	0	4	4	8	"04"	"44"	4	8
"3489     Wed. Oct 31, 2001          8          6          3     "	3489	2001-10-31	"Wed"	"Evening"	"863"	8	6	3	17	"86"	"63"	14	9
"3488     Tue. Oct 30, 2001          6          3          8     "	3488	2001-10-30	"Tue"	"Midday"	"638"	6	3	8	17	"63"	"38"	9	11
"3487     Mon. Oct 29, 2001          9          1          9     "	3487	2001-10-29	"Mon"	"Evening"	"919"	9	1	9	19	"91"	"19"	10	10
"3486     Sun. Oct 28, 2001          7          1          4     "	3486	2001-10-28	"Sun"	"Midday"	"714"	7	1	4	12	"71"	"14"	8	5
"3485     Sat. Oct 27, 2001          6          1          0     "	3485	2001-10-27	"Sat"	"Evening"	"610"	6	1	0	7	"61"	"10"	7	1
"3484     Fri. Oct 26, 2001          2          9          9     "	3484	2001-10-26	"Fri"	"Midday"	"299"	2	9	9	20	"29"	"99"	11	18
"3483     Thu. Oct 25, 2001          1          8          3     "	3483	2001-10-25	"Thu"	"Evening"	"183"	1	8	3	12	"18"	"83"	9	11
"3482     Wed. Oct 24, 2001          6          6          7     "	3482	2001-10-24	"Wed"	"Midday"	"667"	6	6	7	19	"66"	"67"	12	13
"3481     Tue. Oct 23, 2001          6          1          6     "	3481	2001-10-23	"Tue"	"Evening"	"616"	6	1	6	13	"61"	"16"	7	7
"3480     Mon. Oct 22, 2001          1          4          7     "	3480	2001-10-22	"Mon"	"Midday"	"147"	1	4	7	12	"14"	"47"	5	11
"3479     Sun. Oct 21, 2001          4          5          5     "	3479	2001-10-21	"Sun"	"Evening"	"455"	4	5	5	14	"45"	"55"	9	10
"3478     Sat. Oct 20, 2001          2          0          9     "	3478	2001-10-20	"Sat"	"Midday"	"209"	2	0	9	11	"20"	"09"	2	9
"3477     Fri. Oct 19, 2001          6          5          2     "	3477	2001-10-19	"Fri"	"Evening"	"652"	6	5	2	13	"65"	"52"	11	7
"3476     Thu. Oct 18, 2001          0          9          4     "	3476	2001-10-18	"Thu"	"Midday"	"094"	0	9	4	13	"09"	"94"	9	13
"3475     Wed. Oct 17, 2001          5          7          8     "	3475	2001-10-17	"Wed"	"Evening"	"578"	5	7	8	20	"57"	"78"	12	15
"3474     Tue. Oct 16, 2001          6          8          3     "	3474	2001-10-16	"Tue"	"Midday"	"683"	6	8	3	17	"68"	"83"	14	11
"3473     Mon. Oct 15, 2001          7          6          1     "	3473	2001-10-15	"Mon"	"Evening"	"761"	7	6	1	14	"76"	"61"	13	7
"3472     Sun. Oct 14, 2001          6          4          6     "	3472	2001-10-14	"Sun"	"Midday"	"646"	6	4	6	16	"64"	"46"	10	10
"3471     Sat. Oct 13, 2001          7          6          5     "	3471	2001-10-13	"Sat"	"Evening"	"765"	7	6	5	18	"76"	"65"	13	11
"3470     Fri. Oct 12, 2001          4          2          2     "	3470	2001-10-12	"Fri"	"Midday"	"422"	4	2	2	8	"42"	"22"	6	4
"3469     Thu. Oct 11, 2001          5          8          7     "	3469	2001-10-11	"Thu"	"Evening"	"587"	5	8	7	20	"58"	"87"	13	15
"3468     Wed. Oct 10, 2001          1          6          6     "	3468	2001-10-10	"Wed"	"Midday"	"166"	1	6	6	13	"16"	"66"	7	12
"3467     Tue. Oct 09, 2001          1          8          0     "	3467	2001-10-09	"Tue"	"Evening"	"180"	1	8	0	9	"18"	"80"	9	8
"3466     Mon. Oct 08, 2001          6          0          1     "	3466	2001-10-08	"Mon"	"Midday"	"601"	6	0	1	7	"60"	"01"	6	1
"3465     Sun. Oct 07, 2001          8          9          0     "	3465	2001-10-07	"Sun"	"Evening"	"890"	8	9	0	17	"89"	"90"	17	9
"3464     Sat. Oct 06, 2001          9          6          0     "	3464	2001-10-06	"Sat"	"Midday"	"960"	9	6	0	15	"96"	"60"	15	6
"3463     Fri. Oct 05, 2001          8          7          9     "	3463	2001-10-05	"Fri"	"Evening"	"879"	8	7	9	24	"87"	"79"	15	16
"3462     Thu. Oct 04, 2001          8          9          3     "	3462	2001-10-04	"Thu"	"Midday"	"893"	8	9	3	20	"89"	"93"	17	12
"3461     Wed. Oct 03, 2001          5          7          3     "	3461	2001-10-03	"Wed"	"Evening"	"573"	5	7	3	15	"57"	"73"	12	10
"3460     Tue. Oct 02, 2001          5          6          8     "	3460	2001-10-02	"Tue"	"Midday"	"568"	5	6	8	19	"56"	"68"	11	14
"3459     Mon. Oct 01, 2001          4          8          9     "	3459	2001-10-01	"Mon"	"Evening"	"489"	4	8	9	21	"48"	"89"	12	17
"3458     Sun. Sep 30, 2001          4          4          3     "	3458	2001-09-30	"Sun"	"Midday"	"443"	4	4	3	11	"44"	"43"	8	7
"3457     Sat. Sep 29, 2001          2          7          1     "	3457	2001-09-29	"Sat"	"Evening"	"271"	2	7	1	10	"27"	"71"	9	8
"3456     Fri. Sep 28, 2001          3          6          6     "	3456	2001-09-28	"Fri"	"Midday"	"366"	3	6	6	15	"36"	"66"	9	12
"3455     Thu. Sep 27, 2001          1          3          0     "	3455	2001-09-27	"Thu"	"Evening"	"130"	1	3	0	4	"13"	"30"	4	3
"3454     Wed. Sep 26, 2001          4          8          3     "	3454	2001-09-26	"Wed"	"Midday"	"483"	4	8	3	15	"48"	"83"	12	11
"3453     Tue. Sep 25, 2001          7          7          4     "	3453	2001-09-25	"Tue"	"Evening"	"774"	7	7	4	18	"77"	"74"	14	11
"3452     Mon. Sep 24, 2001          2          5          0     "	3452	2001-09-24	"Mon"	"Midday"	"250"	2	5	0	7	"25"	"50"	7	5
"3451     Sun. Sep 23, 2001          0          4          2     "	3451	2001-09-23	"Sun"	"Evening"	"042"	0	4	2	6	"04"	"42"	4	6
"3450     Sat. Sep 22, 2001          6          7          6     "	3450	2001-09-22	"Sat"	"Midday"	"676"	6	7	6	19	"67"	"76"	13	13
"3449     Fri. Sep 21, 2001          6          8          4     "	3449	2001-09-21	"Fri"	"Evening"	"684"	6	8	4	18	"68"	"84"	14	12
"3448     Thu. Sep 20, 2001          0          0          4     "	3448	2001-09-20	"Thu"	"Midday"	"004"	0	0	4	4	"00"	"04"	0	4
"3447     Wed. Sep 19, 2001          1          7          5     "	3447	2001-09-19	"Wed"	"Evening"	"175"	1	7	5	13	"17"	"75"	8	12
"3446     Tue. Sep 18, 2001          0          0          4     "	3446	2001-09-18	"Tue"	"Midday"	"004"	0	0	4	4	"00"	"04"	0	4
"3445     Mon. Sep 17, 2001          6          9          1     "	3445	2001-09-17	"Mon"	"Evening"	"691"	6	9	1	16	"69"	"91"	15	10
"3444     Sun. Sep 16, 2001          3          7          0     "	3444	2001-09-16	"Sun"	"Midday"	"370"	3	7	0	10	"37"	"70"	10	7
"3443     Sat. Sep 15, 2001          8          7          8     "	3443	2001-09-15	"Sat"	"Evening"	"878"	8	7	8	23	"87"	"78"	15	15
"3442     Fri. Sep 14, 2001          2          5          9     "	3442	2001-09-14	"Fri"	"Midday"	"259"	2	5	9	16	"25"	"59"	7	14
"3441     Thu. Sep 13, 2001          3          4          1     "	3441	2001-09-13	"Thu"	"Evening"	"341"	3	4	1	8	"34"	"41"	7	5
"3440     Wed. Sep 12, 2001          9          3          3     "	3440	2001-09-12	"Wed"	"Midday"	"933"	9	3	3	15	"93"	"33"	12	6
"3439     Tue. Sep 11, 2001          0          9          9     "	3439	2001-09-11	"Tue"	"Evening"	"099"	0	9	9	18	"09"	"99"	9	18
"3438     Mon. Sep 10, 2001          1          0          2     "	3438	2001-09-10	"Mon"	"Midday"	"102"	1	0	2	3	"10"	"02"	1	2
"3437     Sun. Sep 09, 2001          3          5          7     "	3437	2001-09-09	"Sun"	"Evening"	"357"	3	5	7	15	"35"	"57"	8	12
"3436     Sat. Sep 08, 2001          6          6          6     "	3436	2001-09-08	"Sat"	"Midday"	"666"	6	6	6	18	"66"	"66"	12	12
"3435     Fri. Sep 07, 2001          8          7          6     "	3435	2001-09-07	"Fri"	"Evening"	"876"	8	7	6	21	"87"	"76"	15	13
"3434     Thu. Sep 06, 2001          2          6          0     "	3434	2001-09-06	"Thu"	"Midday"	"260"	2	6	0	8	"26"	"60"	8	6
"3433     Wed. Sep 05, 2001          8          8          9     "	3433	2001-09-05	"Wed"	"Evening"	"889"	8	8	9	25	"88"	"89"	16	17
"3432     Tue. Sep 04, 2001          0          8          3     "	3432	2001-09-04	"Tue"	"Midday"	"083"	0	8	3	11	"08"	"83"	8	11
"3431     Mon. Sep 03, 2001          8          4          4     "	3431	2001-09-03	"Mon"	"Evening"	"844"	8	4	4	16	"84"	"44"	12	8
"3430     Sun. Sep 02, 2001          1          4          4     "	3430	2001-09-02	"Sun"	"Midday"	"144"	1	4	4	9	"14"	"44"	5	8
"3429     Sat. Sep 01, 2001          4          7          8     "	3429	2001-09-01	"Sat"	"Evening"	"478"	4	7	8	19	"47"	"78"	11	15
"3428     Fri. Aug 31, 2001          4          2          5     "	3428	2001-08-31	"Fri"	"Midday"	"425"	4	2	5	11	"42"	"25"	6	7
"3427     Thu. Aug 30, 2001          6          6          4     "	3427	2001-08-30	"Thu"	"Evening"	"664"	6	6	4	16	"66"	"64"	12	10
"3426     Wed. Aug 29, 2001          0          2          2     "	3426	2001-08-29	"Wed"	"Midday"	"022"	0	2	2	4	"02"	"22"	2	4
"3425     Tue. Aug 28, 2001          7          1          7     "	3425	2001-08-28	"Tue"	"Evening"	"717"	7	1	7	15	"71"	"17"	8	8
"3424     Mon. Aug 27, 2001          6          0          7     "	3424	2001-08-27	"Mon"	"Midday"	"607"	6	0	7	13	"60"	"07"	6	7
"3423     Sun. Aug 26, 2001          6          9          1     "	3423	2001-08-26	"Sun"	"Evening"	"691"	6	9	1	16	"69"	"91"	15	10
"3422     Sat. Aug 25, 2001          4          9          9     "	3422	2001-08-25	"Sat"	"Midday"	"499"	4	9	9	22	"49"	"99"	13	18
"3421     Fri. Aug 24, 2001          7          9          2     "	3421	2001-08-24	"Fri"	"Evening"	"792"	7	9	2	18	"79"	"92"	16	11
"3420     Thu. Aug 23, 2001          2          3          0     "	3420	2001-08-23	"Thu"	"Midday"	"230"	2	3	0	5	"23"	"30"	5	3
"3419     Wed. Aug 22, 2001          4          5          6     "	3419	2001-08-22	"Wed"	"Evening"	"456"	4	5	6	15	"45"	"56"	9	11
"3418     Tue. Aug 21, 2001          5          5          2     "	3418	2001-08-21	"Tue"	"Midday"	"552"	5	5	2	12	"55"	"52"	10	7
"3417     Mon. Aug 20, 2001          3          4          6     "	3417	2001-08-20	"Mon"	"Evening"	"346"	3	4	6	13	"34"	"46"	7	10
"3416     Sun. Aug 19, 2001          9          8          6     "	3416	2001-08-19	"Sun"	"Midday"	"986"	9	8	6	23	"98"	"86"	17	14
"3415     Sat. Aug 18, 2001          3          0          7     "	3415	2001-08-18	"Sat"	"Evening"	"307"	3	0	7	10	"30"	"07"	3	7
"3414     Fri. Aug 17, 2001          3          6          7     "	3414	2001-08-17	"Fri"	"Midday"	"367"	3	6	7	16	"36"	"67"	9	13
"3413     Thu. Aug 16, 2001          8          7          9     "	3413	2001-08-16	"Thu"	"Evening"	"879"	8	7	9	24	"87"	"79"	15	16
"3412     Wed. Aug 15, 2001          7          9          1     "	3412	2001-08-15	"Wed"	"Midday"	"791"	7	9	1	17	"79"	"91"	16	10
"3411     Tue. Aug 14, 2001          1          1          5     "	3411	2001-08-14	"Tue"	"Evening"	"115"	1	1	5	7	"11"	"15"	2	6
"3410     Mon. Aug 13, 2001          1          4          9     "	3410	2001-08-13	"Mon"	"Midday"	"149"	1	4	9	14	"14"	"49"	5	13
"3409     Sun. Aug 12, 2001          4          4          3     "	3409	2001-08-12	"Sun"	"Evening"	"443"	4	4	3	11	"44"	"43"	8	7
"3408     Sat. Aug 11, 2001          5          9          8     "	3408	2001-08-11	"Sat"	"Midday"	"598"	5	9	8	22	"59"	"98"	14	17
"3407     Fri. Aug 10, 2001          6          8          9     "	3407	2001-08-10	"Fri"	"Evening"	"689"	6	8	9	23	"68"	"89"	14	17
"3406     Thu. Aug 09, 2001          1          2          7     "	3406	2001-08-09	"Thu"	"Midday"	"127"	1	2	7	10	"12"	"27"	3	9
"3405     Wed. Aug 08, 2001          8          5          4     "	3405	2001-08-08	"Wed"	"Evening"	"854"	8	5	4	17	"85"	"54"	13	9
"3404     Tue. Aug 07, 2001          2          2          1     "	3404	2001-08-07	"Tue"	"Midday"	"221"	2	2	1	5	"22"	"21"	4	3
"3403     Mon. Aug 06, 2001          2          4          1     "	3403	2001-08-06	"Mon"	"Evening"	"241"	2	4	1	7	"24"	"41"	6	5
"3402     Sun. Aug 05, 2001          1          0          1     "	3402	2001-08-05	"Sun"	"Midday"	"101"	1	0	1	2	"10"	"01"	1	1
"3401     Sat. Aug 04, 2001          0          0          9     "	3401	2001-08-04	"Sat"	"Evening"	"009"	0	0	9	9	"00"	"09"	0	9
"3400     Fri. Aug 03, 2001          4          7          8     "	3400	2001-08-03	"Fri"	"Midday"	"478"	4	7	8	19	"47"	"78"	11	15
"3399     Thu. Aug 02, 2001          9          3          8     "	3399	2001-08-02	"Thu"	"Evening"	"938"	9	3	8	20	"93"	"38"	12	11
"3398     Wed. Aug 01, 2001          3          0          0     "	3398	2001-08-01	"Wed"	"Midday"	"300"	3	0	0	3	"30"	"00"	3	0
"3397     Tue. Jul 31, 2001          3          9          2     "	3397	2001-07-31	"Tue"	"Evening"	"392"	3	9	2	14	"39"	"92"	12	11
"3396     Mon. Jul 30, 2001          1          2          0     "	3396	2001-07-30	"Mon"	"Midday"	"120"	1	2	0	3	"12"	"20"	3	2
"3395     Sun. Jul 29, 2001          6          1          1     "	3395	2001-07-29	"Sun"	"Evening"	"611"	6	1	1	8	"61"	"11"	7	2
"3394     Sat. Jul 28, 2001          8          3          5     "	3394	2001-07-28	"Sat"	"Midday"	"835"	8	3	5	16	"83"	"35"	11	8
"3393     Fri. Jul 27, 2001          2          4          1     "	3393	2001-07-27	"Fri"	"Evening"	"241"	2	4	1	7	"24"	"41"	6	5
"3392     Thu. Jul 26, 2001          5          0          7     "	3392	2001-07-26	"Thu"	"Midday"	"507"	5	0	7	12	"50"	"07"	5	7
"3391     Wed. Jul 25, 2001          3          5          7     "	3391	2001-07-25	"Wed"	"Evening"	"357"	3	5	7	15	"35"	"57"	8	12
"3390     Tue. Jul 24, 2001          8          2          0     "	3390	2001-07-24	"Tue"	"Midday"	"820"	8	2	0	10	"82"	"20"	10	2
"3389     Mon. Jul 23, 2001          5          4          1     "	3389	2001-07-23	"Mon"	"Evening"	"541"	5	4	1	10	"54"	"41"	9	5
"3388     Sun. Jul 22, 2001          6          4          5     "	3388	2001-07-22	"Sun"	"Midday"	"645"	6	4	5	15	"64"	"45"	10	9
"3387     Sat. Jul 21, 2001          1          7          0     "	3387	2001-07-21	"Sat"	"Evening"	"170"	1	7	0	8	"17"	"70"	8	7
"3386     Fri. Jul 20, 2001          0          8          0     "	3386	2001-07-20	"Fri"	"Midday"	"080"	0	8	0	8	"08"	"80"	8	8
"3385     Thu. Jul 19, 2001          4          7          3     "	3385	2001-07-19	"Thu"	"Evening"	"473"	4	7	3	14	"47"	"73"	11	10
"3384     Wed. Jul 18, 2001          3          9          0     "	3384	2001-07-18	"Wed"	"Midday"	"390"	3	9	0	12	"39"	"90"	12	9
"3383     Tue. Jul 17, 2001          7          2          4     "	3383	2001-07-17	"Tue"	"Evening"	"724"	7	2	4	13	"72"	"24"	9	6
"3382     Mon. Jul 16, 2001          2          3          0     "	3382	2001-07-16	"Mon"	"Midday"	"230"	2	3	0	5	"23"	"30"	5	3
"3381     Sun. Jul 15, 2001          7          6          9     "	3381	2001-07-15	"Sun"	"Evening"	"769"	7	6	9	22	"76"	"69"	13	15
"3380     Sat. Jul 14, 2001          6          4          1     "	3380	2001-07-14	"Sat"	"Midday"	"641"	6	4	1	11	"64"	"41"	10	5
"3379     Fri. Jul 13, 2001          2          7          1     "	3379	2001-07-13	"Fri"	"Evening"	"271"	2	7	1	10	"27"	"71"	9	8
"3378     Thu. Jul 12, 2001          7          6          1     "	3378	2001-07-12	"Thu"	"Midday"	"761"	7	6	1	14	"76"	"61"	13	7
"3377     Wed. Jul 11, 2001          0          1          0     "	3377	2001-07-11	"Wed"	"Evening"	"010"	0	1	0	1	"01"	"10"	1	1
"3376     Tue. Jul 10, 2001          1          2          3     "	3376	2001-07-10	"Tue"	"Midday"	"123"	1	2	3	6	"12"	"23"	3	5
"3375     Mon. Jul 09, 2001          9          9          3     "	3375	2001-07-09	"Mon"	"Evening"	"993"	9	9	3	21	"99"	"93"	18	12
"3374     Sun. Jul 08, 2001          3          1          5     "	3374	2001-07-08	"Sun"	"Midday"	"315"	3	1	5	9	"31"	"15"	4	6
"3373     Sat. Jul 07, 2001          2          2          4     "	3373	2001-07-07	"Sat"	"Evening"	"224"	2	2	4	8	"22"	"24"	4	6
"3372     Fri. Jul 06, 2001          8          5          6     "	3372	2001-07-06	"Fri"	"Midday"	"856"	8	5	6	19	"85"	"56"	13	11
"3371     Thu. Jul 05, 2001          4          3          5     "	3371	2001-07-05	"Thu"	"Evening"	"435"	4	3	5	12	"43"	"35"	7	8
"3370     Wed. Jul 04, 2001          9          1          8     "	3370	2001-07-04	"Wed"	"Midday"	"918"	9	1	8	18	"91"	"18"	10	9
"3369     Tue. Jul 03, 2001          7          9          4     "	3369	2001-07-03	"Tue"	"Evening"	"794"	7	9	4	20	"79"	"94"	16	13
"3368     Mon. Jul 02, 2001          9          9          9     "	3368	2001-07-02	"Mon"	"Midday"	"999"	9	9	9	27	"99"	"99"	18	18
"3367     Sun. Jul 01, 2001          4          9          8     "	3367	2001-07-01	"Sun"	"Evening"	"498"	4	9	8	21	"49"	"98"	13	17
"3366     Sat. Jun 30, 2001          1          7          4     "	3366	2001-06-30	"Sat"	"Midday"	"174"	1	7	4	12	"17"	"74"	8	11
"3365     Fri. Jun 29, 2001          5          3          6     "	3365	2001-06-29	"Fri"	"Evening"	"536"	5	3	6	14	"53"	"36"	8	9
"3364     Thu. Jun 28, 2001          2          6          9     "	3364	2001-06-28	"Thu"	"Midday"	"269"	2	6	9	17	"26"	"69"	8	15
"3363     Wed. Jun 27, 2001          4          2          0     "	3363	2001-06-27	"Wed"	"Evening"	"420"	4	2	0	6	"42"	"20"	6	2
"3362     Tue. Jun 26, 2001          0          8          5     "	3362	2001-06-26	"Tue"	"Midday"	"085"	0	8	5	13	"08"	"85"	8	13
"3361     Mon. Jun 25, 2001          5          1          4     "	3361	2001-06-25	"Mon"	"Evening"	"514"	5	1	4	10	"51"	"14"	6	5
"3360     Sun. Jun 24, 2001          3          0          5     "	3360	2001-06-24	"Sun"	"Midday"	"305"	3	0	5	8	"30"	"05"	3	5
"3359     Sat. Jun 23, 2001          9          6          7     "	3359	2001-06-23	"Sat"	"Evening"	"967"	9	6	7	22	"96"	"67"	15	13
"3358     Fri. Jun 22, 2001          6          1          3     "	3358	2001-06-22	"Fri"	"Midday"	"613"	6	1	3	10	"61"	"13"	7	4
"3357     Thu. Jun 21, 2001          2          8          5     "	3357	2001-06-21	"Thu"	"Evening"	"285"	2	8	5	15	"28"	"85"	10	13
"3356     Wed. Jun 20, 2001          4          3          9     "	3356	2001-06-20	"Wed"	"Midday"	"439"	4	3	9	16	"43"	"39"	7	12
"3355     Tue. Jun 19, 2001          8          3          5     "	3355	2001-06-19	"Tue"	"Evening"	"835"	8	3	5	16	"83"	"35"	11	8
"3354     Mon. Jun 18, 2001          4          2          4     "	3354	2001-06-18	"Mon"	"Midday"	"424"	4	2	4	10	"42"	"24"	6	6
"3353     Sun. Jun 17, 2001          0          9          5     "	3353	2001-06-17	"Sun"	"Evening"	"095"	0	9	5	14	"09"	"95"	9	14
"3352     Sat. Jun 16, 2001          8          1          6     "	3352	2001-06-16	"Sat"	"Midday"	"816"	8	1	6	15	"81"	"16"	9	7
"3351     Fri. Jun 15, 2001          0          0          1     "	3351	2001-06-15	"Fri"	"Evening"	"001"	0	0	1	1	"00"	"01"	0	1
"3350     Thu. Jun 14, 2001          4          1          5     "	3350	2001-06-14	"Thu"	"Midday"	"415"	4	1	5	10	"41"	"15"	5	6
"3349     Wed. Jun 13, 2001          9          2          7     "	3349	2001-06-13	"Wed"	"Evening"	"927"	9	2	7	18	"92"	"27"	11	9
"3348     Tue. Jun 12, 2001          5          6          8     "	3348	2001-06-12	"Tue"	"Midday"	"568"	5	6	8	19	"56"	"68"	11	14
"3347     Mon. Jun 11, 2001          7          0          5     "	3347	2001-06-11	"Mon"	"Evening"	"705"	7	0	5	12	"70"	"05"	7	5
"3346     Sun. Jun 10, 2001          6          7          2     "	3346	2001-06-10	"Sun"	"Midday"	"672"	6	7	2	15	"67"	"72"	13	9
"3345     Sat. Jun 09, 2001          1          4          6     "	3345	2001-06-09	"Sat"	"Evening"	"146"	1	4	6	11	"14"	"46"	5	10
"3344     Fri. Jun 08, 2001          9          8          3     "	3344	2001-06-08	"Fri"	"Midday"	"983"	9	8	3	20	"98"	"83"	17	11
"3343     Thu. Jun 07, 2001          4          4          4     "	3343	2001-06-07	"Thu"	"Evening"	"444"	4	4	4	12	"44"	"44"	8	8
"3342     Wed. Jun 06, 2001          1          9          6     "	3342	2001-06-06	"Wed"	"Midday"	"196"	1	9	6	16	"19"	"96"	10	15
"3341     Tue. Jun 05, 2001          1          5          2     "	3341	2001-06-05	"Tue"	"Evening"	"152"	1	5	2	8	"15"	"52"	6	7
"3340     Mon. Jun 04, 2001          6          3          8     "	3340	2001-06-04	"Mon"	"Midday"	"638"	6	3	8	17	"63"	"38"	9	11
"3339     Sun. Jun 03, 2001          2          6          4     "	3339	2001-06-03	"Sun"	"Evening"	"264"	2	6	4	12	"26"	"64"	8	10
"3338     Sat. Jun 02, 2001          5          0          6     "	3338	2001-06-02	"Sat"	"Midday"	"506"	5	0	6	11	"50"	"06"	5	6
"3337     Fri. Jun 01, 2001          8          9          9     "	3337	2001-06-01	"Fri"	"Evening"	"899"	8	9	9	26	"89"	"99"	17	18
"3336     Thu. May 31, 2001          5          3          2     "	3336	2001-05-31	"Thu"	"Midday"	"532"	5	3	2	10	"53"	"32"	8	5
"3335     Wed. May 30, 2001          8          3          0     "	3335	2001-05-30	"Wed"	"Evening"	"830"	8	3	0	11	"83"	"30"	11	3
"3334     Tue. May 29, 2001          8          8          9     "	3334	2001-05-29	"Tue"	"Midday"	"889"	8	8	9	25	"88"	"89"	16	17
"3333     Mon. May 28, 2001          6          4          0     "	3333	2001-05-28	"Mon"	"Evening"	"640"	6	4	0	10	"64"	"40"	10	4
"3332     Sun. May 27, 2001          0          6          1     "	3332	2001-05-27	"Sun"	"Midday"	"061"	0	6	1	7	"06"	"61"	6	7
"3331     Sat. May 26, 2001          3          7          4     "	3331	2001-05-26	"Sat"	"Evening"	"374"	3	7	4	14	"37"	"74"	10	11
"3330     Fri. May 25, 2001          3          2          2     "	3330	2001-05-25	"Fri"	"Midday"	"322"	3	2	2	7	"32"	"22"	5	4
"3329     Thu. May 24, 2001          1          9          7     "	3329	2001-05-24	"Thu"	"Evening"	"197"	1	9	7	17	"19"	"97"	10	16
"3328     Wed. May 23, 2001          5          7          7     "	3328	2001-05-23	"Wed"	"Midday"	"577"	5	7	7	19	"57"	"77"	12	14
"3327     Tue. May 22, 2001          7          2          1     "	3327	2001-05-22	"Tue"	"Evening"	"721"	7	2	1	10	"72"	"21"	9	3
"3326     Mon. May 21, 2001          8          4          1     "	3326	2001-05-21	"Mon"	"Midday"	"841"	8	4	1	13	"84"	"41"	12	5
"3325     Sun. May 20, 2001          0          3          2     "	3325	2001-05-20	"Sun"	"Evening"	"032"	0	3	2	5	"03"	"32"	3	5
"3324     Sat. May 19, 2001          0          0          0     "	3324	2001-05-19	"Sat"	"Midday"	"000"	0	0	0	0	"00"	"00"	0	0
"3323     Fri. May 18, 2001          4          4          0     "	3323	2001-05-18	"Fri"	"Evening"	"440"	4	4	0	8	"44"	"40"	8	4
"3322     Thu. May 17, 2001          2          9          8     "	3322	2001-05-17	"Thu"	"Midday"	"298"	2	9	8	19	"29"	"98"	11	17
"3321     Wed. May 16, 2001          6          7          3     "	3321	2001-05-16	"Wed"	"Evening"	"673"	6	7	3	16	"67"	"73"	13	10
"3320     Tue. May 15, 2001          0          1          6     "	3320	2001-05-15	"Tue"	"Midday"	"016"	0	1	6	7	"01"	"16"	1	7
"3319     Mon. May 14, 2001          9          2          7     "	3319	2001-05-14	"Mon"	"Evening"	"927"	9	2	7	18	"92"	"27"	11	9
"3318     Sun. May 13, 2001          0          0          1     "	3318	2001-05-13	"Sun"	"Midday"	"001"	0	0	1	1	"00"	"01"	0	1
"3317     Sat. May 12, 2001          7          9          1     "	3317	2001-05-12	"Sat"	"Evening"	"791"	7	9	1	17	"79"	"91"	16	10
"3316     Fri. May 11, 2001          8          0          9     "	3316	2001-05-11	"Fri"	"Midday"	"809"	8	0	9	17	"80"	"09"	8	9
"3315     Thu. May 10, 2001          9          4          8     "	3315	2001-05-10	"Thu"	"Evening"	"948"	9	4	8	21	"94"	"48"	13	12
"3314     Wed. May 09, 2001          5          3          9     "	3314	2001-05-09	"Wed"	"Midday"	"539"	5	3	9	17	"53"	"39"	8	12
"3313     Tue. May 08, 2001          7          2          3     "	3313	2001-05-08	"Tue"	"Evening"	"723"	7	2	3	12	"72"	"23"	9	5
"3312     Mon. May 07, 2001          3          8          4     "	3312	2001-05-07	"Mon"	"Midday"	"384"	3	8	4	15	"38"	"84"	11	12
"3311     Sun. May 06, 2001          8          6          5     "	3311	2001-05-06	"Sun"	"Evening"	"865"	8	6	5	19	"86"	"65"	14	11
"3310     Sat. May 05, 2001          3          7          2     "	3310	2001-05-05	"Sat"	"Midday"	"372"	3	7	2	12	"37"	"72"	10	9
"3309     Fri. May 04, 2001          1          7          9     "	3309	2001-05-04	"Fri"	"Evening"	"179"	1	7	9	17	"17"	"79"	8	16
"3308     Thu. May 03, 2001          0          2          9     "	3308	2001-05-03	"Thu"	"Midday"	"029"	0	2	9	11	"02"	"29"	2	11
"3307     Wed. May 02, 2001          2          7          2     "	3307	2001-05-02	"Wed"	"Evening"	"272"	2	7	2	11	"27"	"72"	9	9
"3306     Tue. May 01, 2001          1          3          1     "	3306	2001-05-01	"Tue"	"Midday"	"131"	1	3	1	5	"13"	"31"	4	4
"3305     Mon. Apr 30, 2001          5          2          3     "	3305	2001-04-30	"Mon"	"Evening"	"523"	5	2	3	10	"52"	"23"	7	5
"3304     Sun. Apr 29, 2001          0          5          6     "	3304	2001-04-29	"Sun"	"Midday"	"056"	0	5	6	11	"05"	"56"	5	11
"3303     Sat. Apr 28, 2001          4          2          2     "	3303	2001-04-28	"Sat"	"Evening"	"422"	4	2	2	8	"42"	"22"	6	4
"3302     Fri. Apr 27, 2001          4          7          1     "	3302	2001-04-27	"Fri"	"Midday"	"471"	4	7	1	12	"47"	"71"	11	8
"3301     Thu. Apr 26, 2001          6          1          1     "	3301	2001-04-26	"Thu"	"Evening"	"611"	6	1	1	8	"61"	"11"	7	2
"3300     Wed. Apr 25, 2001          1          1          5     "	3300	2001-04-25	"Wed"	"Midday"	"115"	1	1	5	7	"11"	"15"	2	6
"3299     Tue. Apr 24, 2001          8          7          8     "	3299	2001-04-24	"Tue"	"Evening"	"878"	8	7	8	23	"87"	"78"	15	15
"3298     Mon. Apr 23, 2001          9          3          1     "	3298	2001-04-23	"Mon"	"Midday"	"931"	9	3	1	13	"93"	"31"	12	4
"3297     Sun. Apr 22, 2001          5          5          0     "	3297	2001-04-22	"Sun"	"Evening"	"550"	5	5	0	10	"55"	"50"	10	5
"3296     Sat. Apr 21, 2001          1          2          4     "	3296	2001-04-21	"Sat"	"Midday"	"124"	1	2	4	7	"12"	"24"	3	6
"3295     Fri. Apr 20, 2001          4          0          8     "	3295	2001-04-20	"Fri"	"Evening"	"408"	4	0	8	12	"40"	"08"	4	8
"3294     Thu. Apr 19, 2001          5          1          8     "	3294	2001-04-19	"Thu"	"Midday"	"518"	5	1	8	14	"51"	"18"	6	9
"3293     Wed. Apr 18, 2001          9          3          8     "	3293	2001-04-18	"Wed"	"Evening"	"938"	9	3	8	20	"93"	"38"	12	11
"3292     Tue. Apr 17, 2001          8          2          9     "	3292	2001-04-17	"Tue"	"Midday"	"829"	8	2	9	19	"82"	"29"	10	11
"3291     Mon. Apr 16, 2001          5          7          3     "	3291	2001-04-16	"Mon"	"Evening"	"573"	5	7	3	15	"57"	"73"	12	10
"3290     Sun. Apr 15, 2001          5          7          3     "	3290	2001-04-15	"Sun"	"Midday"	"573"	5	7	3	15	"57"	"73"	12	10
"3289     Sat. Apr 14, 2001          0          4          2     "	3289	2001-04-14	"Sat"	"Evening"	"042"	0	4	2	6	"04"	"42"	4	6
"3288     Fri. Apr 13, 2001          1          1          9     "	3288	2001-04-13	"Fri"	"Midday"	"119"	1	1	9	11	"11"	"19"	2	10
"3287     Thu. Apr 12, 2001          8          2          3     "	3287	2001-04-12	"Thu"	"Evening"	"823"	8	2	3	13	"82"	"23"	10	5
"3286     Wed. Apr 11, 2001          5          2          0     "	3286	2001-04-11	"Wed"	"Midday"	"520"	5	2	0	7	"52"	"20"	7	2
"3285     Tue. Apr 10, 2001          1          2          1     "	3285	2001-04-10	"Tue"	"Evening"	"121"	1	2	1	4	"12"	"21"	3	3
"3284     Mon. Apr 09, 2001          7          9          6     "	3284	2001-04-09	"Mon"	"Midday"	"796"	7	9	6	22	"79"	"96"	16	15
"3283     Sun. Apr 08, 2001          8          9          0     "	3283	2001-04-08	"Sun"	"Evening"	"890"	8	9	0	17	"89"	"90"	17	9
"3282     Sat. Apr 07, 2001          2          3          9     "	3282	2001-04-07	"Sat"	"Midday"	"239"	2	3	9	14	"23"	"39"	5	12
"3281     Fri. Apr 06, 2001          1          4          3     "	3281	2001-04-06	"Fri"	"Evening"	"143"	1	4	3	8	"14"	"43"	5	7
"3280     Thu. Apr 05, 2001          8          7          1     "	3280	2001-04-05	"Thu"	"Midday"	"871"	8	7	1	16	"87"	"71"	15	8
"3279     Wed. Apr 04, 2001          0          3          4     "	3279	2001-04-04	"Wed"	"Evening"	"034"	0	3	4	7	"03"	"34"	3	7
"3278     Tue. Apr 03, 2001          5          5          8     "	3278	2001-04-03	"Tue"	"Midday"	"558"	5	5	8	18	"55"	"58"	10	13
"3277     Mon. Apr 02, 2001          8          3          2     "	3277	2001-04-02	"Mon"	"Evening"	"832"	8	3	2	13	"83"	"32"	11	5
"3276     Sun. Apr 01, 2001          9          5          9     "	3276	2001-04-01	"Sun"	"Midday"	"959"	9	5	9	23	"95"	"59"	14	14
"3275     Sat. Mar 31, 2001          4          8          0     "	3275	2001-03-31	"Sat"	"Evening"	"480"	4	8	0	12	"48"	"80"	12	8
"3274     Fri. Mar 30, 2001          3          4          7     "	3274	2001-03-30	"Fri"	"Midday"	"347"	3	4	7	14	"34"	"47"	7	11
"3273     Thu. Mar 29, 2001          5          3          3     "	3273	2001-03-29	"Thu"	"Evening"	"533"	5	3	3	11	"53"	"33"	8	6
"3272     Wed. Mar 28, 2001          6          4          6     "	3272	2001-03-28	"Wed"	"Midday"	"646"	6	4	6	16	"64"	"46"	10	10
"3271     Tue. Mar 27, 2001          4          7          8     "	3271	2001-03-27	"Tue"	"Evening"	"478"	4	7	8	19	"47"	"78"	11	15
"3270     Mon. Mar 26, 2001          7          0          0     "	3270	2001-03-26	"Mon"	"Midday"	"700"	7	0	0	7	"70"	"00"	7	0
"3269     Sun. Mar 25, 2001          2          1          5     "	3269	2001-03-25	"Sun"	"Evening"	"215"	2	1	5	8	"21"	"15"	3	6
"3268     Sat. Mar 24, 2001          2          1          1     "	3268	2001-03-24	"Sat"	"Midday"	"211"	2	1	1	4	"21"	"11"	3	2
"3267     Fri. Mar 23, 2001          2          2          8     "	3267	2001-03-23	"Fri"	"Evening"	"228"	2	2	8	12	"22"	"28"	4	10
"3266     Thu. Mar 22, 2001          0          8          3     "	3266	2001-03-22	"Thu"	"Midday"	"083"	0	8	3	11	"08"	"83"	8	11
"3265     Wed. Mar 21, 2001          1          5          7     "	3265	2001-03-21	"Wed"	"Evening"	"157"	1	5	7	13	"15"	"57"	6	12
"3264     Tue. Mar 20, 2001          8          7          9     "	3264	2001-03-20	"Tue"	"Midday"	"879"	8	7	9	24	"87"	"79"	15	16
"3263     Mon. Mar 19, 2001          2          0          2     "	3263	2001-03-19	"Mon"	"Evening"	"202"	2	0	2	4	"20"	"02"	2	2
"3262     Sun. Mar 18, 2001          1          2          5     "	3262	2001-03-18	"Sun"	"Midday"	"125"	1	2	5	8	"12"	"25"	3	7
"3261     Sat. Mar 17, 2001          9          0          6     "	3261	2001-03-17	"Sat"	"Evening"	"906"	9	0	6	15	"90"	"06"	9	6
"3260     Fri. Mar 16, 2001          4          2          4     "	3260	2001-03-16	"Fri"	"Midday"	"424"	4	2	4	10	"42"	"24"	6	6
"3259     Thu. Mar 15, 2001          4          0          4     "	3259	2001-03-15	"Thu"	"Evening"	"404"	4	0	4	8	"40"	"04"	4	4
"3258     Wed. Mar 14, 2001          1          6          8     "	3258	2001-03-14	"Wed"	"Midday"	"168"	1	6	8	15	"16"	"68"	7	14
"3257     Tue. Mar 13, 2001          8          2          1     "	3257	2001-03-13	"Tue"	"Evening"	"821"	8	2	1	11	"82"	"21"	10	3
"3256     Mon. Mar 12, 2001          2          2          6     "	3256	2001-03-12	"Mon"	"Midday"	"226"	2	2	6	10	"22"	"26"	4	8
"3255     Sun. Mar 11, 2001          4          9          2     "	3255	2001-03-11	"Sun"	"Evening"	"492"	4	9	2	15	"49"	"92"	13	11
"3254     Sat. Mar 10, 2001          1          2          6     "	3254	2001-03-10	"Sat"	"Midday"	"126"	1	2	6	9	"12"	"26"	3	8
"3253     Fri. Mar 09, 2001          9          8          0     "	3253	2001-03-09	"Fri"	"Evening"	"980"	9	8	0	17	"98"	"80"	17	8
"3252     Thu. Mar 08, 2001          1          5          0     "	3252	2001-03-08	"Thu"	"Midday"	"150"	1	5	0	6	"15"	"50"	6	5
"3251     Wed. Mar 07, 2001          2          5          0     "	3251	2001-03-07	"Wed"	"Evening"	"250"	2	5	0	7	"25"	"50"	7	5
"3250     Tue. Mar 06, 2001          1          0          4     "	3250	2001-03-06	"Tue"	"Midday"	"104"	1	0	4	5	"10"	"04"	1	4
"3249     Mon. Mar 05, 2001          8          0          3     "	3249	2001-03-05	"Mon"	"Evening"	"803"	8	0	3	11	"80"	"03"	8	3
"3248     Sun. Mar 04, 2001          1          0          8     "	3248	2001-03-04	"Sun"	"Midday"	"108"	1	0	8	9	"10"	"08"	1	8
"3247     Sat. Mar 03, 2001          7          0          7     "	3247	2001-03-03	"Sat"	"Evening"	"707"	7	0	7	14	"70"	"07"	7	7
"3246     Fri. Mar 02, 2001          0          0          1     "	3246	2001-03-02	"Fri"	"Midday"	"001"	0	0	1	1	"00"	"01"	0	1
"3245     Thu. Mar 01, 2001          5          9          5     "	3245	2001-03-01	"Thu"	"Evening"	"595"	5	9	5	19	"59"	"95"	14	14
"3244     Wed. Feb 28, 2001          0          4          6     "	3244	2001-02-28	"Wed"	"Midday"	"046"	0	4	6	10	"04"	"46"	4	10
"3243     Tue. Feb 27, 2001          1          9          3     "	3243	2001-02-27	"Tue"	"Evening"	"193"	1	9	3	13	"19"	"93"	10	12
"3242     Mon. Feb 26, 2001          7          7          6     "	3242	2001-02-26	"Mon"	"Midday"	"776"	7	7	6	20	"77"	"76"	14	13
"3241     Sun. Feb 25, 2001          8          7          7     "	3241	2001-02-25	"Sun"	"Evening"	"877"	8	7	7	22	"87"	"77"	15	14
"3240     Sat. Feb 24, 2001          8          7          5     "	3240	2001-02-24	"Sat"	"Midday"	"875"	8	7	5	20	"87"	"75"	15	12
"3239     Fri. Feb 23, 2001          2          7          4     "	3239	2001-02-23	"Fri"	"Evening"	"274"	2	7	4	13	"27"	"74"	9	11
"3238     Thu. Feb 22, 2001          6          2          7     "	3238	2001-02-22	"Thu"	"Midday"	"627"	6	2	7	15	"62"	"27"	8	9
"3237     Wed. Feb 21, 2001          7          8          4     "	3237	2001-02-21	"Wed"	"Evening"	"784"	7	8	4	19	"78"	"84"	15	12
"3236     Tue. Feb 20, 2001          0          5          6     "	3236	2001-02-20	"Tue"	"Midday"	"056"	0	5	6	11	"05"	"56"	5	11
"3235     Mon. Feb 19, 2001          5          3          5     "	3235	2001-02-19	"Mon"	"Evening"	"535"	5	3	5	13	"53"	"35"	8	8
"3234     Sun. Feb 18, 2001          4          1          2     "	3234	2001-02-18	"Sun"	"Midday"	"412"	4	1	2	7	"41"	"12"	5	3
"3233     Sat. Feb 17, 2001          0          9          8     "	3233	2001-02-17	"Sat"	"Evening"	"098"	0	9	8	17	"09"	"98"	9	17
"3232     Fri. Feb 16, 2001          6          5          8     "	3232	2001-02-16	"Fri"	"Midday"	"658"	6	5	8	19	"65"	"58"	11	13
"3231     Thu. Feb 15, 2001          8          1          0     "	3231	2001-02-15	"Thu"	"Evening"	"810"	8	1	0	9	"81"	"10"	9	1
"3230     Wed. Feb 14, 2001          7          3          9     "	3230	2001-02-14	"Wed"	"Midday"	"739"	7	3	9	19	"73"	"39"	10	12
"3229     Tue. Feb 13, 2001          3          7          0     "	3229	2001-02-13	"Tue"	"Evening"	"370"	3	7	0	10	"37"	"70"	10	7
"3228     Mon. Feb 12, 2001          5          9          3     "	3228	2001-02-12	"Mon"	"Midday"	"593"	5	9	3	17	"59"	"93"	14	12
"3227     Sun. Feb 11, 2001          6          4          2     "	3227	2001-02-11	"Sun"	"Evening"	"642"	6	4	2	12	"64"	"42"	10	6
"3226     Sat. Feb 10, 2001          5          9          9     "	3226	2001-02-10	"Sat"	"Midday"	"599"	5	9	9	23	"59"	"99"	14	18
"3225     Fri. Feb 09, 2001          9          6          5     "	3225	2001-02-09	"Fri"	"Evening"	"965"	9	6	5	20	"96"	"65"	15	11
"3224     Thu. Feb 08, 2001          0          4          5     "	3224	2001-02-08	"Thu"	"Midday"	"045"	0	4	5	9	"04"	"45"	4	9
"3223     Wed. Feb 07, 2001          0          0          1     "	3223	2001-02-07	"Wed"	"Evening"	"001"	0	0	1	1	"00"	"01"	0	1
"3222     Tue. Feb 06, 2001          4          4          8     "	3222	2001-02-06	"Tue"	"Midday"	"448"	4	4	8	16	"44"	"48"	8	12
"3221     Mon. Feb 05, 2001          8          0          4     "	3221	2001-02-05	"Mon"	"Evening"	"804"	8	0	4	12	"80"	"04"	8	4
"3220     Sun. Feb 04, 2001          5          8          9     "	3220	2001-02-04	"Sun"	"Midday"	"589"	5	8	9	22	"58"	"89"	13	17
"3219     Sat. Feb 03, 2001          1          0          4     "	3219	2001-02-03	"Sat"	"Evening"	"104"	1	0	4	5	"10"	"04"	1	4
"3218     Fri. Feb 02, 2001          4          2          8     "	3218	2001-02-02	"Fri"	"Midday"	"428"	4	2	8	14	"42"	"28"	6	10
"3217     Thu. Feb 01, 2001          7          7          7     "	3217	2001-02-01	"Thu"	"Evening"	"777"	7	7	7	21	"77"	"77"	14	14
"3216     Wed. Jan 31, 2001          6          7          4     "	3216	2001-01-31	"Wed"	"Midday"	"674"	6	7	4	17	"67"	"74"	13	11
"3215     Tue. Jan 30, 2001          7          8          6     "	3215	2001-01-30	"Tue"	"Evening"	"786"	7	8	6	21	"78"	"86"	15	14
"3214     Mon. Jan 29, 2001          6          7          1     "	3214	2001-01-29	"Mon"	"Midday"	"671"	6	7	1	14	"67"	"71"	13	8
"3213     Sun. Jan 28, 2001          0          0          2     "	3213	2001-01-28	"Sun"	"Evening"	"002"	0	0	2	2	"00"	"02"	0	2
"3212     Sat. Jan 27, 2001          9          8          2     "	3212	2001-01-27	"Sat"	"Midday"	"982"	9	8	2	19	"98"	"82"	17	10
"3211     Fri. Jan 26, 2001          0          3          4     "	3211	2001-01-26	"Fri"	"Evening"	"034"	0	3	4	7	"03"	"34"	3	7
"3210     Thu. Jan 25, 2001          9          1          2     "	3210	2001-01-25	"Thu"	"Midday"	"912"	9	1	2	12	"91"	"12"	10	3
"3209     Wed. Jan 24, 2001          6          4          9     "	3209	2001-01-24	"Wed"	"Evening"	"649"	6	4	9	19	"64"	"49"	10	13
"3208     Tue. Jan 23, 2001          1          1          1     "	3208	2001-01-23	"Tue"	"Midday"	"111"	1	1	1	3	"11"	"11"	2	2
"3207     Mon. Jan 22, 2001          8          8          7     "	3207	2001-01-22	"Mon"	"Evening"	"887"	8	8	7	23	"88"	"87"	16	15
"3206     Sun. Jan 21, 2001          8          4          6     "	3206	2001-01-21	"Sun"	"Midday"	"846"	8	4	6	18	"84"	"46"	12	10
"3205     Sat. Jan 20, 2001          7          8          8     "	3205	2001-01-20	"Sat"	"Evening"	"788"	7	8	8	23	"78"	"88"	15	16
"3204     Fri. Jan 19, 2001          8          4          3     "	3204	2001-01-19	"Fri"	"Midday"	"843"	8	4	3	15	"84"	"43"	12	7
"3203     Thu. Jan 18, 2001          5          5          4     "	3203	2001-01-18	"Thu"	"Evening"	"554"	5	5	4	14	"55"	"54"	10	9
"3202     Wed. Jan 17, 2001          9          6          9     "	3202	2001-01-17	"Wed"	"Midday"	"969"	9	6	9	24	"96"	"69"	15	15
"3201     Tue. Jan 16, 2001          2          3          0     "	3201	2001-01-16	"Tue"	"Evening"	"230"	2	3	0	5	"23"	"30"	5	3
"3200     Mon. Jan 15, 2001          2          5          5     "	3200	2001-01-15	"Mon"	"Midday"	"255"	2	5	5	12	"25"	"55"	7	10
"3199     Sun. Jan 14, 2001          5          7          2     "	3199	2001-01-14	"Sun"	"Evening"	"572"	5	7	2	14	"57"	"72"	12	9
"3198     Sat. Jan 13, 2001          2          4          1     "	3198	2001-01-13	"Sat"	"Midday"	"241"	2	4	1	7	"24"	"41"	6	5
"3197     Fri. Jan 12, 2001          7          1          5     "	3197	2001-01-12	"Fri"	"Evening"	"715"	7	1	5	13	"71"	"15"	8	6
"3196     Thu. Jan 11, 2001          2          8          2     "	3196	2001-01-11	"Thu"	"Midday"	"282"	2	8	2	12	"28"	"82"	10	10
"3195     Wed. Jan 10, 2001          7          1          1     "	3195	2001-01-10	"Wed"	"Evening"	"711"	7	1	1	9	"71"	"11"	8	2
"3194     Tue. Jan 09, 2001          5          3          4     "	3194	2001-01-09	"Tue"	"Midday"	"534"	5	3	4	12	"53"	"34"	8	7
"3193     Mon. Jan 08, 2001          6          5          1     "	3193	2001-01-08	"Mon"	"Evening"	"651"	6	5	1	12	"65"	"51"	11	6
"3192     Sun. Jan 07, 2001          2          8          4     "	3192	2001-01-07	"Sun"	"Midday"	"284"	2	8	4	14	"28"	"84"	10	12
"3191     Sat. Jan 06, 2001          8          1          6     "	3191	2001-01-06	"Sat"	"Evening"	"816"	8	1	6	15	"81"	"16"	9	7
"3190     Fri. Jan 05, 2001          9          3          3     "	3190	2001-01-05	"Fri"	"Midday"	"933"	9	3	3	15	"93"	"33"	12	6
"3189     Thu. Jan 04, 2001          0          5          3     "	3189	2001-01-04	"Thu"	"Evening"	"053"	0	5	3	8	"05"	"53"	5	8
"3188     Wed. Jan 03, 2001          9          2          7     "	3188	2001-01-03	"Wed"	"Midday"	"927"	9	2	7	18	"92"	"27"	11	9
"3187     Tue. Jan 02, 2001          7          4          2     "	3187	2001-01-02	"Tue"	"Evening"	"742"	7	4	2	13	"74"	"42"	11	6
"3186     Mon. Jan 01, 2001          8          4          7     "	3186	2001-01-01	"Mon"	"Midday"	"847"	8	4	7	19	"84"	"47"	12	11
"3185     Sun. Dec 31, 2000          8          7          8     "	3185	2000-12-31	"Sun"	"Evening"	"878"	8	7	8	23	"87"	"78"	15	15
"3184     Sat. Dec 30, 2000          5          2          3     "	3184	2000-12-30	"Sat"	"Midday"	"523"	5	2	3	10	"52"	"23"	7	5
"3183     Fri. Dec 29, 2000          1          5          5     "	3183	2000-12-29	"Fri"	"Evening"	"155"	1	5	5	11	"15"	"55"	6	10
"3182     Thu. Dec 28, 2000          4          6          5     "	3182	2000-12-28	"Thu"	"Midday"	"465"	4	6	5	15	"46"	"65"	10	11
"3181     Wed. Dec 27, 2000          9          5          2     "	3181	2000-12-27	"Wed"	"Evening"	"952"	9	5	2	16	"95"	"52"	14	7
"3180     Tue. Dec 26, 2000          2          4          7     "	3180	2000-12-26	"Tue"	"Midday"	"247"	2	4	7	13	"24"	"47"	6	11
"3179     Mon. Dec 25, 2000          2          6          0     "	3179	2000-12-25	"Mon"	"Evening"	"260"	2	6	0	8	"26"	"60"	8	6
"3178     Sun. Dec 24, 2000          0          1          2     "	3178	2000-12-24	"Sun"	"Midday"	"012"	0	1	2	3	"01"	"12"	1	3
"3177     Sat. Dec 23, 2000          6          4          2     "	3177	2000-12-23	"Sat"	"Evening"	"642"	6	4	2	12	"64"	"42"	10	6
"3176     Fri. Dec 22, 2000          1          1          0     "	3176	2000-12-22	"Fri"	"Midday"	"110"	1	1	0	2	"11"	"10"	2	1
"3175     Thu. Dec 21, 2000          1          0          4     "	3175	2000-12-21	"Thu"	"Evening"	"104"	1	0	4	5	"10"	"04"	1	4
"3174     Wed. Dec 20, 2000          5          2          2     "	3174	2000-12-20	"Wed"	"Midday"	"522"	5	2	2	9	"52"	"22"	7	4
"3173     Tue. Dec 19, 2000          1          3          1     "	3173	2000-12-19	"Tue"	"Evening"	"131"	1	3	1	5	"13"	"31"	4	4
"3172     Mon. Dec 18, 2000          7          5          6     "	3172	2000-12-18	"Mon"	"Midday"	"756"	7	5	6	18	"75"	"56"	12	11
"3171     Sun. Dec 17, 2000          0          2          6     "	3171	2000-12-17	"Sun"	"Evening"	"026"	0	2	6	8	"02"	"26"	2	8
"3170     Sat. Dec 16, 2000          9          4          1     "	3170	2000-12-16	"Sat"	"Midday"	"941"	9	4	1	14	"94"	"41"	13	5
"3169     Fri. Dec 15, 2000          4          0          9     "	3169	2000-12-15	"Fri"	"Evening"	"409"	4	0	9	13	"40"	"09"	4	9
"3168     Thu. Dec 14, 2000          9          5          8     "	3168	2000-12-14	"Thu"	"Midday"	"958"	9	5	8	22	"95"	"58"	14	13
"3167     Wed. Dec 13, 2000          5          5          8     "	3167	2000-12-13	"Wed"	"Evening"	"558"	5	5	8	18	"55"	"58"	10	13
"3166     Tue. Dec 12, 2000          3          9          8     "	3166	2000-12-12	"Tue"	"Midday"	"398"	3	9	8	20	"39"	"98"	12	17
"3165     Mon. Dec 11, 2000          9          1          4     "	3165	2000-12-11	"Mon"	"Evening"	"914"	9	1	4	14	"91"	"14"	10	5
"3164     Sun. Dec 10, 2000          7          4          3     "	3164	2000-12-10	"Sun"	"Midday"	"743"	7	4	3	14	"74"	"43"	11	7
"3163     Sat. Dec 09, 2000          3          5          8     "	3163	2000-12-09	"Sat"	"Evening"	"358"	3	5	8	16	"35"	"58"	8	13
"3162     Fri. Dec 08, 2000          6          7          4     "	3162	2000-12-08	"Fri"	"Midday"	"674"	6	7	4	17	"67"	"74"	13	11
"3161     Thu. Dec 07, 2000          4          3          2     "	3161	2000-12-07	"Thu"	"Evening"	"432"	4	3	2	9	"43"	"32"	7	5
"3160     Wed. Dec 06, 2000          6          6          3     "	3160	2000-12-06	"Wed"	"Midday"	"663"	6	6	3	15	"66"	"63"	12	9
"3159     Tue. Dec 05, 2000          1          7          1     "	3159	2000-12-05	"Tue"	"Evening"	"171"	1	7	1	9	"17"	"71"	8	8
"3158     Mon. Dec 04, 2000          2          9          5     "	3158	2000-12-04	"Mon"	"Midday"	"295"	2	9	5	16	"29"	"95"	11	14
"3157     Sun. Dec 03, 2000          7          7          1     "	3157	2000-12-03	"Sun"	"Evening"	"771"	7	7	1	15	"77"	"71"	14	8
"3156     Sat. Dec 02, 2000          4          7          5     "	3156	2000-12-02	"Sat"	"Midday"	"475"	4	7	5	16	"47"	"75"	11	12
"3155     Fri. Dec 01, 2000          1          2          7     "	3155	2000-12-01	"Fri"	"Evening"	"127"	1	2	7	10	"12"	"27"	3	9
"3154     Thu. Nov 30, 2000          5          1          8     "	3154	2000-11-30	"Thu"	"Midday"	"518"	5	1	8	14	"51"	"18"	6	9
"3153     Wed. Nov 29, 2000          7          6          7     "	3153	2000-11-29	"Wed"	"Evening"	"767"	7	6	7	20	"76"	"67"	13	13
"3152     Tue. Nov 28, 2000          5          4          8     "	3152	2000-11-28	"Tue"	"Midday"	"548"	5	4	8	17	"54"	"48"	9	12
"3151     Mon. Nov 27, 2000          8          9          7     "	3151	2000-11-27	"Mon"	"Evening"	"897"	8	9	7	24	"89"	"97"	17	16
"3150     Sun. Nov 26, 2000          8          7          6     "	3150	2000-11-26	"Sun"	"Midday"	"876"	8	7	6	21	"87"	"76"	15	13
"3149     Sat. Nov 25, 2000          6          3          4     "	3149	2000-11-25	"Sat"	"Evening"	"634"	6	3	4	13	"63"	"34"	9	7
"3148     Fri. Nov 24, 2000          8          9          0     "	3148	2000-11-24	"Fri"	"Midday"	"890"	8	9	0	17	"89"	"90"	17	9
"3147     Thu. Nov 23, 2000          7          0          4     "	3147	2000-11-23	"Thu"	"Evening"	"704"	7	0	4	11	"70"	"04"	7	4
"3146     Wed. Nov 22, 2000          3          1          8     "	3146	2000-11-22	"Wed"	"Midday"	"318"	3	1	8	12	"31"	"18"	4	9
"3145     Tue. Nov 21, 2000          1          8          7     "	3145	2000-11-21	"Tue"	"Evening"	"187"	1	8	7	16	"18"	"87"	9	15
"3144     Mon. Nov 20, 2000          7          4          9     "	3144	2000-11-20	"Mon"	"Midday"	"749"	7	4	9	20	"74"	"49"	11	13
"3143     Sun. Nov 19, 2000          2          9          4     "	3143	2000-11-19	"Sun"	"Evening"	"294"	2	9	4	15	"29"	"94"	11	13
"3142     Sat. Nov 18, 2000          7          6          8     "	3142	2000-11-18	"Sat"	"Midday"	"768"	7	6	8	21	"76"	"68"	13	14
"3141     Fri. Nov 17, 2000          5          8          5     "	3141	2000-11-17	"Fri"	"Evening"	"585"	5	8	5	18	"58"	"85"	13	13
"3140     Thu. Nov 16, 2000          8          6          1     "	3140	2000-11-16	"Thu"	"Midday"	"861"	8	6	1	15	"86"	"61"	14	7
"3139     Wed. Nov 15, 2000          6          1          7     "	3139	2000-11-15	"Wed"	"Evening"	"617"	6	1	7	14	"61"	"17"	7	8
"3138     Tue. Nov 14, 2000          5          2          3     "	3138	2000-11-14	"Tue"	"Midday"	"523"	5	2	3	10	"52"	"23"	7	5
"3137     Mon. Nov 13, 2000          2          8          8     "	3137	2000-11-13	"Mon"	"Evening"	"288"	2	8	8	18	"28"	"88"	10	16
"3136     Sun. Nov 12, 2000          6          3          1     "	3136	2000-11-12	"Sun"	"Midday"	"631"	6	3	1	10	"63"	"31"	9	4
"3135     Sat. Nov 11, 2000          6          6          1     "	3135	2000-11-11	"Sat"	"Evening"	"661"	6	6	1	13	"66"	"61"	12	7
"3134     Fri. Nov 10, 2000          5          5          5     "	3134	2000-11-10	"Fri"	"Midday"	"555"	5	5	5	15	"55"	"55"	10	10
"3133     Thu. Nov 09, 2000          3          4          6     "	3133	2000-11-09	"Thu"	"Evening"	"346"	3	4	6	13	"34"	"46"	7	10
"3132     Wed. Nov 08, 2000          6          6          7     "	3132	2000-11-08	"Wed"	"Midday"	"667"	6	6	7	19	"66"	"67"	12	13
"3131     Tue. Nov 07, 2000          0          5          5     "	3131	2000-11-07	"Tue"	"Evening"	"055"	0	5	5	10	"05"	"55"	5	10
"3130     Mon. Nov 06, 2000          7          1          3     "	3130	2000-11-06	"Mon"	"Midday"	"713"	7	1	3	11	"71"	"13"	8	4
"3129     Sun. Nov 05, 2000          6          2          3     "	3129	2000-11-05	"Sun"	"Evening"	"623"	6	2	3	11	"62"	"23"	8	5
"3128     Sat. Nov 04, 2000          6          8          7     "	3128	2000-11-04	"Sat"	"Midday"	"687"	6	8	7	21	"68"	"87"	14	15
"3127     Fri. Nov 03, 2000          7          1          5     "	3127	2000-11-03	"Fri"	"Evening"	"715"	7	1	5	13	"71"	"15"	8	6
"3126     Thu. Nov 02, 2000          3          1          9     "	3126	2000-11-02	"Thu"	"Midday"	"319"	3	1	9	13	"31"	"19"	4	10
"3125     Wed. Nov 01, 2000          7          2          3     "	3125	2000-11-01	"Wed"	"Evening"	"723"	7	2	3	12	"72"	"23"	9	5
"3124     Tue. Oct 31, 2000          7          3          8     "	3124	2000-10-31	"Tue"	"Midday"	"738"	7	3	8	18	"73"	"38"	10	11
"3123     Mon. Oct 30, 2000          9          4          8     "	3123	2000-10-30	"Mon"	"Evening"	"948"	9	4	8	21	"94"	"48"	13	12
"3122     Sun. Oct 29, 2000          9          6          7     "	3122	2000-10-29	"Sun"	"Midday"	"967"	9	6	7	22	"96"	"67"	15	13
"3121     Sat. Oct 28, 2000          9          4          3     "	3121	2000-10-28	"Sat"	"Evening"	"943"	9	4	3	16	"94"	"43"	13	7
"3120     Fri. Oct 27, 2000          8          3          2     "	3120	2000-10-27	"Fri"	"Midday"	"832"	8	3	2	13	"83"	"32"	11	5
"3119     Thu. Oct 26, 2000          3          2          9     "	3119	2000-10-26	"Thu"	"Evening"	"329"	3	2	9	14	"32"	"29"	5	11
"3118     Wed. Oct 25, 2000          6          6          3     "	3118	2000-10-25	"Wed"	"Midday"	"663"	6	6	3	15	"66"	"63"	12	9
"3117     Tue. Oct 24, 2000          5          6          4     "	3117	2000-10-24	"Tue"	"Evening"	"564"	5	6	4	15	"56"	"64"	11	10
"3116     Mon. Oct 23, 2000          2          0          1     "	3116	2000-10-23	"Mon"	"Midday"	"201"	2	0	1	3	"20"	"01"	2	1
"3115     Sun. Oct 22, 2000          2          9          5     "	3115	2000-10-22	"Sun"	"Evening"	"295"	2	9	5	16	"29"	"95"	11	14
"3114     Sat. Oct 21, 2000          5          5          3     "	3114	2000-10-21	"Sat"	"Midday"	"553"	5	5	3	13	"55"	"53"	10	8
"3113     Fri. Oct 20, 2000          3          1          8     "	3113	2000-10-20	"Fri"	"Evening"	"318"	3	1	8	12	"31"	"18"	4	9
"3112     Thu. Oct 19, 2000          6          8          3     "	3112	2000-10-19	"Thu"	"Midday"	"683"	6	8	3	17	"68"	"83"	14	11
"3111     Wed. Oct 18, 2000          8          2          6     "	3111	2000-10-18	"Wed"	"Evening"	"826"	8	2	6	16	"82"	"26"	10	8
"3110     Tue. Oct 17, 2000          4          9          8     "	3110	2000-10-17	"Tue"	"Midday"	"498"	4	9	8	21	"49"	"98"	13	17
"3109     Mon. Oct 16, 2000          4          4          1     "	3109	2000-10-16	"Mon"	"Evening"	"441"	4	4	1	9	"44"	"41"	8	5
"3108     Sun. Oct 15, 2000          7          0          1     "	3108	2000-10-15	"Sun"	"Midday"	"701"	7	0	1	8	"70"	"01"	7	1
"3107     Sat. Oct 14, 2000          3          0          3     "	3107	2000-10-14	"Sat"	"Evening"	"303"	3	0	3	6	"30"	"03"	3	3
"3106     Fri. Oct 13, 2000          4          2          5     "	3106	2000-10-13	"Fri"	"Midday"	"425"	4	2	5	11	"42"	"25"	6	7
"3105     Thu. Oct 12, 2000          0          5          4     "	3105	2000-10-12	"Thu"	"Evening"	"054"	0	5	4	9	"05"	"54"	5	9
"3104     Wed. Oct 11, 2000          3          0          2     "	3104	2000-10-11	"Wed"	"Midday"	"302"	3	0	2	5	"30"	"02"	3	2
"3103     Tue. Oct 10, 2000          9          2          5     "	3103	2000-10-10	"Tue"	"Evening"	"925"	9	2	5	16	"92"	"25"	11	7
"3102     Mon. Oct 09, 2000          9          7          7     "	3102	2000-10-09	"Mon"	"Midday"	"977"	9	7	7	23	"97"	"77"	16	14
"3101     Sun. Oct 08, 2000          1          1          2     "	3101	2000-10-08	"Sun"	"Evening"	"112"	1	1	2	4	"11"	"12"	2	3
"3100     Sat. Oct 07, 2000          4          2          0     "	3100	2000-10-07	"Sat"	"Midday"	"420"	4	2	0	6	"42"	"20"	6	2
"3099     Fri. Oct 06, 2000          5          6          7     "	3099	2000-10-06	"Fri"	"Evening"	"567"	5	6	7	18	"56"	"67"	11	13
"3098     Thu. Oct 05, 2000          0          8          6     "	3098	2000-10-05	"Thu"	"Midday"	"086"	0	8	6	14	"08"	"86"	8	14
"3097     Wed. Oct 04, 2000          7          8          5     "	3097	2000-10-04	"Wed"	"Evening"	"785"	7	8	5	20	"78"	"85"	15	13
"3096     Tue. Oct 03, 2000          4          2          2     "	3096	2000-10-03	"Tue"	"Midday"	"422"	4	2	2	8	"42"	"22"	6	4
"3095     Mon. Oct 02, 2000          9          1          9     "	3095	2000-10-02	"Mon"	"Evening"	"919"	9	1	9	19	"91"	"19"	10	10
"3094     Sun. Oct 01, 2000          6          4          5     "	3094	2000-10-01	"Sun"	"Midday"	"645"	6	4	5	15	"64"	"45"	10	9
"3093     Sat. Sep 30, 2000          8          7          1     "	3093	2000-09-30	"Sat"	"Evening"	"871"	8	7	1	16	"87"	"71"	15	8
"3092     Fri. Sep 29, 2000          5          8          0     "	3092	2000-09-29	"Fri"	"Midday"	"580"	5	8	0	13	"58"	"80"	13	8
"3091     Thu. Sep 28, 2000          0          4          0     "	3091	2000-09-28	"Thu"	"Evening"	"040"	0	4	0	4	"04"	"40"	4	4
"3090     Wed. Sep 27, 2000          7          9          1     "	3090	2000-09-27	"Wed"	"Midday"	"791"	7	9	1	17	"79"	"91"	16	10
"3089     Tue. Sep 26, 2000          9          4          2     "	3089	2000-09-26	"Tue"	"Evening"	"942"	9	4	2	15	"94"	"42"	13	6
"3088     Mon. Sep 25, 2000          8          1          2     "	3088	2000-09-25	"Mon"	"Midday"	"812"	8	1	2	11	"81"	"12"	9	3
"3087     Sun. Sep 24, 2000          5          8          2     "	3087	2000-09-24	"Sun"	"Evening"	"582"	5	8	2	15	"58"	"82"	13	10
"3086     Sat. Sep 23, 2000          8          5          8     "	3086	2000-09-23	"Sat"	"Midday"	"858"	8	5	8	21	"85"	"58"	13	13
"3085     Fri. Sep 22, 2000          2          5          4     "	3085	2000-09-22	"Fri"	"Evening"	"254"	2	5	4	11	"25"	"54"	7	9
"3084     Thu. Sep 21, 2000          8          6          6     "	3084	2000-09-21	"Thu"	"Midday"	"866"	8	6	6	20	"86"	"66"	14	12
"3083     Wed. Sep 20, 2000          8          7          7     "	3083	2000-09-20	"Wed"	"Evening"	"877"	8	7	7	22	"87"	"77"	15	14
"3082     Tue. Sep 19, 2000          1          7          8     "	3082	2000-09-19	"Tue"	"Midday"	"178"	1	7	8	16	"17"	"78"	8	15
"3081     Mon. Sep 18, 2000          2          7          2     "	3081	2000-09-18	"Mon"	"Evening"	"272"	2	7	2	11	"27"	"72"	9	9
"3080     Sun. Sep 17, 2000          6          3          0     "	3080	2000-09-17	"Sun"	"Midday"	"630"	6	3	0	9	"63"	"30"	9	3
"3079     Sat. Sep 16, 2000          3          1          9     "	3079	2000-09-16	"Sat"	"Evening"	"319"	3	1	9	13	"31"	"19"	4	10
"3078     Fri. Sep 15, 2000          1          3          7     "	3078	2000-09-15	"Fri"	"Midday"	"137"	1	3	7	11	"13"	"37"	4	10
"3077     Thu. Sep 14, 2000          6          2          5     "	3077	2000-09-14	"Thu"	"Evening"	"625"	6	2	5	13	"62"	"25"	8	7
"3076     Wed. Sep 13, 2000          9          0          8     "	3076	2000-09-13	"Wed"	"Midday"	"908"	9	0	8	17	"90"	"08"	9	8
"3075     Tue. Sep 12, 2000          5          2          7     "	3075	2000-09-12	"Tue"	"Evening"	"527"	5	2	7	14	"52"	"27"	7	9
"3074     Mon. Sep 11, 2000          0          0          0     "	3074	2000-09-11	"Mon"	"Midday"	"000"	0	0	0	0	"00"	"00"	0	0
"3073     Sun. Sep 10, 2000          1          9          1     "	3073	2000-09-10	"Sun"	"Evening"	"191"	1	9	1	11	"19"	"91"	10	10
"3072     Sat. Sep 09, 2000          2          2          5     "	3072	2000-09-09	"Sat"	"Midday"	"225"	2	2	5	9	"22"	"25"	4	7
"3071     Fri. Sep 08, 2000          8          5          2     "	3071	2000-09-08	"Fri"	"Evening"	"852"	8	5	2	15	"85"	"52"	13	7
"3070     Thu. Sep 07, 2000          9          5          8     "	3070	2000-09-07	"Thu"	"Midday"	"958"	9	5	8	22	"95"	"58"	14	13
"3069     Wed. Sep 06, 2000          6          5          4     "	3069	2000-09-06	"Wed"	"Evening"	"654"	6	5	4	15	"65"	"54"	11	9
"3068     Tue. Sep 05, 2000          2          7          7     "	3068	2000-09-05	"Tue"	"Midday"	"277"	2	7	7	16	"27"	"77"	9	14
"3067     Mon. Sep 04, 2000          1          8          2     "	3067	2000-09-04	"Mon"	"Evening"	"182"	1	8	2	11	"18"	"82"	9	10
"3066     Sun. Sep 03, 2000          0          9          2     "	3066	2000-09-03	"Sun"	"Midday"	"092"	0	9	2	11	"09"	"92"	9	11
"3065     Sat. Sep 02, 2000          0          8          3     "	3065	2000-09-02	"Sat"	"Evening"	"083"	0	8	3	11	"08"	"83"	8	11
"3064     Fri. Sep 01, 2000          3          2          7     "	3064	2000-09-01	"Fri"	"Midday"	"327"	3	2	7	12	"32"	"27"	5	9
"3063     Thu. Aug 31, 2000          3          1          4     "	3063	2000-08-31	"Thu"	"Evening"	"314"	3	1	4	8	"31"	"14"	4	5
"3062     Wed. Aug 30, 2000          1          3          1     "	3062	2000-08-30	"Wed"	"Midday"	"131"	1	3	1	5	"13"	"31"	4	4
"3061     Tue. Aug 29, 2000          1          3          7     "	3061	2000-08-29	"Tue"	"Evening"	"137"	1	3	7	11	"13"	"37"	4	10
"3060     Mon. Aug 28, 2000          4          5          9     "	3060	2000-08-28	"Mon"	"Midday"	"459"	4	5	9	18	"45"	"59"	9	14
"3059     Sun. Aug 27, 2000          1          9          1     "	3059	2000-08-27	"Sun"	"Evening"	"191"	1	9	1	11	"19"	"91"	10	10
"3058     Sat. Aug 26, 2000          3          3          3     "	3058	2000-08-26	"Sat"	"Midday"	"333"	3	3	3	9	"33"	"33"	6	6
"3057     Fri. Aug 25, 2000          0          4          8     "	3057	2000-08-25	"Fri"	"Evening"	"048"	0	4	8	12	"04"	"48"	4	12
"3056     Thu. Aug 24, 2000          4          7          3     "	3056	2000-08-24	"Thu"	"Midday"	"473"	4	7	3	14	"47"	"73"	11	10
"3055     Wed. Aug 23, 2000          4          1          7     "	3055	2000-08-23	"Wed"	"Evening"	"417"	4	1	7	12	"41"	"17"	5	8
"3054     Tue. Aug 22, 2000          9          6          4     "	3054	2000-08-22	"Tue"	"Midday"	"964"	9	6	4	19	"96"	"64"	15	10
"3053     Mon. Aug 21, 2000          2          5          0     "	3053	2000-08-21	"Mon"	"Evening"	"250"	2	5	0	7	"25"	"50"	7	5
"3052     Sun. Aug 20, 2000          3          2          3     "	3052	2000-08-20	"Sun"	"Midday"	"323"	3	2	3	8	"32"	"23"	5	5
"3051     Sat. Aug 19, 2000          9          9          4     "	3051	2000-08-19	"Sat"	"Evening"	"994"	9	9	4	22	"99"	"94"	18	13
"3050     Fri. Aug 18, 2000          7          8          7     "	3050	2000-08-18	"Fri"	"Midday"	"787"	7	8	7	22	"78"	"87"	15	15
"3049     Thu. Aug 17, 2000          2          9          8     "	3049	2000-08-17	"Thu"	"Evening"	"298"	2	9	8	19	"29"	"98"	11	17
"3048     Wed. Aug 16, 2000          8          1          1     "	3048	2000-08-16	"Wed"	"Midday"	"811"	8	1	1	10	"81"	"11"	9	2
"3047     Tue. Aug 15, 2000          1          9          1     "	3047	2000-08-15	"Tue"	"Evening"	"191"	1	9	1	11	"19"	"91"	10	10
"3046     Mon. Aug 14, 2000          5          1          7     "	3046	2000-08-14	"Mon"	"Midday"	"517"	5	1	7	13	"51"	"17"	6	8
"3045     Sun. Aug 13, 2000          3          2          8     "	3045	2000-08-13	"Sun"	"Evening"	"328"	3	2	8	13	"32"	"28"	5	10
"3044     Sat. Aug 12, 2000          0          6          3     "	3044	2000-08-12	"Sat"	"Midday"	"063"	0	6	3	9	"06"	"63"	6	9
"3043     Fri. Aug 11, 2000          7          4          3     "	3043	2000-08-11	"Fri"	"Evening"	"743"	7	4	3	14	"74"	"43"	11	7
"3042     Thu. Aug 10, 2000          8          9          2     "	3042	2000-08-10	"Thu"	"Midday"	"892"	8	9	2	19	"89"	"92"	17	11
"3041     Wed. Aug 09, 2000          2          3          9     "	3041	2000-08-09	"Wed"	"Evening"	"239"	2	3	9	14	"23"	"39"	5	12
"3040     Tue. Aug 08, 2000          3          1          4     "	3040	2000-08-08	"Tue"	"Midday"	"314"	3	1	4	8	"31"	"14"	4	5
"3039     Mon. Aug 07, 2000          5          8          9     "	3039	2000-08-07	"Mon"	"Evening"	"589"	5	8	9	22	"58"	"89"	13	17
"3038     Sun. Aug 06, 2000          7          5          1     "	3038	2000-08-06	"Sun"	"Midday"	"751"	7	5	1	13	"75"	"51"	12	6
"3037     Sat. Aug 05, 2000          7          4          5     "	3037	2000-08-05	"Sat"	"Evening"	"745"	7	4	5	16	"74"	"45"	11	9
"3036     Fri. Aug 04, 2000          8          8          4     "	3036	2000-08-04	"Fri"	"Midday"	"884"	8	8	4	20	"88"	"84"	16	12
"3035     Thu. Aug 03, 2000          5          3          5     "	3035	2000-08-03	"Thu"	"Evening"	"535"	5	3	5	13	"53"	"35"	8	8
"3034     Wed. Aug 02, 2000          1          3          5     "	3034	2000-08-02	"Wed"	"Midday"	"135"	1	3	5	9	"13"	"35"	4	8
"3033     Tue. Aug 01, 2000          8          6          4     "	3033	2000-08-01	"Tue"	"Evening"	"864"	8	6	4	18	"86"	"64"	14	10
"3032     Mon. Jul 31, 2000          5          9          4     "	3032	2000-07-31	"Mon"	"Midday"	"594"	5	9	4	18	"59"	"94"	14	13
"3031     Sun. Jul 30, 2000          7          3          0     "	3031	2000-07-30	"Sun"	"Evening"	"730"	7	3	0	10	"73"	"30"	10	3
"3030     Sat. Jul 29, 2000          3          7          9     "	3030	2000-07-29	"Sat"	"Midday"	"379"	3	7	9	19	"37"	"79"	10	16
"3029     Fri. Jul 28, 2000          1          0          0     "	3029	2000-07-28	"Fri"	"Evening"	"100"	1	0	0	1	"10"	"00"	1	0
"3028     Thu. Jul 27, 2000          9          1          6     "	3028	2000-07-27	"Thu"	"Midday"	"916"	9	1	6	16	"91"	"16"	10	7
"3027     Wed. Jul 26, 2000          7          8          9     "	3027	2000-07-26	"Wed"	"Evening"	"789"	7	8	9	24	"78"	"89"	15	17
"3026     Tue. Jul 25, 2000          3          8          9     "	3026	2000-07-25	"Tue"	"Midday"	"389"	3	8	9	20	"38"	"89"	11	17
"3025     Mon. Jul 24, 2000          9          6          8     "	3025	2000-07-24	"Mon"	"Evening"	"968"	9	6	8	23	"96"	"68"	15	14
"3024     Sun. Jul 23, 2000          6          3          1     "	3024	2000-07-23	"Sun"	"Midday"	"631"	6	3	1	10	"63"	"31"	9	4
"3023     Sat. Jul 22, 2000          4          2          6     "	3023	2000-07-22	"Sat"	"Evening"	"426"	4	2	6	12	"42"	"26"	6	8
"3022     Fri. Jul 21, 2000          3          0          5     "	3022	2000-07-21	"Fri"	"Midday"	"305"	3	0	5	8	"30"	"05"	3	5
"3021     Thu. Jul 20, 2000          9          2          2     "	3021	2000-07-20	"Thu"	"Evening"	"922"	9	2	2	13	"92"	"22"	11	4
"3020     Wed. Jul 19, 2000          9          7          5     "	3020	2000-07-19	"Wed"	"Midday"	"975"	9	7	5	21	"97"	"75"	16	12
"3019     Tue. Jul 18, 2000          6          4          6     "	3019	2000-07-18	"Tue"	"Evening"	"646"	6	4	6	16	"64"	"46"	10	10
"3018     Mon. Jul 17, 2000          7          9          5     "	3018	2000-07-17	"Mon"	"Midday"	"795"	7	9	5	21	"79"	"95"	16	14
"3017     Sun. Jul 16, 2000          3          2          2     "	3017	2000-07-16	"Sun"	"Evening"	"322"	3	2	2	7	"32"	"22"	5	4
"3016     Sat. Jul 15, 2000          5          9          9     "	3016	2000-07-15	"Sat"	"Midday"	"599"	5	9	9	23	"59"	"99"	14	18
"3015     Fri. Jul 14, 2000          5          3          5     "	3015	2000-07-14	"Fri"	"Evening"	"535"	5	3	5	13	"53"	"35"	8	8
"3014     Thu. Jul 13, 2000          0          2          2     "	3014	2000-07-13	"Thu"	"Midday"	"022"	0	2	2	4	"02"	"22"	2	4
"3013     Wed. Jul 12, 2000          8          7          2     "	3013	2000-07-12	"Wed"	"Evening"	"872"	8	7	2	17	"87"	"72"	15	9
"3012     Tue. Jul 11, 2000          3          5          6     "	3012	2000-07-11	"Tue"	"Midday"	"356"	3	5	6	14	"35"	"56"	8	11
"3011     Mon. Jul 10, 2000          7          8          1     "	3011	2000-07-10	"Mon"	"Evening"	"781"	7	8	1	16	"78"	"81"	15	9
"3010     Sun. Jul 09, 2000          6          2          1     "	3010	2000-07-09	"Sun"	"Midday"	"621"	6	2	1	9	"62"	"21"	8	3
"3009     Sat. Jul 08, 2000          8          0          1     "	3009	2000-07-08	"Sat"	"Evening"	"801"	8	0	1	9	"80"	"01"	8	1
"3008     Fri. Jul 07, 2000          0          1          7     "	3008	2000-07-07	"Fri"	"Midday"	"017"	0	1	7	8	"01"	"17"	1	8
"3007     Thu. Jul 06, 2000          2          2          3     "	3007	2000-07-06	"Thu"	"Evening"	"223"	2	2	3	7	"22"	"23"	4	5
"3006     Wed. Jul 05, 2000          6          8          5     "	3006	2000-07-05	"Wed"	"Midday"	"685"	6	8	5	19	"68"	"85"	14	13
"3005     Tue. Jul 04, 2000          2          2          7     "	3005	2000-07-04	"Tue"	"Evening"	"227"	2	2	7	11	"22"	"27"	4	9
"3004     Mon. Jul 03, 2000          5          1          5     "	3004	2000-07-03	"Mon"	"Midday"	"515"	5	1	5	11	"51"	"15"	6	6
"3003     Sun. Jul 02, 2000          0          6          9     "	3003	2000-07-02	"Sun"	"Evening"	"069"	0	6	9	15	"06"	"69"	6	15
"3002     Sat. Jul 01, 2000          7          7          9     "	3002	2000-07-01	"Sat"	"Midday"	"779"	7	7	9	23	"77"	"79"	14	16
"3001     Fri. Jun 30, 2000          8          7          6     "	3001	2000-06-30	"Fri"	"Evening"	"876"	8	7	6	21	"87"	"76"	15	13
"3000     Thu. Jun 29, 2000          0          5          1     "	3000	2000-06-29	"Thu"	"Midday"	"051"	0	5	1	6	"05"	"51"	5	6
"2999     Wed. Jun 28, 2000          4          7          4     "	2999	2000-06-28	"Wed"	"Evening"	"474"	4	7	4	15	"47"	"74"	11	11
"2998     Tue. Jun 27, 2000          2          0          1     "	2998	2000-06-27	"Tue"	"Midday"	"201"	2	0	1	3	"20"	"01"	2	1
"2997     Mon. Jun 26, 2000          9          0          3     "	2997	2000-06-26	"Mon"	"Evening"	"903"	9	0	3	12	"90"	"03"	9	3
"2996     Sun. Jun 25, 2000          7          6          4     "	2996	2000-06-25	"Sun"	"Midday"	"764"	7	6	4	17	"76"	"64"	13	10
"2995     Sat. Jun 24, 2000          9          4          6     "	2995	2000-06-24	"Sat"	"Evening"	"946"	9	4	6	19	"94"	"46"	13	10
"2994     Fri. Jun 23, 2000          2          1          8     "	2994	2000-06-23	"Fri"	"Midday"	"218"	2	1	8	11	"21"	"18"	3	9
"2993     Thu. Jun 22, 2000          3          8          0     "	2993	2000-06-22	"Thu"	"Evening"	"380"	3	8	0	11	"38"	"80"	11	8
"2992     Wed. Jun 21, 2000          5          3          1     "	2992	2000-06-21	"Wed"	"Midday"	"531"	5	3	1	9	"53"	"31"	8	4
"2991     Tue. Jun 20, 2000          9          4          2     "	2991	2000-06-20	"Tue"	"Evening"	"942"	9	4	2	15	"94"	"42"	13	6
"2990     Mon. Jun 19, 2000          4          5          9     "	2990	2000-06-19	"Mon"	"Midday"	"459"	4	5	9	18	"45"	"59"	9	14
"2989     Sun. Jun 18, 2000          0          4          4     "	2989	2000-06-18	"Sun"	"Evening"	"044"	0	4	4	8	"04"	"44"	4	8
"2988     Sat. Jun 17, 2000          3          1          0     "	2988	2000-06-17	"Sat"	"Midday"	"310"	3	1	0	4	"31"	"10"	4	1
"2987     Fri. Jun 16, 2000          9          0          6     "	2987	2000-06-16	"Fri"	"Evening"	"906"	9	0	6	15	"90"	"06"	9	6
"2986     Thu. Jun 15, 2000          1          4          8     "	2986	2000-06-15	"Thu"	"Midday"	"148"	1	4	8	13	"14"	"48"	5	12
"2985     Wed. Jun 14, 2000          1          9          6     "	2985	2000-06-14	"Wed"	"Evening"	"196"	1	9	6	16	"19"	"96"	10	15
"2984     Tue. Jun 13, 2000          5          6          6     "	2984	2000-06-13	"Tue"	"Midday"	"566"	5	6	6	17	"56"	"66"	11	12
"2983     Mon. Jun 12, 2000          7          0          3     "	2983	2000-06-12	"Mon"	"Evening"	"703"	7	0	3	10	"70"	"03"	7	3
"2982     Sun. Jun 11, 2000          8          5          9     "	2982	2000-06-11	"Sun"	"Midday"	"859"	8	5	9	22	"85"	"59"	13	14
"2981     Sat. Jun 10, 2000          1          7          5     "	2981	2000-06-10	"Sat"	"Evening"	"175"	1	7	5	13	"17"	"75"	8	12
"2980     Fri. Jun 09, 2000          1          7          0     "	2980	2000-06-09	"Fri"	"Midday"	"170"	1	7	0	8	"17"	"70"	8	7
"2979     Thu. Jun 08, 2000          8          3          5     "	2979	2000-06-08	"Thu"	"Evening"	"835"	8	3	5	16	"83"	"35"	11	8
"2978     Wed. Jun 07, 2000          5          2          9     "	2978	2000-06-07	"Wed"	"Midday"	"529"	5	2	9	16	"52"	"29"	7	11
"2977     Tue. Jun 06, 2000          5          7          5     "	2977	2000-06-06	"Tue"	"Evening"	"575"	5	7	5	17	"57"	"75"	12	12
"2976     Mon. Jun 05, 2000          2          7          2     "	2976	2000-06-05	"Mon"	"Midday"	"272"	2	7	2	11	"27"	"72"	9	9
"2975     Sun. Jun 04, 2000          2          9          2     "	2975	2000-06-04	"Sun"	"Evening"	"292"	2	9	2	13	"29"	"92"	11	11
"2974     Sat. Jun 03, 2000          1          2          9     "	2974	2000-06-03	"Sat"	"Midday"	"129"	1	2	9	12	"12"	"29"	3	11
"2973     Fri. Jun 02, 2000          1          8          0     "	2973	2000-06-02	"Fri"	"Evening"	"180"	1	8	0	9	"18"	"80"	9	8
"2972     Thu. Jun 01, 2000          3          0          0     "	2972	2000-06-01	"Thu"	"Midday"	"300"	3	0	0	3	"30"	"00"	3	0
"2971     Wed. May 31, 2000          0          9          0     "	2971	2000-05-31	"Wed"	"Evening"	"090"	0	9	0	9	"09"	"90"	9	9
"2970     Tue. May 30, 2000          6          5          8     "	2970	2000-05-30	"Tue"	"Midday"	"658"	6	5	8	19	"65"	"58"	11	13
"2969     Mon. May 29, 2000          5          9          0     "	2969	2000-05-29	"Mon"	"Evening"	"590"	5	9	0	14	"59"	"90"	14	9
"2968     Sun. May 28, 2000          1          7          6     "	2968	2000-05-28	"Sun"	"Midday"	"176"	1	7	6	14	"17"	"76"	8	13
"2967     Sat. May 27, 2000          9          8          6     "	2967	2000-05-27	"Sat"	"Evening"	"986"	9	8	6	23	"98"	"86"	17	14
"2966     Fri. May 26, 2000          6          8          2     "	2966	2000-05-26	"Fri"	"Midday"	"682"	6	8	2	16	"68"	"82"	14	10
"2965     Thu. May 25, 2000          9          0          6     "	2965	2000-05-25	"Thu"	"Evening"	"906"	9	0	6	15	"90"	"06"	9	6
"2964     Wed. May 24, 2000          3          6          9     "	2964	2000-05-24	"Wed"	"Midday"	"369"	3	6	9	18	"36"	"69"	9	15
"2963     Tue. May 23, 2000          0          6          3     "	2963	2000-05-23	"Tue"	"Evening"	"063"	0	6	3	9	"06"	"63"	6	9
"2962     Mon. May 22, 2000          4          6          1     "	2962	2000-05-22	"Mon"	"Midday"	"461"	4	6	1	11	"46"	"61"	10	7
"2961     Sun. May 21, 2000          5          9          4     "	2961	2000-05-21	"Sun"	"Evening"	"594"	5	9	4	18	"59"	"94"	14	13
"2960     Sat. May 20, 2000          2          7          9     "	2960	2000-05-20	"Sat"	"Midday"	"279"	2	7	9	18	"27"	"79"	9	16
"2959     Fri. May 19, 2000          8          6          3     "	2959	2000-05-19	"Fri"	"Evening"	"863"	8	6	3	17	"86"	"63"	14	9
"2958     Thu. May 18, 2000          4          6          7     "	2958	2000-05-18	"Thu"	"Midday"	"467"	4	6	7	17	"46"	"67"	10	13
"2957     Wed. May 17, 2000          7          2          4     "	2957	2000-05-17	"Wed"	"Evening"	"724"	7	2	4	13	"72"	"24"	9	6
"2956     Tue. May 16, 2000          3          0          3     "	2956	2000-05-16	"Tue"	"Midday"	"303"	3	0	3	6	"30"	"03"	3	3
"2955     Mon. May 15, 2000          5          6          7     "	2955	2000-05-15	"Mon"	"Evening"	"567"	5	6	7	18	"56"	"67"	11	13
"2954     Sun. May 14, 2000          4          2          9     "	2954	2000-05-14	"Sun"	"Midday"	"429"	4	2	9	15	"42"	"29"	6	11
"2953     Sat. May 13, 2000          8          4          2     "	2953	2000-05-13	"Sat"	"Evening"	"842"	8	4	2	14	"84"	"42"	12	6
"2952     Fri. May 12, 2000          6          9          4     "	2952	2000-05-12	"Fri"	"Midday"	"694"	6	9	4	19	"69"	"94"	15	13
"2951     Thu. May 11, 2000          3          9          4     "	2951	2000-05-11	"Thu"	"Evening"	"394"	3	9	4	16	"39"	"94"	12	13
"2950     Wed. May 10, 2000          6          8          5     "	2950	2000-05-10	"Wed"	"Midday"	"685"	6	8	5	19	"68"	"85"	14	13
"2949     Tue. May 09, 2000          3          7          0     "	2949	2000-05-09	"Tue"	"Evening"	"370"	3	7	0	10	"37"	"70"	10	7
"2948     Mon. May 08, 2000          7          2          0     "	2948	2000-05-08	"Mon"	"Midday"	"720"	7	2	0	9	"72"	"20"	9	2
"2947     Sun. May 07, 2000          4          5          7     "	2947	2000-05-07	"Sun"	"Evening"	"457"	4	5	7	16	"45"	"57"	9	12
"2946     Sat. May 06, 2000          4          9          8     "	2946	2000-05-06	"Sat"	"Midday"	"498"	4	9	8	21	"49"	"98"	13	17
"2945     Fri. May 05, 2000          2          5          1     "	2945	2000-05-05	"Fri"	"Evening"	"251"	2	5	1	8	"25"	"51"	7	6
"2944     Thu. May 04, 2000          3          1          2     "	2944	2000-05-04	"Thu"	"Midday"	"312"	3	1	2	6	"31"	"12"	4	3
"2943     Wed. May 03, 2000          1          2          8     "	2943	2000-05-03	"Wed"	"Evening"	"128"	1	2	8	11	"12"	"28"	3	10
"2942     Tue. May 02, 2000          0          1          5     "	2942	2000-05-02	"Tue"	"Midday"	"015"	0	1	5	6	"01"	"15"	1	6
"2941     Mon. May 01, 2000          8          9          4     "	2941	2000-05-01	"Mon"	"Evening"	"894"	8	9	4	21	"89"	"94"	17	13
"2940     Sun. Apr 30, 2000          1          4          9     "	2940	2000-04-30	"Sun"	"Midday"	"149"	1	4	9	14	"14"	"49"	5	13
"2939     Sat. Apr 29, 2000          8          8          6     "	2939	2000-04-29	"Sat"	"Evening"	"886"	8	8	6	22	"88"	"86"	16	14
"2938     Fri. Apr 28, 2000          6          4          5     "	2938	2000-04-28	"Fri"	"Midday"	"645"	6	4	5	15	"64"	"45"	10	9
"2937     Thu. Apr 27, 2000          0          9          4     "	2937	2000-04-27	"Thu"	"Evening"	"094"	0	9	4	13	"09"	"94"	9	13
"2936     Wed. Apr 26, 2000          4          8          4     "	2936	2000-04-26	"Wed"	"Midday"	"484"	4	8	4	16	"48"	"84"	12	12
"2935     Tue. Apr 25, 2000          7          1          1     "	2935	2000-04-25	"Tue"	"Evening"	"711"	7	1	1	9	"71"	"11"	8	2
"2934     Mon. Apr 24, 2000          5          5          6     "	2934	2000-04-24	"Mon"	"Midday"	"556"	5	5	6	16	"55"	"56"	10	11
"2933     Sun. Apr 23, 2000          8          7          2     "	2933	2000-04-23	"Sun"	"Evening"	"872"	8	7	2	17	"87"	"72"	15	9
"2932     Sat. Apr 22, 2000          4          8          6     "	2932	2000-04-22	"Sat"	"Midday"	"486"	4	8	6	18	"48"	"86"	12	14
"2931     Fri. Apr 21, 2000          9          0          0     "	2931	2000-04-21	"Fri"	"Evening"	"900"	9	0	0	9	"90"	"00"	9	0
"2930     Thu. Apr 20, 2000          4          4          8     "	2930	2000-04-20	"Thu"	"Midday"	"448"	4	4	8	16	"44"	"48"	8	12
"2929     Wed. Apr 19, 2000          5          6          2     "	2929	2000-04-19	"Wed"	"Evening"	"562"	5	6	2	13	"56"	"62"	11	8
"2928     Tue. Apr 18, 2000          8          3          0     "	2928	2000-04-18	"Tue"	"Midday"	"830"	8	3	0	11	"83"	"30"	11	3
"2927     Mon. Apr 17, 2000          3          8          1     "	2927	2000-04-17	"Mon"	"Evening"	"381"	3	8	1	12	"38"	"81"	11	9
"2926     Sun. Apr 16, 2000          3          0          8     "	2926	2000-04-16	"Sun"	"Midday"	"308"	3	0	8	11	"30"	"08"	3	8
"2925     Sat. Apr 15, 2000          7          0          1     "	2925	2000-04-15	"Sat"	"Evening"	"701"	7	0	1	8	"70"	"01"	7	1
"2924     Fri. Apr 14, 2000          0          4          6     "	2924	2000-04-14	"Fri"	"Midday"	"046"	0	4	6	10	"04"	"46"	4	10
"2923     Thu. Apr 13, 2000          5          8          0     "	2923	2000-04-13	"Thu"	"Evening"	"580"	5	8	0	13	"58"	"80"	13	8
"2922     Wed. Apr 12, 2000          9          0          4     "	2922	2000-04-12	"Wed"	"Midday"	"904"	9	0	4	13	"90"	"04"	9	4
"2921     Tue. Apr 11, 2000          1          4          6     "	2921	2000-04-11	"Tue"	"Evening"	"146"	1	4	6	11	"14"	"46"	5	10
"2920     Mon. Apr 10, 2000          2          8          7     "	2920	2000-04-10	"Mon"	"Midday"	"287"	2	8	7	17	"28"	"87"	10	15
"2919     Sun. Apr 09, 2000          4          4          9     "	2919	2000-04-09	"Sun"	"Evening"	"449"	4	4	9	17	"44"	"49"	8	13
"2918     Sat. Apr 08, 2000          7          7          3     "	2918	2000-04-08	"Sat"	"Midday"	"773"	7	7	3	17	"77"	"73"	14	10
"2917     Fri. Apr 07, 2000          9          0          1     "	2917	2000-04-07	"Fri"	"Evening"	"901"	9	0	1	10	"90"	"01"	9	1
"2916     Thu. Apr 06, 2000          9          9          0     "	2916	2000-04-06	"Thu"	"Midday"	"990"	9	9	0	18	"99"	"90"	18	9
"2915     Wed. Apr 05, 2000          3          7          5     "	2915	2000-04-05	"Wed"	"Evening"	"375"	3	7	5	15	"37"	"75"	10	12
"2914     Tue. Apr 04, 2000          3          9          0     "	2914	2000-04-04	"Tue"	"Midday"	"390"	3	9	0	12	"39"	"90"	12	9
"2913     Mon. Apr 03, 2000          7          2          3     "	2913	2000-04-03	"Mon"	"Evening"	"723"	7	2	3	12	"72"	"23"	9	5
"2912     Sun. Apr 02, 2000          3          0          7     "	2912	2000-04-02	"Sun"	"Midday"	"307"	3	0	7	10	"30"	"07"	3	7
"2911     Sat. Apr 01, 2000          5          0          1     "	2911	2000-04-01	"Sat"	"Evening"	"501"	5	0	1	6	"50"	"01"	5	1
"2910     Fri. Mar 31, 2000          3          8          4     "	2910	2000-03-31	"Fri"	"Midday"	"384"	3	8	4	15	"38"	"84"	11	12
"2909     Thu. Mar 30, 2000          2          7          0     "	2909	2000-03-30	"Thu"	"Evening"	"270"	2	7	0	9	"27"	"70"	9	7
"2908     Wed. Mar 29, 2000          7          4          0     "	2908	2000-03-29	"Wed"	"Midday"	"740"	7	4	0	11	"74"	"40"	11	4
"2907     Tue. Mar 28, 2000          2          7          5     "	2907	2000-03-28	"Tue"	"Evening"	"275"	2	7	5	14	"27"	"75"	9	12
"2906     Mon. Mar 27, 2000          8          4          9     "	2906	2000-03-27	"Mon"	"Midday"	"849"	8	4	9	21	"84"	"49"	12	13
"2905     Sun. Mar 26, 2000          3          8          9     "	2905	2000-03-26	"Sun"	"Evening"	"389"	3	8	9	20	"38"	"89"	11	17
"2904     Sat. Mar 25, 2000          2          2          5     "	2904	2000-03-25	"Sat"	"Midday"	"225"	2	2	5	9	"22"	"25"	4	7
"2903     Fri. Mar 24, 2000          1          6          8     "	2903	2000-03-24	"Fri"	"Evening"	"168"	1	6	8	15	"16"	"68"	7	14
"2902     Thu. Mar 23, 2000          6          2          5     "	2902	2000-03-23	"Thu"	"Midday"	"625"	6	2	5	13	"62"	"25"	8	7
"2901     Wed. Mar 22, 2000          4          2          3     "	2901	2000-03-22	"Wed"	"Evening"	"423"	4	2	3	9	"42"	"23"	6	5
"2900     Tue. Mar 21, 2000          3          3          3     "	2900	2000-03-21	"Tue"	"Midday"	"333"	3	3	3	9	"33"	"33"	6	6
"2899     Mon. Mar 20, 2000          2          1          6     "	2899	2000-03-20	"Mon"	"Evening"	"216"	2	1	6	9	"21"	"16"	3	7
"2898     Sun. Mar 19, 2000          6          3          6     "	2898	2000-03-19	"Sun"	"Midday"	"636"	6	3	6	15	"63"	"36"	9	9
"2897     Sat. Mar 18, 2000          9          4          9     "	2897	2000-03-18	"Sat"	"Evening"	"949"	9	4	9	22	"94"	"49"	13	13
"2896     Fri. Mar 17, 2000          9          4          4     "	2896	2000-03-17	"Fri"	"Midday"	"944"	9	4	4	17	"94"	"44"	13	8
"2895     Thu. Mar 16, 2000          1          9          8     "	2895	2000-03-16	"Thu"	"Evening"	"198"	1	9	8	18	"19"	"98"	10	17
"2894     Wed. Mar 15, 2000          3          4          9     "	2894	2000-03-15	"Wed"	"Midday"	"349"	3	4	9	16	"34"	"49"	7	13
"2893     Tue. Mar 14, 2000          1          0          6     "	2893	2000-03-14	"Tue"	"Evening"	"106"	1	0	6	7	"10"	"06"	1	6
"2892     Mon. Mar 13, 2000          0          1          1     "	2892	2000-03-13	"Mon"	"Midday"	"011"	0	1	1	2	"01"	"11"	1	2
"2891     Sun. Mar 12, 2000          4          0          3     "	2891	2000-03-12	"Sun"	"Evening"	"403"	4	0	3	7	"40"	"03"	4	3
"2890     Sat. Mar 11, 2000          5          6          0     "	2890	2000-03-11	"Sat"	"Midday"	"560"	5	6	0	11	"56"	"60"	11	6
"2889     Fri. Mar 10, 2000          3          7          8     "	2889	2000-03-10	"Fri"	"Evening"	"378"	3	7	8	18	"37"	"78"	10	15
"2888     Thu. Mar 09, 2000          1          7          2     "	2888	2000-03-09	"Thu"	"Midday"	"172"	1	7	2	10	"17"	"72"	8	9
"2887     Wed. Mar 08, 2000          7          9          1     "	2887	2000-03-08	"Wed"	"Evening"	"791"	7	9	1	17	"79"	"91"	16	10
"2886     Tue. Mar 07, 2000          7          8          4     "	2886	2000-03-07	"Tue"	"Midday"	"784"	7	8	4	19	"78"	"84"	15	12
"2885     Mon. Mar 06, 2000          4          0          6     "	2885	2000-03-06	"Mon"	"Evening"	"406"	4	0	6	10	"40"	"06"	4	6
"2884     Sun. Mar 05, 2000          9          3          9     "	2884	2000-03-05	"Sun"	"Midday"	"939"	9	3	9	21	"93"	"39"	12	12
"2883     Sat. Mar 04, 2000          0          9          2     "	2883	2000-03-04	"Sat"	"Evening"	"092"	0	9	2	11	"09"	"92"	9	11
"2882     Fri. Mar 03, 2000          0          7          6     "	2882	2000-03-03	"Fri"	"Midday"	"076"	0	7	6	13	"07"	"76"	7	13
"2881     Thu. Mar 02, 2000          1          7          0     "	2881	2000-03-02	"Thu"	"Evening"	"170"	1	7	0	8	"17"	"70"	8	7
"2880     Wed. Mar 01, 2000          2          9          2     "	2880	2000-03-01	"Wed"	"Midday"	"292"	2	9	2	13	"29"	"92"	11	11
"2879     Tue. Feb 29, 2000          2          2          4     "	2879	2000-02-29	"Tue"	"Evening"	"224"	2	2	4	8	"22"	"24"	4	6
"2878     Mon. Feb 28, 2000          4          8          0     "	2878	2000-02-28	"Mon"	"Midday"	"480"	4	8	0	12	"48"	"80"	12	8
"2877     Sun. Feb 27, 2000          3          3          0     "	2877	2000-02-27	"Sun"	"Evening"	"330"	3	3	0	6	"33"	"30"	6	3
"2876     Sat. Feb 26, 2000          6          2          3     "	2876	2000-02-26	"Sat"	"Midday"	"623"	6	2	3	11	"62"	"23"	8	5
"2875     Fri. Feb 25, 2000          7          5          0     "	2875	2000-02-25	"Fri"	"Evening"	"750"	7	5	0	12	"75"	"50"	12	5
"2874     Thu. Feb 24, 2000          7          4          8     "	2874	2000-02-24	"Thu"	"Midday"	"748"	7	4	8	19	"74"	"48"	11	12
"2873     Wed. Feb 23, 2000          6          4          7     "	2873	2000-02-23	"Wed"	"Evening"	"647"	6	4	7	17	"64"	"47"	10	11
"2872     Tue. Feb 22, 2000          0          4          4     "	2872	2000-02-22	"Tue"	"Midday"	"044"	0	4	4	8	"04"	"44"	4	8
"2871     Mon. Feb 21, 2000          2          5          5     "	2871	2000-02-21	"Mon"	"Evening"	"255"	2	5	5	12	"25"	"55"	7	10
"2870     Sun. Feb 20, 2000          8          5          5     "	2870	2000-02-20	"Sun"	"Midday"	"855"	8	5	5	18	"85"	"55"	13	10
"2869     Sat. Feb 19, 2000          6          9          9     "	2869	2000-02-19	"Sat"	"Evening"	"699"	6	9	9	24	"69"	"99"	15	18
"2868     Fri. Feb 18, 2000          4          6          3     "	2868	2000-02-18	"Fri"	"Midday"	"463"	4	6	3	13	"46"	"63"	10	9
"2867     Thu. Feb 17, 2000          1          2          8     "	2867	2000-02-17	"Thu"	"Evening"	"128"	1	2	8	11	"12"	"28"	3	10
"2866     Wed. Feb 16, 2000          6          7          2     "	2866	2000-02-16	"Wed"	"Midday"	"672"	6	7	2	15	"67"	"72"	13	9
"2865     Tue. Feb 15, 2000          2          2          8     "	2865	2000-02-15	"Tue"	"Evening"	"228"	2	2	8	12	"22"	"28"	4	10
"2864     Mon. Feb 14, 2000          7          4          3     "	2864	2000-02-14	"Mon"	"Midday"	"743"	7	4	3	14	"74"	"43"	11	7
"2863     Sun. Feb 13, 2000          4          8          6     "	2863	2000-02-13	"Sun"	"Evening"	"486"	4	8	6	18	"48"	"86"	12	14
"2862     Sat. Feb 12, 2000          2          5          1     "	2862	2000-02-12	"Sat"	"Midday"	"251"	2	5	1	8	"25"	"51"	7	6
"2861     Fri. Feb 11, 2000          5          6          2     "	2861	2000-02-11	"Fri"	"Evening"	"562"	5	6	2	13	"56"	"62"	11	8
"2860     Thu. Feb 10, 2000          7          2          1     "	2860	2000-02-10	"Thu"	"Midday"	"721"	7	2	1	10	"72"	"21"	9	3
"2859     Wed. Feb 09, 2000          0          4          9     "	2859	2000-02-09	"Wed"	"Evening"	"049"	0	4	9	13	"04"	"49"	4	13
"2858     Tue. Feb 08, 2000          7          3          5     "	2858	2000-02-08	"Tue"	"Midday"	"735"	7	3	5	15	"73"	"35"	10	8
"2857     Mon. Feb 07, 2000          0          8          4     "	2857	2000-02-07	"Mon"	"Evening"	"084"	0	8	4	12	"08"	"84"	8	12
"2856     Sun. Feb 06, 2000          5          3          7     "	2856	2000-02-06	"Sun"	"Midday"	"537"	5	3	7	15	"53"	"37"	8	10
"2855     Sat. Feb 05, 2000          5          7          2     "	2855	2000-02-05	"Sat"	"Evening"	"572"	5	7	2	14	"57"	"72"	12	9
"2854     Fri. Feb 04, 2000          4          4          8     "	2854	2000-02-04	"Fri"	"Midday"	"448"	4	4	8	16	"44"	"48"	8	12
"2853     Thu. Feb 03, 2000          0          6          3     "	2853	2000-02-03	"Thu"	"Evening"	"063"	0	6	3	9	"06"	"63"	6	9
"2852     Wed. Feb 02, 2000          1          3          7     "	2852	2000-02-02	"Wed"	"Midday"	"137"	1	3	7	11	"13"	"37"	4	10
"2851     Tue. Feb 01, 2000          8          3          0     "	2851	2000-02-01	"Tue"	"Evening"	"830"	8	3	0	11	"83"	"30"	11	3
"2850     Mon. Jan 31, 2000          4          4          6     "	2850	2000-01-31	"Mon"	"Midday"	"446"	4	4	6	14	"44"	"46"	8	10
"2849     Sun. Jan 30, 2000          7          1          6     "	2849	2000-01-30	"Sun"	"Evening"	"716"	7	1	6	14	"71"	"16"	8	7
"2848     Sat. Jan 29, 2000          4          0          5     "	2848	2000-01-29	"Sat"	"Midday"	"405"	4	0	5	9	"40"	"05"	4	5
"2847     Fri. Jan 28, 2000          9          8          6     "	2847	2000-01-28	"Fri"	"Evening"	"986"	9	8	6	23	"98"	"86"	17	14
"2846     Thu. Jan 27, 2000          7          7          1     "	2846	2000-01-27	"Thu"	"Midday"	"771"	7	7	1	15	"77"	"71"	14	8
"2845     Wed. Jan 26, 2000          2          0          3     "	2845	2000-01-26	"Wed"	"Evening"	"203"	2	0	3	5	"20"	"03"	2	3
"2844     Tue. Jan 25, 2000          5          3          6     "	2844	2000-01-25	"Tue"	"Midday"	"536"	5	3	6	14	"53"	"36"	8	9
"2843     Mon. Jan 24, 2000          4          6          0     "	2843	2000-01-24	"Mon"	"Evening"	"460"	4	6	0	10	"46"	"60"	10	6
"2842     Sun. Jan 23, 2000          6          6          9     "	2842	2000-01-23	"Sun"	"Midday"	"669"	6	6	9	21	"66"	"69"	12	15
"2841     Sat. Jan 22, 2000          0          3          9     "	2841	2000-01-22	"Sat"	"Evening"	"039"	0	3	9	12	"03"	"39"	3	12
"2840     Fri. Jan 21, 2000          3          1          2     "	2840	2000-01-21	"Fri"	"Midday"	"312"	3	1	2	6	"31"	"12"	4	3
"2839     Thu. Jan 20, 2000          2          2          1     "	2839	2000-01-20	"Thu"	"Evening"	"221"	2	2	1	5	"22"	"21"	4	3
"2838     Wed. Jan 19, 2000          2          9          7     "	2838	2000-01-19	"Wed"	"Midday"	"297"	2	9	7	18	"29"	"97"	11	16
"2837     Tue. Jan 18, 2000          2          9          6     "	2837	2000-01-18	"Tue"	"Evening"	"296"	2	9	6	17	"29"	"96"	11	15
"2836     Mon. Jan 17, 2000          0          7          6     "	2836	2000-01-17	"Mon"	"Midday"	"076"	0	7	6	13	"07"	"76"	7	13
"2835     Sun. Jan 16, 2000          4          7          9     "	2835	2000-01-16	"Sun"	"Evening"	"479"	4	7	9	20	"47"	"79"	11	16
"2834     Sat. Jan 15, 2000          3          2          3     "	2834	2000-01-15	"Sat"	"Midday"	"323"	3	2	3	8	"32"	"23"	5	5
"2833     Fri. Jan 14, 2000          5          2          2     "	2833	2000-01-14	"Fri"	"Evening"	"522"	5	2	2	9	"52"	"22"	7	4
"2832     Thu. Jan 13, 2000          5          5          5     "	2832	2000-01-13	"Thu"	"Midday"	"555"	5	5	5	15	"55"	"55"	10	10
"2831     Wed. Jan 12, 2000          5          3          2     "	2831	2000-01-12	"Wed"	"Evening"	"532"	5	3	2	10	"53"	"32"	8	5
"2830     Tue. Jan 11, 2000          5          0          5     "	2830	2000-01-11	"Tue"	"Midday"	"505"	5	0	5	10	"50"	"05"	5	5
"2829     Mon. Jan 10, 2000          2          2          9     "	2829	2000-01-10	"Mon"	"Evening"	"229"	2	2	9	13	"22"	"29"	4	11
"2828     Sun. Jan 09, 2000          8          6          6     "	2828	2000-01-09	"Sun"	"Midday"	"866"	8	6	6	20	"86"	"66"	14	12
"2827     Sat. Jan 08, 2000          7          4          8     "	2827	2000-01-08	"Sat"	"Evening"	"748"	7	4	8	19	"74"	"48"	11	12
"2826     Fri. Jan 07, 2000          1          5          8     "	2826	2000-01-07	"Fri"	"Midday"	"158"	1	5	8	14	"15"	"58"	6	13
"2825     Thu. Jan 06, 2000          0          4          1     "	2825	2000-01-06	"Thu"	"Evening"	"041"	0	4	1	5	"04"	"41"	4	5
"2824     Wed. Jan 05, 2000          1          6          6     "	2824	2000-01-05	"Wed"	"Midday"	"166"	1	6	6	13	"16"	"66"	7	12
"2823     Tue. Jan 04, 2000          5          1          2     "	2823	2000-01-04	"Tue"	"Evening"	"512"	5	1	2	8	"51"	"12"	6	3
"2822     Mon. Jan 03, 2000          9          2          0     "	2822	2000-01-03	"Mon"	"Midday"	"920"	9	2	0	11	"92"	"20"	11	2
"2821     Sun. Jan 02, 2000          7          6          4     "	2821	2000-01-02	"Sun"	"Evening"	"764"	7	6	4	17	"76"	"64"	13	10
"2820     Sat. Jan 01, 2000          3          9          0     "	2820	2000-01-01	"Sat"	"Midday"	"390"	3	9	0	12	"39"	"90"	12	9
"2819     Fri. Dec 31, 1999          1          6          5     "	2819	1999-12-31	"Fri"	"Evening"	"165"	1	6	5	12	"16"	"65"	7	11
"2818     Thu. Dec 30, 1999          5          9          9     "	2818	1999-12-30	"Thu"	"Midday"	"599"	5	9	9	23	"59"	"99"	14	18
"2817     Wed. Dec 29, 1999          6          3          0     "	2817	1999-12-29	"Wed"	"Evening"	"630"	6	3	0	9	"63"	"30"	9	3
"2816     Tue. Dec 28, 1999          5          3          8     "	2816	1999-12-28	"Tue"	"Midday"	"538"	5	3	8	16	"53"	"38"	8	11
"2815     Mon. Dec 27, 1999          9          7          9     "	2815	1999-12-27	"Mon"	"Evening"	"979"	9	7	9	25	"97"	"79"	16	16
"2814     Sun. Dec 26, 1999          3          9          9     "	2814	1999-12-26	"Sun"	"Midday"	"399"	3	9	9	21	"39"	"99"	12	18
"2813     Sat. Dec 25, 1999          5          3          6     "	2813	1999-12-25	"Sat"	"Evening"	"536"	5	3	6	14	"53"	"36"	8	9
"2812     Fri. Dec 24, 1999          4          7          7     "	2812	1999-12-24	"Fri"	"Midday"	"477"	4	7	7	18	"47"	"77"	11	14
"2811     Thu. Dec 23, 1999          6          6          4     "	2811	1999-12-23	"Thu"	"Evening"	"664"	6	6	4	16	"66"	"64"	12	10
"2810     Wed. Dec 22, 1999          1          6          7     "	2810	1999-12-22	"Wed"	"Midday"	"167"	1	6	7	14	"16"	"67"	7	13
"2809     Tue. Dec 21, 1999          9          3          4     "	2809	1999-12-21	"Tue"	"Evening"	"934"	9	3	4	16	"93"	"34"	12	7
"2808     Mon. Dec 20, 1999          3          7          7     "	2808	1999-12-20	"Mon"	"Midday"	"377"	3	7	7	17	"37"	"77"	10	14
"2807     Sun. Dec 19, 1999          8          7          6     "	2807	1999-12-19	"Sun"	"Evening"	"876"	8	7	6	21	"87"	"76"	15	13
"2806     Sat. Dec 18, 1999          1          7          0     "	2806	1999-12-18	"Sat"	"Midday"	"170"	1	7	0	8	"17"	"70"	8	7
"2805     Fri. Dec 17, 1999          1          1          3     "	2805	1999-12-17	"Fri"	"Evening"	"113"	1	1	3	5	"11"	"13"	2	4
"2804     Thu. Dec 16, 1999          0          3          4     "	2804	1999-12-16	"Thu"	"Midday"	"034"	0	3	4	7	"03"	"34"	3	7
"2803     Wed. Dec 15, 1999          7          0          3     "	2803	1999-12-15	"Wed"	"Evening"	"703"	7	0	3	10	"70"	"03"	7	3
"2802     Tue. Dec 14, 1999          5          4          8     "	2802	1999-12-14	"Tue"	"Midday"	"548"	5	4	8	17	"54"	"48"	9	12
"2801     Mon. Dec 13, 1999          1          7          0     "	2801	1999-12-13	"Mon"	"Evening"	"170"	1	7	0	8	"17"	"70"	8	7
"2800     Sun. Dec 12, 1999          5          5          6     "	2800	1999-12-12	"Sun"	"Midday"	"556"	5	5	6	16	"55"	"56"	10	11
"2799     Sat. Dec 11, 1999          4          5          3     "	2799	1999-12-11	"Sat"	"Evening"	"453"	4	5	3	12	"45"	"53"	9	8
"2798     Fri. Dec 10, 1999          9          7          8     "	2798	1999-12-10	"Fri"	"Midday"	"978"	9	7	8	24	"97"	"78"	16	15
"2797     Thu. Dec 09, 1999          6          7          7     "	2797	1999-12-09	"Thu"	"Evening"	"677"	6	7	7	20	"67"	"77"	13	14
"2796     Wed. Dec 08, 1999          5          1          9     "	2796	1999-12-08	"Wed"	"Midday"	"519"	5	1	9	15	"51"	"19"	6	10
"2795     Tue. Dec 07, 1999          2          4          5     "	2795	1999-12-07	"Tue"	"Evening"	"245"	2	4	5	11	"24"	"45"	6	9
"2794     Mon. Dec 06, 1999          8          0          0     "	2794	1999-12-06	"Mon"	"Midday"	"800"	8	0	0	8	"80"	"00"	8	0
"2793     Sun. Dec 05, 1999          7          9          6     "	2793	1999-12-05	"Sun"	"Evening"	"796"	7	9	6	22	"79"	"96"	16	15
"2792     Sat. Dec 04, 1999          8          5          4     "	2792	1999-12-04	"Sat"	"Midday"	"854"	8	5	4	17	"85"	"54"	13	9
"2791     Fri. Dec 03, 1999          7          9          9     "	2791	1999-12-03	"Fri"	"Evening"	"799"	7	9	9	25	"79"	"99"	16	18
"2790     Thu. Dec 02, 1999          6          1          5     "	2790	1999-12-02	"Thu"	"Midday"	"615"	6	1	5	12	"61"	"15"	7	6
"2789     Wed. Dec 01, 1999          1          3          2     "	2789	1999-12-01	"Wed"	"Evening"	"132"	1	3	2	6	"13"	"32"	4	5
"2788     Tue. Nov 30, 1999          4          5          4     "	2788	1999-11-30	"Tue"	"Midday"	"454"	4	5	4	13	"45"	"54"	9	9
"2787     Mon. Nov 29, 1999          6          8          6     "	2787	1999-11-29	"Mon"	"Evening"	"686"	6	8	6	20	"68"	"86"	14	14
"2786     Sun. Nov 28, 1999          3          6          4     "	2786	1999-11-28	"Sun"	"Midday"	"364"	3	6	4	13	"36"	"64"	9	10
"2785     Sat. Nov 27, 1999          0          0          0     "	2785	1999-11-27	"Sat"	"Evening"	"000"	0	0	0	0	"00"	"00"	0	0
"2784     Fri. Nov 26, 1999          7          6          3     "	2784	1999-11-26	"Fri"	"Midday"	"763"	7	6	3	16	"76"	"63"	13	9
"2783     Thu. Nov 25, 1999          2          1          0     "	2783	1999-11-25	"Thu"	"Evening"	"210"	2	1	0	3	"21"	"10"	3	1
"2782     Wed. Nov 24, 1999          6          0          9     "	2782	1999-11-24	"Wed"	"Midday"	"609"	6	0	9	15	"60"	"09"	6	9
"2781     Tue. Nov 23, 1999          0          2          3     "	2781	1999-11-23	"Tue"	"Evening"	"023"	0	2	3	5	"02"	"23"	2	5
"2780     Mon. Nov 22, 1999          0          0          9     "	2780	1999-11-22	"Mon"	"Midday"	"009"	0	0	9	9	"00"	"09"	0	9
"2779     Sun. Nov 21, 1999          1          0          4     "	2779	1999-11-21	"Sun"	"Evening"	"104"	1	0	4	5	"10"	"04"	1	4
"2778     Sat. Nov 20, 1999          4          3          9     "	2778	1999-11-20	"Sat"	"Midday"	"439"	4	3	9	16	"43"	"39"	7	12
"2777     Fri. Nov 19, 1999          6          3          5     "	2777	1999-11-19	"Fri"	"Evening"	"635"	6	3	5	14	"63"	"35"	9	8
"2776     Thu. Nov 18, 1999          2          7          6     "	2776	1999-11-18	"Thu"	"Midday"	"276"	2	7	6	15	"27"	"76"	9	13
"2775     Wed. Nov 17, 1999          2          1          5     "	2775	1999-11-17	"Wed"	"Evening"	"215"	2	1	5	8	"21"	"15"	3	6
"2774     Tue. Nov 16, 1999          3          8          1     "	2774	1999-11-16	"Tue"	"Midday"	"381"	3	8	1	12	"38"	"81"	11	9
"2773     Mon. Nov 15, 1999          3          2          0     "	2773	1999-11-15	"Mon"	"Evening"	"320"	3	2	0	5	"32"	"20"	5	2
"2772     Sun. Nov 14, 1999          5          9          3     "	2772	1999-11-14	"Sun"	"Midday"	"593"	5	9	3	17	"59"	"93"	14	12
"2771     Sat. Nov 13, 1999          8          8          1     "	2771	1999-11-13	"Sat"	"Evening"	"881"	8	8	1	17	"88"	"81"	16	9
"2770     Fri. Nov 12, 1999          4          9          1     "	2770	1999-11-12	"Fri"	"Midday"	"491"	4	9	1	14	"49"	"91"	13	10
"2769     Thu. Nov 11, 1999          4          5          4     "	2769	1999-11-11	"Thu"	"Evening"	"454"	4	5	4	13	"45"	"54"	9	9
"2768     Wed. Nov 10, 1999          8          9          9     "	2768	1999-11-10	"Wed"	"Midday"	"899"	8	9	9	26	"89"	"99"	17	18
"2767     Tue. Nov 09, 1999          9          2          0     "	2767	1999-11-09	"Tue"	"Evening"	"920"	9	2	0	11	"92"	"20"	11	2
"2766     Mon. Nov 08, 1999          6          8          6     "	2766	1999-11-08	"Mon"	"Midday"	"686"	6	8	6	20	"68"	"86"	14	14
"2765     Sun. Nov 07, 1999          2          5          0     "	2765	1999-11-07	"Sun"	"Evening"	"250"	2	5	0	7	"25"	"50"	7	5
"2764     Sat. Nov 06, 1999          2          8          3     "	2764	1999-11-06	"Sat"	"Midday"	"283"	2	8	3	13	"28"	"83"	10	11
"2763     Fri. Nov 05, 1999          0          9          7     "	2763	1999-11-05	"Fri"	"Evening"	"097"	0	9	7	16	"09"	"97"	9	16
"2762     Thu. Nov 04, 1999          0          8          6     "	2762	1999-11-04	"Thu"	"Midday"	"086"	0	8	6	14	"08"	"86"	8	14
"2761     Wed. Nov 03, 1999          5          2          3     "	2761	1999-11-03	"Wed"	"Evening"	"523"	5	2	3	10	"52"	"23"	7	5
"2760     Tue. Nov 02, 1999          2          9          0     "	2760	1999-11-02	"Tue"	"Midday"	"290"	2	9	0	11	"29"	"90"	11	9
"2759     Mon. Nov 01, 1999          7          4          5     "	2759	1999-11-01	"Mon"	"Evening"	"745"	7	4	5	16	"74"	"45"	11	9
"2758     Sun. Oct 31, 1999          3          2          4     "	2758	1999-10-31	"Sun"	"Midday"	"324"	3	2	4	9	"32"	"24"	5	6
"2757     Sat. Oct 30, 1999          7          2          7     "	2757	1999-10-30	"Sat"	"Evening"	"727"	7	2	7	16	"72"	"27"	9	9
"2756     Fri. Oct 29, 1999          8          7          0     "	2756	1999-10-29	"Fri"	"Midday"	"870"	8	7	0	15	"87"	"70"	15	7
"2755     Thu. Oct 28, 1999          0          0          0     "	2755	1999-10-28	"Thu"	"Evening"	"000"	0	0	0	0	"00"	"00"	0	0
"2754     Wed. Oct 27, 1999          0          3          9     "	2754	1999-10-27	"Wed"	"Midday"	"039"	0	3	9	12	"03"	"39"	3	12
"2753     Tue. Oct 26, 1999          5          6          0     "	2753	1999-10-26	"Tue"	"Evening"	"560"	5	6	0	11	"56"	"60"	11	6
"2752     Mon. Oct 25, 1999          1          2          7     "	2752	1999-10-25	"Mon"	"Midday"	"127"	1	2	7	10	"12"	"27"	3	9
"2751     Sun. Oct 24, 1999          0          6          6     "	2751	1999-10-24	"Sun"	"Evening"	"066"	0	6	6	12	"06"	"66"	6	12
"2750     Sat. Oct 23, 1999          9          1          2     "	2750	1999-10-23	"Sat"	"Midday"	"912"	9	1	2	12	"91"	"12"	10	3
"2749     Fri. Oct 22, 1999          3          9          2     "	2749	1999-10-22	"Fri"	"Evening"	"392"	3	9	2	14	"39"	"92"	12	11
"2748     Thu. Oct 21, 1999          1          5          9     "	2748	1999-10-21	"Thu"	"Midday"	"159"	1	5	9	15	"15"	"59"	6	14
"2747     Wed. Oct 20, 1999          4          9          4     "	2747	1999-10-20	"Wed"	"Evening"	"494"	4	9	4	17	"49"	"94"	13	13
"2746     Tue. Oct 19, 1999          4          4          9     "	2746	1999-10-19	"Tue"	"Midday"	"449"	4	4	9	17	"44"	"49"	8	13
"2745     Mon. Oct 18, 1999          1          4          1     "	2745	1999-10-18	"Mon"	"Evening"	"141"	1	4	1	6	"14"	"41"	5	5
"2744     Sun. Oct 17, 1999          0          7          5     "	2744	1999-10-17	"Sun"	"Midday"	"075"	0	7	5	12	"07"	"75"	7	12
"2743     Sat. Oct 16, 1999          9          3          3     "	2743	1999-10-16	"Sat"	"Evening"	"933"	9	3	3	15	"93"	"33"	12	6
"2742     Fri. Oct 15, 1999          5          1          5     "	2742	1999-10-15	"Fri"	"Midday"	"515"	5	1	5	11	"51"	"15"	6	6
"2741     Thu. Oct 14, 1999          5          5          0     "	2741	1999-10-14	"Thu"	"Evening"	"550"	5	5	0	10	"55"	"50"	10	5
"2740     Wed. Oct 13, 1999          9          3          5     "	2740	1999-10-13	"Wed"	"Midday"	"935"	9	3	5	17	"93"	"35"	12	8
"2739     Tue. Oct 12, 1999          1          7          3     "	2739	1999-10-12	"Tue"	"Evening"	"173"	1	7	3	11	"17"	"73"	8	10
"2738     Mon. Oct 11, 1999          4          5          6     "	2738	1999-10-11	"Mon"	"Midday"	"456"	4	5	6	15	"45"	"56"	9	11
"2737     Sun. Oct 10, 1999          6          7          8     "	2737	1999-10-10	"Sun"	"Evening"	"678"	6	7	8	21	"67"	"78"	13	15
"2736     Sat. Oct 09, 1999          7          9          9     "	2736	1999-10-09	"Sat"	"Midday"	"799"	7	9	9	25	"79"	"99"	16	18
"2735     Fri. Oct 08, 1999          0          2          1     "	2735	1999-10-08	"Fri"	"Evening"	"021"	0	2	1	3	"02"	"21"	2	3
"2734     Thu. Oct 07, 1999          9          2          1     "	2734	1999-10-07	"Thu"	"Midday"	"921"	9	2	1	12	"92"	"21"	11	3
"2733     Wed. Oct 06, 1999          5          5          2     "	2733	1999-10-06	"Wed"	"Evening"	"552"	5	5	2	12	"55"	"52"	10	7
"2732     Tue. Oct 05, 1999          3          7          1     "	2732	1999-10-05	"Tue"	"Midday"	"371"	3	7	1	11	"37"	"71"	10	8
"2731     Mon. Oct 04, 1999          6          8          1     "	2731	1999-10-04	"Mon"	"Evening"	"681"	6	8	1	15	"68"	"81"	14	9
"2730     Sun. Oct 03, 1999          8          9          2     "	2730	1999-10-03	"Sun"	"Midday"	"892"	8	9	2	19	"89"	"92"	17	11
"2729     Sat. Oct 02, 1999          3          9          2     "	2729	1999-10-02	"Sat"	"Evening"	"392"	3	9	2	14	"39"	"92"	12	11
"2728     Fri. Oct 01, 1999          7          2          2     "	2728	1999-10-01	"Fri"	"Midday"	"722"	7	2	2	11	"72"	"22"	9	4
"2727     Thu. Sep 30, 1999          3          2          0     "	2727	1999-09-30	"Thu"	"Evening"	"320"	3	2	0	5	"32"	"20"	5	2
"2726     Wed. Sep 29, 1999          5          8          5     "	2726	1999-09-29	"Wed"	"Midday"	"585"	5	8	5	18	"58"	"85"	13	13
"2725     Tue. Sep 28, 1999          9          8          0     "	2725	1999-09-28	"Tue"	"Evening"	"980"	9	8	0	17	"98"	"80"	17	8
"2724     Mon. Sep 27, 1999          0          3          5     "	2724	1999-09-27	"Mon"	"Midday"	"035"	0	3	5	8	"03"	"35"	3	8
"2723     Sun. Sep 26, 1999          1          0          4     "	2723	1999-09-26	"Sun"	"Evening"	"104"	1	0	4	5	"10"	"04"	1	4
"2722     Sat. Sep 25, 1999          0          3          6     "	2722	1999-09-25	"Sat"	"Midday"	"036"	0	3	6	9	"03"	"36"	3	9
"2721     Fri. Sep 24, 1999          6          5          4     "	2721	1999-09-24	"Fri"	"Evening"	"654"	6	5	4	15	"65"	"54"	11	9
"2720     Thu. Sep 23, 1999          2          8          9     "	2720	1999-09-23	"Thu"	"Midday"	"289"	2	8	9	19	"28"	"89"	10	17
"2719     Wed. Sep 22, 1999          1          2          3     "	2719	1999-09-22	"Wed"	"Evening"	"123"	1	2	3	6	"12"	"23"	3	5
"2718     Tue. Sep 21, 1999          9          6          1     "	2718	1999-09-21	"Tue"	"Midday"	"961"	9	6	1	16	"96"	"61"	15	7
"2717     Mon. Sep 20, 1999          0          8          0     "	2717	1999-09-20	"Mon"	"Evening"	"080"	0	8	0	8	"08"	"80"	8	8
"2716     Sun. Sep 19, 1999          5          8          9     "	2716	1999-09-19	"Sun"	"Midday"	"589"	5	8	9	22	"58"	"89"	13	17
"2715     Sat. Sep 18, 1999          1          6          2     "	2715	1999-09-18	"Sat"	"Evening"	"162"	1	6	2	9	"16"	"62"	7	8
"2714     Fri. Sep 17, 1999          9          7          7     "	2714	1999-09-17	"Fri"	"Midday"	"977"	9	7	7	23	"97"	"77"	16	14
"2713     Thu. Sep 16, 1999          5          5          8     "	2713	1999-09-16	"Thu"	"Evening"	"558"	5	5	8	18	"55"	"58"	10	13
"2712     Wed. Sep 15, 1999          5          9          6     "	2712	1999-09-15	"Wed"	"Midday"	"596"	5	9	6	20	"59"	"96"	14	15
"2711     Tue. Sep 14, 1999          8          4          0     "	2711	1999-09-14	"Tue"	"Evening"	"840"	8	4	0	12	"84"	"40"	12	4
"2710     Mon. Sep 13, 1999          0          8          5     "	2710	1999-09-13	"Mon"	"Midday"	"085"	0	8	5	13	"08"	"85"	8	13
"2709     Sun. Sep 12, 1999          3          0          1     "	2709	1999-09-12	"Sun"	"Evening"	"301"	3	0	1	4	"30"	"01"	3	1
"2708     Sat. Sep 11, 1999          0          5          0     "	2708	1999-09-11	"Sat"	"Midday"	"050"	0	5	0	5	"05"	"50"	5	5
"2707     Fri. Sep 10, 1999          9          0          6     "	2707	1999-09-10	"Fri"	"Evening"	"906"	9	0	6	15	"90"	"06"	9	6
"2706     Thu. Sep 09, 1999          4          6          3     "	2706	1999-09-09	"Thu"	"Midday"	"463"	4	6	3	13	"46"	"63"	10	9
"2705     Wed. Sep 08, 1999          1          4          1     "	2705	1999-09-08	"Wed"	"Evening"	"141"	1	4	1	6	"14"	"41"	5	5
"2704     Tue. Sep 07, 1999          8          8          9     "	2704	1999-09-07	"Tue"	"Midday"	"889"	8	8	9	25	"88"	"89"	16	17
"2703     Mon. Sep 06, 1999          5          8          8     "	2703	1999-09-06	"Mon"	"Evening"	"588"	5	8	8	21	"58"	"88"	13	16
"2702     Sun. Sep 05, 1999          6          4          8     "	2702	1999-09-05	"Sun"	"Midday"	"648"	6	4	8	18	"64"	"48"	10	12
"2701     Sat. Sep 04, 1999          4          4          3     "	2701	1999-09-04	"Sat"	"Evening"	"443"	4	4	3	11	"44"	"43"	8	7
"2700     Fri. Sep 03, 1999          1          5          3     "	2700	1999-09-03	"Fri"	"Midday"	"153"	1	5	3	9	"15"	"53"	6	8
"2699     Thu. Sep 02, 1999          2          5          6     "	2699	1999-09-02	"Thu"	"Evening"	"256"	2	5	6	13	"25"	"56"	7	11
"2698     Wed. Sep 01, 1999          8          0          9     "	2698	1999-09-01	"Wed"	"Midday"	"809"	8	0	9	17	"80"	"09"	8	9
"2697     Tue. Aug 31, 1999          7          9          7     "	2697	1999-08-31	"Tue"	"Evening"	"797"	7	9	7	23	"79"	"97"	16	16
"2696     Mon. Aug 30, 1999          8          4          6     "	2696	1999-08-30	"Mon"	"Midday"	"846"	8	4	6	18	"84"	"46"	12	10
"2695     Sun. Aug 29, 1999          4          3          4     "	2695	1999-08-29	"Sun"	"Evening"	"434"	4	3	4	11	"43"	"34"	7	7
"2694     Sat. Aug 28, 1999          9          2          5     "	2694	1999-08-28	"Sat"	"Midday"	"925"	9	2	5	16	"92"	"25"	11	7
"2693     Fri. Aug 27, 1999          8          7          6     "	2693	1999-08-27	"Fri"	"Evening"	"876"	8	7	6	21	"87"	"76"	15	13
"2692     Thu. Aug 26, 1999          8          6          3     "	2692	1999-08-26	"Thu"	"Midday"	"863"	8	6	3	17	"86"	"63"	14	9
"2691     Wed. Aug 25, 1999          8          7          3     "	2691	1999-08-25	"Wed"	"Evening"	"873"	8	7	3	18	"87"	"73"	15	10
"2690     Tue. Aug 24, 1999          0          7          0     "	2690	1999-08-24	"Tue"	"Midday"	"070"	0	7	0	7	"07"	"70"	7	7
"2689     Mon. Aug 23, 1999          5          9          4     "	2689	1999-08-23	"Mon"	"Evening"	"594"	5	9	4	18	"59"	"94"	14	13
"2688     Sun. Aug 22, 1999          2          1          8     "	2688	1999-08-22	"Sun"	"Midday"	"218"	2	1	8	11	"21"	"18"	3	9
"2687     Sat. Aug 21, 1999          9          7          3     "	2687	1999-08-21	"Sat"	"Evening"	"973"	9	7	3	19	"97"	"73"	16	10
"2686     Fri. Aug 20, 1999          9          6          7     "	2686	1999-08-20	"Fri"	"Midday"	"967"	9	6	7	22	"96"	"67"	15	13
"2685     Thu. Aug 19, 1999          7          6          6     "	2685	1999-08-19	"Thu"	"Evening"	"766"	7	6	6	19	"76"	"66"	13	12
"2684     Wed. Aug 18, 1999          0          0          1     "	2684	1999-08-18	"Wed"	"Midday"	"001"	0	0	1	1	"00"	"01"	0	1
"2683     Tue. Aug 17, 1999          3          5          9     "	2683	1999-08-17	"Tue"	"Evening"	"359"	3	5	9	17	"35"	"59"	8	14
"2682     Mon. Aug 16, 1999          1          7          8     "	2682	1999-08-16	"Mon"	"Midday"	"178"	1	7	8	16	"17"	"78"	8	15
"2681     Sun. Aug 15, 1999          3          5          9     "	2681	1999-08-15	"Sun"	"Evening"	"359"	3	5	9	17	"35"	"59"	8	14
"2680     Sat. Aug 14, 1999          2          1          5     "	2680	1999-08-14	"Sat"	"Midday"	"215"	2	1	5	8	"21"	"15"	3	6
"2679     Fri. Aug 13, 1999          9          1          6     "	2679	1999-08-13	"Fri"	"Evening"	"916"	9	1	6	16	"91"	"16"	10	7
"2678     Thu. Aug 12, 1999          4          8          1     "	2678	1999-08-12	"Thu"	"Midday"	"481"	4	8	1	13	"48"	"81"	12	9
"2677     Wed. Aug 11, 1999          0          0          8     "	2677	1999-08-11	"Wed"	"Evening"	"008"	0	0	8	8	"00"	"08"	0	8
"2676     Tue. Aug 10, 1999          7          3          9     "	2676	1999-08-10	"Tue"	"Midday"	"739"	7	3	9	19	"73"	"39"	10	12
"2675     Mon. Aug 09, 1999          7          2          4     "	2675	1999-08-09	"Mon"	"Evening"	"724"	7	2	4	13	"72"	"24"	9	6
"2674     Sun. Aug 08, 1999          9          8          7     "	2674	1999-08-08	"Sun"	"Midday"	"987"	9	8	7	24	"98"	"87"	17	15
"2673     Sat. Aug 07, 1999          0          3          1     "	2673	1999-08-07	"Sat"	"Evening"	"031"	0	3	1	4	"03"	"31"	3	4
"2672     Fri. Aug 06, 1999          6          6          3     "	2672	1999-08-06	"Fri"	"Midday"	"663"	6	6	3	15	"66"	"63"	12	9
"2671     Thu. Aug 05, 1999          4          2          6     "	2671	1999-08-05	"Thu"	"Evening"	"426"	4	2	6	12	"42"	"26"	6	8
"2670     Wed. Aug 04, 1999          9          9          7     "	2670	1999-08-04	"Wed"	"Midday"	"997"	9	9	7	25	"99"	"97"	18	16
"2669     Tue. Aug 03, 1999          9          4          5     "	2669	1999-08-03	"Tue"	"Evening"	"945"	9	4	5	18	"94"	"45"	13	9
"2668     Mon. Aug 02, 1999          2          2          4     "	2668	1999-08-02	"Mon"	"Midday"	"224"	2	2	4	8	"22"	"24"	4	6
"2667     Sun. Aug 01, 1999          9          1          5     "	2667	1999-08-01	"Sun"	"Evening"	"915"	9	1	5	15	"91"	"15"	10	6
"2666     Sat. Jul 31, 1999          4          8          0     "	2666	1999-07-31	"Sat"	"Midday"	"480"	4	8	0	12	"48"	"80"	12	8
"2665     Fri. Jul 30, 1999          0          0          5     "	2665	1999-07-30	"Fri"	"Evening"	"005"	0	0	5	5	"00"	"05"	0	5
"2664     Thu. Jul 29, 1999          3          6          1     "	2664	1999-07-29	"Thu"	"Midday"	"361"	3	6	1	10	"36"	"61"	9	7
"2663     Wed. Jul 28, 1999          8          2          5     "	2663	1999-07-28	"Wed"	"Evening"	"825"	8	2	5	15	"82"	"25"	10	7
"2662     Tue. Jul 27, 1999          8          7          5     "	2662	1999-07-27	"Tue"	"Midday"	"875"	8	7	5	20	"87"	"75"	15	12
"2661     Mon. Jul 26, 1999          4          2          2     "	2661	1999-07-26	"Mon"	"Evening"	"422"	4	2	2	8	"42"	"22"	6	4
"2660     Sun. Jul 25, 1999          7          7          6     "	2660	1999-07-25	"Sun"	"Midday"	"776"	7	7	6	20	"77"	"76"	14	13
"2659     Sat. Jul 24, 1999          6          6          6     "	2659	1999-07-24	"Sat"	"Evening"	"666"	6	6	6	18	"66"	"66"	12	12
"2658     Fri. Jul 23, 1999          2          0          7     "	2658	1999-07-23	"Fri"	"Midday"	"207"	2	0	7	9	"20"	"07"	2	7
"2657     Thu. Jul 22, 1999          6          9          0     "	2657	1999-07-22	"Thu"	"Evening"	"690"	6	9	0	15	"69"	"90"	15	9
"2656     Wed. Jul 21, 1999          1          6          2     "	2656	1999-07-21	"Wed"	"Midday"	"162"	1	6	2	9	"16"	"62"	7	8
"2655     Tue. Jul 20, 1999          8          3          2     "	2655	1999-07-20	"Tue"	"Evening"	"832"	8	3	2	13	"83"	"32"	11	5
"2654     Mon. Jul 19, 1999          4          3          0     "	2654	1999-07-19	"Mon"	"Midday"	"430"	4	3	0	7	"43"	"30"	7	3
"2653     Sun. Jul 18, 1999          4          5          1     "	2653	1999-07-18	"Sun"	"Evening"	"451"	4	5	1	10	"45"	"51"	9	6
"2652     Sat. Jul 17, 1999          6          6          5     "	2652	1999-07-17	"Sat"	"Midday"	"665"	6	6	5	17	"66"	"65"	12	11
"2651     Fri. Jul 16, 1999          0          7          4     "	2651	1999-07-16	"Fri"	"Evening"	"074"	0	7	4	11	"07"	"74"	7	11
"2650     Thu. Jul 15, 1999          7          0          5     "	2650	1999-07-15	"Thu"	"Midday"	"705"	7	0	5	12	"70"	"05"	7	5
"2649     Wed. Jul 14, 1999          9          7          0     "	2649	1999-07-14	"Wed"	"Evening"	"970"	9	7	0	16	"97"	"70"	16	7
"2648     Tue. Jul 13, 1999          3          8          6     "	2648	1999-07-13	"Tue"	"Midday"	"386"	3	8	6	17	"38"	"86"	11	14
"2647     Mon. Jul 12, 1999          1          4          8     "	2647	1999-07-12	"Mon"	"Evening"	"148"	1	4	8	13	"14"	"48"	5	12
"2646     Sun. Jul 11, 1999          6          5          6     "	2646	1999-07-11	"Sun"	"Midday"	"656"	6	5	6	17	"65"	"56"	11	11
"2645     Sat. Jul 10, 1999          7          1          0     "	2645	1999-07-10	"Sat"	"Evening"	"710"	7	1	0	8	"71"	"10"	8	1
"2644     Fri. Jul 09, 1999          6          3          9     "	2644	1999-07-09	"Fri"	"Midday"	"639"	6	3	9	18	"63"	"39"	9	12
"2643     Thu. Jul 08, 1999          8          4          3     "	2643	1999-07-08	"Thu"	"Evening"	"843"	8	4	3	15	"84"	"43"	12	7
"2642     Wed. Jul 07, 1999          3          1          5     "	2642	1999-07-07	"Wed"	"Midday"	"315"	3	1	5	9	"31"	"15"	4	6
"2641     Tue. Jul 06, 1999          8          0          7     "	2641	1999-07-06	"Tue"	"Evening"	"807"	8	0	7	15	"80"	"07"	8	7
"2640     Mon. Jul 05, 1999          3          5          2     "	2640	1999-07-05	"Mon"	"Midday"	"352"	3	5	2	10	"35"	"52"	8	7
"2639     Sun. Jul 04, 1999          6          6          7     "	2639	1999-07-04	"Sun"	"Evening"	"667"	6	6	7	19	"66"	"67"	12	13
"2638     Sat. Jul 03, 1999          7          4          8     "	2638	1999-07-03	"Sat"	"Midday"	"748"	7	4	8	19	"74"	"48"	11	12
"2637     Fri. Jul 02, 1999          0          3          6     "	2637	1999-07-02	"Fri"	"Evening"	"036"	0	3	6	9	"03"	"36"	3	9
"2636     Thu. Jul 01, 1999          1          8          3     "	2636	1999-07-01	"Thu"	"Midday"	"183"	1	8	3	12	"18"	"83"	9	11
"2635     Wed. Jun 30, 1999          4          3          2     "	2635	1999-06-30	"Wed"	"Evening"	"432"	4	3	2	9	"43"	"32"	7	5
"2634     Tue. Jun 29, 1999          0          4          2     "	2634	1999-06-29	"Tue"	"Midday"	"042"	0	4	2	6	"04"	"42"	4	6
"2633     Mon. Jun 28, 1999          0          6          1     "	2633	1999-06-28	"Mon"	"Evening"	"061"	0	6	1	7	"06"	"61"	6	7
"2632     Sun. Jun 27, 1999          6          3          0     "	2632	1999-06-27	"Sun"	"Midday"	"630"	6	3	0	9	"63"	"30"	9	3
"2631     Sat. Jun 26, 1999          2          0          8     "	2631	1999-06-26	"Sat"	"Evening"	"208"	2	0	8	10	"20"	"08"	2	8
"2630     Fri. Jun 25, 1999          9          9          3     "	2630	1999-06-25	"Fri"	"Midday"	"993"	9	9	3	21	"99"	"93"	18	12
"2629     Thu. Jun 24, 1999          5          6          0     "	2629	1999-06-24	"Thu"	"Evening"	"560"	5	6	0	11	"56"	"60"	11	6
"2628     Wed. Jun 23, 1999          0          6          7     "	2628	1999-06-23	"Wed"	"Midday"	"067"	0	6	7	13	"06"	"67"	6	13
"2627     Tue. Jun 22, 1999          0          9          8     "	2627	1999-06-22	"Tue"	"Evening"	"098"	0	9	8	17	"09"	"98"	9	17
"2626     Mon. Jun 21, 1999          0          8          0     "	2626	1999-06-21	"Mon"	"Midday"	"080"	0	8	0	8	"08"	"80"	8	8
"2625     Sun. Jun 20, 1999          0          6          2     "	2625	1999-06-20	"Sun"	"Evening"	"062"	0	6	2	8	"06"	"62"	6	8
"2624     Sat. Jun 19, 1999          5          2          2     "	2624	1999-06-19	"Sat"	"Midday"	"522"	5	2	2	9	"52"	"22"	7	4
"2623     Fri. Jun 18, 1999          7          2          8     "	2623	1999-06-18	"Fri"	"Evening"	"728"	7	2	8	17	"72"	"28"	9	10
"2622     Thu. Jun 17, 1999          8          0          1     "	2622	1999-06-17	"Thu"	"Midday"	"801"	8	0	1	9	"80"	"01"	8	1
"2621     Wed. Jun 16, 1999          6          0          1     "	2621	1999-06-16	"Wed"	"Evening"	"601"	6	0	1	7	"60"	"01"	6	1
"2620     Tue. Jun 15, 1999          3          0          5     "	2620	1999-06-15	"Tue"	"Midday"	"305"	3	0	5	8	"30"	"05"	3	5
"2619     Mon. Jun 14, 1999          0          2          0     "	2619	1999-06-14	"Mon"	"Evening"	"020"	0	2	0	2	"02"	"20"	2	2
"2618     Sun. Jun 13, 1999          5          2          1     "	2618	1999-06-13	"Sun"	"Midday"	"521"	5	2	1	8	"52"	"21"	7	3
"2617     Sat. Jun 12, 1999          0          0          0     "	2617	1999-06-12	"Sat"	"Evening"	"000"	0	0	0	0	"00"	"00"	0	0
"2616     Fri. Jun 11, 1999          7          0          6     "	2616	1999-06-11	"Fri"	"Midday"	"706"	7	0	6	13	"70"	"06"	7	6
"2615     Thu. Jun 10, 1999          1          8          3     "	2615	1999-06-10	"Thu"	"Evening"	"183"	1	8	3	12	"18"	"83"	9	11
"2614     Wed. Jun 09, 1999          4          4          0     "	2614	1999-06-09	"Wed"	"Midday"	"440"	4	4	0	8	"44"	"40"	8	4
"2613     Tue. Jun 08, 1999          4          9          0     "	2613	1999-06-08	"Tue"	"Evening"	"490"	4	9	0	13	"49"	"90"	13	9
"2612     Mon. Jun 07, 1999          7          3          3     "	2612	1999-06-07	"Mon"	"Midday"	"733"	7	3	3	13	"73"	"33"	10	6
"2611     Sun. Jun 06, 1999          3          1          6     "	2611	1999-06-06	"Sun"	"Evening"	"316"	3	1	6	10	"31"	"16"	4	7
"2610     Sat. Jun 05, 1999          0          4          5     "	2610	1999-06-05	"Sat"	"Midday"	"045"	0	4	5	9	"04"	"45"	4	9
"2609     Fri. Jun 04, 1999          9          8          3     "	2609	1999-06-04	"Fri"	"Evening"	"983"	9	8	3	20	"98"	"83"	17	11
"2608     Thu. Jun 03, 1999          8          3          3     "	2608	1999-06-03	"Thu"	"Midday"	"833"	8	3	3	14	"83"	"33"	11	6
"2607     Wed. Jun 02, 1999          6          6          8     "	2607	1999-06-02	"Wed"	"Evening"	"668"	6	6	8	20	"66"	"68"	12	14
"2606     Tue. Jun 01, 1999          8          8          1     "	2606	1999-06-01	"Tue"	"Midday"	"881"	8	8	1	17	"88"	"81"	16	9
"2605     Mon. May 31, 1999          5          5          4     "	2605	1999-05-31	"Mon"	"Evening"	"554"	5	5	4	14	"55"	"54"	10	9
"2604     Sun. May 30, 1999          6          9          9     "	2604	1999-05-30	"Sun"	"Midday"	"699"	6	9	9	24	"69"	"99"	15	18
"2603     Sat. May 29, 1999          2          2          4     "	2603	1999-05-29	"Sat"	"Evening"	"224"	2	2	4	8	"22"	"24"	4	6
"2602     Fri. May 28, 1999          4          8          7     "	2602	1999-05-28	"Fri"	"Midday"	"487"	4	8	7	19	"48"	"87"	12	15
"2601     Thu. May 27, 1999          4          5          0     "	2601	1999-05-27	"Thu"	"Evening"	"450"	4	5	0	9	"45"	"50"	9	5
"2600     Wed. May 26, 1999          9          0          0     "	2600	1999-05-26	"Wed"	"Midday"	"900"	9	0	0	9	"90"	"00"	9	0
"2599     Tue. May 25, 1999          4          9          6     "	2599	1999-05-25	"Tue"	"Evening"	"496"	4	9	6	19	"49"	"96"	13	15
"2598     Mon. May 24, 1999          7          8          9     "	2598	1999-05-24	"Mon"	"Midday"	"789"	7	8	9	24	"78"	"89"	15	17
"2597     Sun. May 23, 1999          2          7          8     "	2597	1999-05-23	"Sun"	"Evening"	"278"	2	7	8	17	"27"	"78"	9	15
"2596     Sat. May 22, 1999          4          1          2     "	2596	1999-05-22	"Sat"	"Midday"	"412"	4	1	2	7	"41"	"12"	5	3
"2595     Fri. May 21, 1999          1          0          1     "	2595	1999-05-21	"Fri"	"Evening"	"101"	1	0	1	2	"10"	"01"	1	1
"2594     Thu. May 20, 1999          1          1          5     "	2594	1999-05-20	"Thu"	"Midday"	"115"	1	1	5	7	"11"	"15"	2	6
"2593     Wed. May 19, 1999          8          5          1     "	2593	1999-05-19	"Wed"	"Evening"	"851"	8	5	1	14	"85"	"51"	13	6
"2592     Tue. May 18, 1999          4          6          6     "	2592	1999-05-18	"Tue"	"Midday"	"466"	4	6	6	16	"46"	"66"	10	12
"2591     Mon. May 17, 1999          4          8          0     "	2591	1999-05-17	"Mon"	"Evening"	"480"	4	8	0	12	"48"	"80"	12	8
"2590     Sun. May 16, 1999          3          7          8     "	2590	1999-05-16	"Sun"	"Midday"	"378"	3	7	8	18	"37"	"78"	10	15
"2589     Sat. May 15, 1999          2          0          2     "	2589	1999-05-15	"Sat"	"Evening"	"202"	2	0	2	4	"20"	"02"	2	2
"2588     Fri. May 14, 1999          6          9          9     "	2588	1999-05-14	"Fri"	"Midday"	"699"	6	9	9	24	"69"	"99"	15	18
"2587     Thu. May 13, 1999          8          1          2     "	2587	1999-05-13	"Thu"	"Evening"	"812"	8	1	2	11	"81"	"12"	9	3
"2586     Wed. May 12, 1999          0          3          2     "	2586	1999-05-12	"Wed"	"Midday"	"032"	0	3	2	5	"03"	"32"	3	5
"2585     Tue. May 11, 1999          3          6          7     "	2585	1999-05-11	"Tue"	"Evening"	"367"	3	6	7	16	"36"	"67"	9	13
"2584     Mon. May 10, 1999          0          8          2     "	2584	1999-05-10	"Mon"	"Midday"	"082"	0	8	2	10	"08"	"82"	8	10
"2583     Sun. May 09, 1999          0          5          5     "	2583	1999-05-09	"Sun"	"Evening"	"055"	0	5	5	10	"05"	"55"	5	10
"2582     Sat. May 08, 1999          6          8          8     "	2582	1999-05-08	"Sat"	"Midday"	"688"	6	8	8	22	"68"	"88"	14	16
"2581     Fri. May 07, 1999          2          9          7     "	2581	1999-05-07	"Fri"	"Evening"	"297"	2	9	7	18	"29"	"97"	11	16
"2580     Thu. May 06, 1999          9          6          1     "	2580	1999-05-06	"Thu"	"Midday"	"961"	9	6	1	16	"96"	"61"	15	7
"2579     Wed. May 05, 1999          1          0          2     "	2579	1999-05-05	"Wed"	"Evening"	"102"	1	0	2	3	"10"	"02"	1	2
"2578     Tue. May 04, 1999          5          8          9     "	2578	1999-05-04	"Tue"	"Midday"	"589"	5	8	9	22	"58"	"89"	13	17
"2577     Mon. May 03, 1999          1          1          6     "	2577	1999-05-03	"Mon"	"Evening"	"116"	1	1	6	8	"11"	"16"	2	7
"2576     Sun. May 02, 1999          9          1          7     "	2576	1999-05-02	"Sun"	"Midday"	"917"	9	1	7	17	"91"	"17"	10	8
"2575     Sat. May 01, 1999          9          6          1     "	2575	1999-05-01	"Sat"	"Evening"	"961"	9	6	1	16	"96"	"61"	15	7
"2574     Fri. Apr 30, 1999          1          3          3     "	2574	1999-04-30	"Fri"	"Midday"	"133"	1	3	3	7	"13"	"33"	4	6
"2573     Thu. Apr 29, 1999          5          9          5     "	2573	1999-04-29	"Thu"	"Evening"	"595"	5	9	5	19	"59"	"95"	14	14
"2572     Wed. Apr 28, 1999          1          5          4     "	2572	1999-04-28	"Wed"	"Midday"	"154"	1	5	4	10	"15"	"54"	6	9
"2571     Tue. Apr 27, 1999          1          8          8     "	2571	1999-04-27	"Tue"	"Evening"	"188"	1	8	8	17	"18"	"88"	9	16
"2570     Mon. Apr 26, 1999          3          2          4     "	2570	1999-04-26	"Mon"	"Midday"	"324"	3	2	4	9	"32"	"24"	5	6
"2569     Sun. Apr 25, 1999          3          3          1     "	2569	1999-04-25	"Sun"	"Evening"	"331"	3	3	1	7	"33"	"31"	6	4
"2568     Sat. Apr 24, 1999          8          7          2     "	2568	1999-04-24	"Sat"	"Midday"	"872"	8	7	2	17	"87"	"72"	15	9
"2567     Fri. Apr 23, 1999          1          8          9     "	2567	1999-04-23	"Fri"	"Evening"	"189"	1	8	9	18	"18"	"89"	9	17
"2566     Thu. Apr 22, 1999          6          8          8     "	2566	1999-04-22	"Thu"	"Midday"	"688"	6	8	8	22	"68"	"88"	14	16
"2565     Wed. Apr 21, 1999          6          0          4     "	2565	1999-04-21	"Wed"	"Evening"	"604"	6	0	4	10	"60"	"04"	6	4
"2564     Tue. Apr 20, 1999          1          7          6     "	2564	1999-04-20	"Tue"	"Midday"	"176"	1	7	6	14	"17"	"76"	8	13
"2563     Mon. Apr 19, 1999          7          7          6     "	2563	1999-04-19	"Mon"	"Evening"	"776"	7	7	6	20	"77"	"76"	14	13
"2562     Sun. Apr 18, 1999          1          9          9     "	2562	1999-04-18	"Sun"	"Midday"	"199"	1	9	9	19	"19"	"99"	10	18
"2561     Sat. Apr 17, 1999          0          1          9     "	2561	1999-04-17	"Sat"	"Evening"	"019"	0	1	9	10	"01"	"19"	1	10
"2560     Fri. Apr 16, 1999          9          9          8     "	2560	1999-04-16	"Fri"	"Midday"	"998"	9	9	8	26	"99"	"98"	18	17
"2559     Thu. Apr 15, 1999          8          3          3     "	2559	1999-04-15	"Thu"	"Evening"	"833"	8	3	3	14	"83"	"33"	11	6
"2558     Wed. Apr 14, 1999          7          5          9     "	2558	1999-04-14	"Wed"	"Midday"	"759"	7	5	9	21	"75"	"59"	12	14
"2557     Tue. Apr 13, 1999          3          4          5     "	2557	1999-04-13	"Tue"	"Evening"	"345"	3	4	5	12	"34"	"45"	7	9
"2556     Mon. Apr 12, 1999          6          2          3     "	2556	1999-04-12	"Mon"	"Midday"	"623"	6	2	3	11	"62"	"23"	8	5
"2555     Sun. Apr 11, 1999          7          5          9     "	2555	1999-04-11	"Sun"	"Evening"	"759"	7	5	9	21	"75"	"59"	12	14
"2554     Sat. Apr 10, 1999          9          4          6     "	2554	1999-04-10	"Sat"	"Midday"	"946"	9	4	6	19	"94"	"46"	13	10
"2553     Fri. Apr 09, 1999          9          5          6     "	2553	1999-04-09	"Fri"	"Evening"	"956"	9	5	6	20	"95"	"56"	14	11
"2552     Thu. Apr 08, 1999          2          0          3     "	2552	1999-04-08	"Thu"	"Midday"	"203"	2	0	3	5	"20"	"03"	2	3
"2551     Wed. Apr 07, 1999          4          1          6     "	2551	1999-04-07	"Wed"	"Evening"	"416"	4	1	6	11	"41"	"16"	5	7
"2550     Tue. Apr 06, 1999          5          9          6     "	2550	1999-04-06	"Tue"	"Midday"	"596"	5	9	6	20	"59"	"96"	14	15
"2549     Mon. Apr 05, 1999          3          9          5     "	2549	1999-04-05	"Mon"	"Evening"	"395"	3	9	5	17	"39"	"95"	12	14
"2548     Sun. Apr 04, 1999          4          2          1     "	2548	1999-04-04	"Sun"	"Midday"	"421"	4	2	1	7	"42"	"21"	6	3
"2547     Sat. Apr 03, 1999          3          4          5     "	2547	1999-04-03	"Sat"	"Evening"	"345"	3	4	5	12	"34"	"45"	7	9
"2546     Fri. Apr 02, 1999          2          2          9     "	2546	1999-04-02	"Fri"	"Midday"	"229"	2	2	9	13	"22"	"29"	4	11
"2545     Thu. Apr 01, 1999          3          1          7     "	2545	1999-04-01	"Thu"	"Evening"	"317"	3	1	7	11	"31"	"17"	4	8
"2544     Wed. Mar 31, 1999          7          9          4     "	2544	1999-03-31	"Wed"	"Midday"	"794"	7	9	4	20	"79"	"94"	16	13
"2543     Tue. Mar 30, 1999          4          2          9     "	2543	1999-03-30	"Tue"	"Evening"	"429"	4	2	9	15	"42"	"29"	6	11
"2542     Mon. Mar 29, 1999          0          6          3     "	2542	1999-03-29	"Mon"	"Midday"	"063"	0	6	3	9	"06"	"63"	6	9
"2541     Sun. Mar 28, 1999          3          0          8     "	2541	1999-03-28	"Sun"	"Evening"	"308"	3	0	8	11	"30"	"08"	3	8
"2540     Sat. Mar 27, 1999          7          3          5     "	2540	1999-03-27	"Sat"	"Midday"	"735"	7	3	5	15	"73"	"35"	10	8
"2539     Fri. Mar 26, 1999          5          5          4     "	2539	1999-03-26	"Fri"	"Evening"	"554"	5	5	4	14	"55"	"54"	10	9
"2538     Thu. Mar 25, 1999          2          8          1     "	2538	1999-03-25	"Thu"	"Midday"	"281"	2	8	1	11	"28"	"81"	10	9
"2537     Wed. Mar 24, 1999          1          7          3     "	2537	1999-03-24	"Wed"	"Evening"	"173"	1	7	3	11	"17"	"73"	8	10
"2536     Tue. Mar 23, 1999          5          1          7     "	2536	1999-03-23	"Tue"	"Midday"	"517"	5	1	7	13	"51"	"17"	6	8
"2535     Mon. Mar 22, 1999          4          5          4     "	2535	1999-03-22	"Mon"	"Evening"	"454"	4	5	4	13	"45"	"54"	9	9
"2534     Sun. Mar 21, 1999          0          1          2     "	2534	1999-03-21	"Sun"	"Midday"	"012"	0	1	2	3	"01"	"12"	1	3
"2533     Sat. Mar 20, 1999          1          7          2     "	2533	1999-03-20	"Sat"	"Evening"	"172"	1	7	2	10	"17"	"72"	8	9
"2532     Fri. Mar 19, 1999          9          7          0     "	2532	1999-03-19	"Fri"	"Midday"	"970"	9	7	0	16	"97"	"70"	16	7
"2531     Thu. Mar 18, 1999          0          6          8     "	2531	1999-03-18	"Thu"	"Evening"	"068"	0	6	8	14	"06"	"68"	6	14
"2530     Wed. Mar 17, 1999          5          0          6     "	2530	1999-03-17	"Wed"	"Midday"	"506"	5	0	6	11	"50"	"06"	5	6
"2529     Tue. Mar 16, 1999          9          9          1     "	2529	1999-03-16	"Tue"	"Evening"	"991"	9	9	1	19	"99"	"91"	18	10
"2528     Mon. Mar 15, 1999          5          3          8     "	2528	1999-03-15	"Mon"	"Midday"	"538"	5	3	8	16	"53"	"38"	8	11
"2527     Sun. Mar 14, 1999          2          1          3     "	2527	1999-03-14	"Sun"	"Evening"	"213"	2	1	3	6	"21"	"13"	3	4
"2526     Sat. Mar 13, 1999          0          2          9     "	2526	1999-03-13	"Sat"	"Midday"	"029"	0	2	9	11	"02"	"29"	2	11
"2525     Fri. Mar 12, 1999          9          1          0     "	2525	1999-03-12	"Fri"	"Evening"	"910"	9	1	0	10	"91"	"10"	10	1
"2524     Thu. Mar 11, 1999          0          5          1     "	2524	1999-03-11	"Thu"	"Midday"	"051"	0	5	1	6	"05"	"51"	5	6
"2523     Wed. Mar 10, 1999          9          2          3     "	2523	1999-03-10	"Wed"	"Evening"	"923"	9	2	3	14	"92"	"23"	11	5
"2522     Tue. Mar 09, 1999          1          5          2     "	2522	1999-03-09	"Tue"	"Midday"	"152"	1	5	2	8	"15"	"52"	6	7
"2521     Mon. Mar 08, 1999          7          7          8     "	2521	1999-03-08	"Mon"	"Evening"	"778"	7	7	8	22	"77"	"78"	14	15
"2520     Sun. Mar 07, 1999          7          1          8     "	2520	1999-03-07	"Sun"	"Midday"	"718"	7	1	8	16	"71"	"18"	8	9
"2519     Sat. Mar 06, 1999          1          5          4     "	2519	1999-03-06	"Sat"	"Evening"	"154"	1	5	4	10	"15"	"54"	6	9
"2518     Fri. Mar 05, 1999          0          3          9     "	2518	1999-03-05	"Fri"	"Midday"	"039"	0	3	9	12	"03"	"39"	3	12
"2517     Thu. Mar 04, 1999          2          8          6     "	2517	1999-03-04	"Thu"	"Evening"	"286"	2	8	6	16	"28"	"86"	10	14
"2516     Wed. Mar 03, 1999          1          3          9     "	2516	1999-03-03	"Wed"	"Midday"	"139"	1	3	9	13	"13"	"39"	4	12
"2515     Tue. Mar 02, 1999          9          1          6     "	2515	1999-03-02	"Tue"	"Evening"	"916"	9	1	6	16	"91"	"16"	10	7
"2514     Mon. Mar 01, 1999          0          8          3     "	2514	1999-03-01	"Mon"	"Midday"	"083"	0	8	3	11	"08"	"83"	8	11
"2513     Sun. Feb 28, 1999          2          7          4     "	2513	1999-02-28	"Sun"	"Evening"	"274"	2	7	4	13	"27"	"74"	9	11
"2512     Sat. Feb 27, 1999          2          6          2     "	2512	1999-02-27	"Sat"	"Midday"	"262"	2	6	2	10	"26"	"62"	8	8
"2511     Fri. Feb 26, 1999          0          5          7     "	2511	1999-02-26	"Fri"	"Evening"	"057"	0	5	7	12	"05"	"57"	5	12
"2510     Thu. Feb 25, 1999          8          1          6     "	2510	1999-02-25	"Thu"	"Midday"	"816"	8	1	6	15	"81"	"16"	9	7
"2509     Wed. Feb 24, 1999          2          0          8     "	2509	1999-02-24	"Wed"	"Evening"	"208"	2	0	8	10	"20"	"08"	2	8
"2508     Tue. Feb 23, 1999          4          3          3     "	2508	1999-02-23	"Tue"	"Midday"	"433"	4	3	3	10	"43"	"33"	7	6
"2507     Mon. Feb 22, 1999          3          2          4     "	2507	1999-02-22	"Mon"	"Evening"	"324"	3	2	4	9	"32"	"24"	5	6
"2506     Sun. Feb 21, 1999          9          6          4     "	2506	1999-02-21	"Sun"	"Midday"	"964"	9	6	4	19	"96"	"64"	15	10
"2505     Sat. Feb 20, 1999          5          5          4     "	2505	1999-02-20	"Sat"	"Evening"	"554"	5	5	4	14	"55"	"54"	10	9
"2504     Fri. Feb 19, 1999          8          8          7     "	2504	1999-02-19	"Fri"	"Midday"	"887"	8	8	7	23	"88"	"87"	16	15
"2503     Thu. Feb 18, 1999          0          9          0     "	2503	1999-02-18	"Thu"	"Evening"	"090"	0	9	0	9	"09"	"90"	9	9
"2502     Wed. Feb 17, 1999          3          8          6     "	2502	1999-02-17	"Wed"	"Midday"	"386"	3	8	6	17	"38"	"86"	11	14
"2501     Tue. Feb 16, 1999          3          5          3     "	2501	1999-02-16	"Tue"	"Evening"	"353"	3	5	3	11	"35"	"53"	8	8
"2500     Mon. Feb 15, 1999          7          6          1     "	2500	1999-02-15	"Mon"	"Midday"	"761"	7	6	1	14	"76"	"61"	13	7
"2499     Sun. Feb 14, 1999          2          4          9     "	2499	1999-02-14	"Sun"	"Evening"	"249"	2	4	9	15	"24"	"49"	6	13
"2498     Sat. Feb 13, 1999          8          7          4     "	2498	1999-02-13	"Sat"	"Midday"	"874"	8	7	4	19	"87"	"74"	15	11
"2497     Fri. Feb 12, 1999          7          5          8     "	2497	1999-02-12	"Fri"	"Evening"	"758"	7	5	8	20	"75"	"58"	12	13
"2496     Thu. Feb 11, 1999          0          7          7     "	2496	1999-02-11	"Thu"	"Midday"	"077"	0	7	7	14	"07"	"77"	7	14
"2495     Wed. Feb 10, 1999          3          6          4     "	2495	1999-02-10	"Wed"	"Evening"	"364"	3	6	4	13	"36"	"64"	9	10
"2494     Tue. Feb 09, 1999          4          3          7     "	2494	1999-02-09	"Tue"	"Midday"	"437"	4	3	7	14	"43"	"37"	7	10
"2493     Mon. Feb 08, 1999          2          0          8     "	2493	1999-02-08	"Mon"	"Evening"	"208"	2	0	8	10	"20"	"08"	2	8
"2492     Sun. Feb 07, 1999          5          9          6     "	2492	1999-02-07	"Sun"	"Midday"	"596"	5	9	6	20	"59"	"96"	14	15
"2491     Sat. Feb 06, 1999          8          2          9     "	2491	1999-02-06	"Sat"	"Evening"	"829"	8	2	9	19	"82"	"29"	10	11
"2490     Fri. Feb 05, 1999          5          7          0     "	2490	1999-02-05	"Fri"	"Midday"	"570"	5	7	0	12	"57"	"70"	12	7
"2489     Thu. Feb 04, 1999          0          6          0     "	2489	1999-02-04	"Thu"	"Evening"	"060"	0	6	0	6	"06"	"60"	6	6
"2488     Wed. Feb 03, 1999          2          1          0     "	2488	1999-02-03	"Wed"	"Midday"	"210"	2	1	0	3	"21"	"10"	3	1
"2487     Tue. Feb 02, 1999          1          5          9     "	2487	1999-02-02	"Tue"	"Evening"	"159"	1	5	9	15	"15"	"59"	6	14
"2486     Mon. Feb 01, 1999          9          9          7     "	2486	1999-02-01	"Mon"	"Midday"	"997"	9	9	7	25	"99"	"97"	18	16
"2485     Sun. Jan 31, 1999          5          9          6     "	2485	1999-01-31	"Sun"	"Evening"	"596"	5	9	6	20	"59"	"96"	14	15
"2484     Sat. Jan 30, 1999          7          3          6     "	2484	1999-01-30	"Sat"	"Midday"	"736"	7	3	6	16	"73"	"36"	10	9
"2483     Fri. Jan 29, 1999          1          1          4     "	2483	1999-01-29	"Fri"	"Evening"	"114"	1	1	4	6	"11"	"14"	2	5
"2482     Thu. Jan 28, 1999          0          1          4     "	2482	1999-01-28	"Thu"	"Midday"	"014"	0	1	4	5	"01"	"14"	1	5
"2481     Wed. Jan 27, 1999          7          4          8     "	2481	1999-01-27	"Wed"	"Evening"	"748"	7	4	8	19	"74"	"48"	11	12
"2480     Tue. Jan 26, 1999          6          6          6     "	2480	1999-01-26	"Tue"	"Midday"	"666"	6	6	6	18	"66"	"66"	12	12
"2479     Mon. Jan 25, 1999          6          1          3     "	2479	1999-01-25	"Mon"	"Evening"	"613"	6	1	3	10	"61"	"13"	7	4
"2478     Sun. Jan 24, 1999          4          7          1     "	2478	1999-01-24	"Sun"	"Midday"	"471"	4	7	1	12	"47"	"71"	11	8
"2477     Sat. Jan 23, 1999          1          5          2     "	2477	1999-01-23	"Sat"	"Evening"	"152"	1	5	2	8	"15"	"52"	6	7
"2476     Fri. Jan 22, 1999          3          8          2     "	2476	1999-01-22	"Fri"	"Midday"	"382"	3	8	2	13	"38"	"82"	11	10
"2475     Thu. Jan 21, 1999          7          1          5     "	2475	1999-01-21	"Thu"	"Evening"	"715"	7	1	5	13	"71"	"15"	8	6
"2474     Wed. Jan 20, 1999          0          3          1     "	2474	1999-01-20	"Wed"	"Midday"	"031"	0	3	1	4	"03"	"31"	3	4
"2473     Tue. Jan 19, 1999          4          6          0     "	2473	1999-01-19	"Tue"	"Evening"	"460"	4	6	0	10	"46"	"60"	10	6
"2472     Mon. Jan 18, 1999          6          7          7     "	2472	1999-01-18	"Mon"	"Midday"	"677"	6	7	7	20	"67"	"77"	13	14
"2471     Sun. Jan 17, 1999          8          9          9     "	2471	1999-01-17	"Sun"	"Evening"	"899"	8	9	9	26	"89"	"99"	17	18
"2470     Sat. Jan 16, 1999          1          3          8     "	2470	1999-01-16	"Sat"	"Midday"	"138"	1	3	8	12	"13"	"38"	4	11
"2469     Fri. Jan 15, 1999          3          5          4     "	2469	1999-01-15	"Fri"	"Evening"	"354"	3	5	4	12	"35"	"54"	8	9
"2468     Thu. Jan 14, 1999          3          9          1     "	2468	1999-01-14	"Thu"	"Midday"	"391"	3	9	1	13	"39"	"91"	12	10
"2467     Wed. Jan 13, 1999          0          0          4     "	2467	1999-01-13	"Wed"	"Evening"	"004"	0	0	4	4	"00"	"04"	0	4
"2466     Tue. Jan 12, 1999          5          5          7     "	2466	1999-01-12	"Tue"	"Midday"	"557"	5	5	7	17	"55"	"57"	10	12
"2465     Mon. Jan 11, 1999          8          9          8     "	2465	1999-01-11	"Mon"	"Evening"	"898"	8	9	8	25	"89"	"98"	17	17
"2464     Sun. Jan 10, 1999          3          2          0     "	2464	1999-01-10	"Sun"	"Midday"	"320"	3	2	0	5	"32"	"20"	5	2
"2463     Sat. Jan 09, 1999          0          2          7     "	2463	1999-01-09	"Sat"	"Evening"	"027"	0	2	7	9	"02"	"27"	2	9
"2462     Fri. Jan 08, 1999          7          3          2     "	2462	1999-01-08	"Fri"	"Midday"	"732"	7	3	2	12	"73"	"32"	10	5
"2461     Thu. Jan 07, 1999          0          6          6     "	2461	1999-01-07	"Thu"	"Evening"	"066"	0	6	6	12	"06"	"66"	6	12
"2460     Wed. Jan 06, 1999          3          0          0     "	2460	1999-01-06	"Wed"	"Midday"	"300"	3	0	0	3	"30"	"00"	3	0
"2459     Tue. Jan 05, 1999          0          0          2     "	2459	1999-01-05	"Tue"	"Evening"	"002"	0	0	2	2	"00"	"02"	0	2
"2458     Mon. Jan 04, 1999          0          5          0     "	2458	1999-01-04	"Mon"	"Midday"	"050"	0	5	0	5	"05"	"50"	5	5
"2457     Sun. Jan 03, 1999          6          5          9     "	2457	1999-01-03	"Sun"	"Evening"	"659"	6	5	9	20	"65"	"59"	11	14
"2456     Sat. Jan 02, 1999          0          6          2     "	2456	1999-01-02	"Sat"	"Midday"	"062"	0	6	2	8	"06"	"62"	6	8
"2455     Fri. Jan 01, 1999          2          7          5     "	2455	1999-01-01	"Fri"	"Evening"	"275"	2	7	5	14	"27"	"75"	9	12
"2454     Thu. Dec 31, 1998          8          6          5     "	2454	1998-12-31	"Thu"	"Midday"	"865"	8	6	5	19	"86"	"65"	14	11
"2453     Wed. Dec 30, 1998          9          3          6     "	2453	1998-12-30	"Wed"	"Evening"	"936"	9	3	6	18	"93"	"36"	12	9
"2452     Tue. Dec 29, 1998          9          0          5     "	2452	1998-12-29	"Tue"	"Midday"	"905"	9	0	5	14	"90"	"05"	9	5
"2451     Mon. Dec 28, 1998          3          5          5     "	2451	1998-12-28	"Mon"	"Evening"	"355"	3	5	5	13	"35"	"55"	8	10
"2450     Sun. Dec 27, 1998          5          7          2     "	2450	1998-12-27	"Sun"	"Midday"	"572"	5	7	2	14	"57"	"72"	12	9
"2449     Sat. Dec 26, 1998          6          8          3     "	2449	1998-12-26	"Sat"	"Evening"	"683"	6	8	3	17	"68"	"83"	14	11
"2448     Fri. Dec 25, 1998          5          8          5     "	2448	1998-12-25	"Fri"	"Midday"	"585"	5	8	5	18	"58"	"85"	13	13
"2447     Thu. Dec 24, 1998          0          2          3     "	2447	1998-12-24	"Thu"	"Evening"	"023"	0	2	3	5	"02"	"23"	2	5
"2446     Wed. Dec 23, 1998          1          2          6     "	2446	1998-12-23	"Wed"	"Midday"	"126"	1	2	6	9	"12"	"26"	3	8
"2445     Tue. Dec 22, 1998          5          2          7     "	2445	1998-12-22	"Tue"	"Evening"	"527"	5	2	7	14	"52"	"27"	7	9
"2444     Mon. Dec 21, 1998          1          7          2     "	2444	1998-12-21	"Mon"	"Midday"	"172"	1	7	2	10	"17"	"72"	8	9
"2443     Sun. Dec 20, 1998          4          7          2     "	2443	1998-12-20	"Sun"	"Evening"	"472"	4	7	2	13	"47"	"72"	11	9
"2442     Sat. Dec 19, 1998          2          5          3     "	2442	1998-12-19	"Sat"	"Midday"	"253"	2	5	3	10	"25"	"53"	7	8
"2441     Fri. Dec 18, 1998          7          3          3     "	2441	1998-12-18	"Fri"	"Evening"	"733"	7	3	3	13	"73"	"33"	10	6
"2440     Thu. Dec 17, 1998          3          5          8     "	2440	1998-12-17	"Thu"	"Midday"	"358"	3	5	8	16	"35"	"58"	8	13
"2439     Wed. Dec 16, 1998          0          7          4     "	2439	1998-12-16	"Wed"	"Evening"	"074"	0	7	4	11	"07"	"74"	7	11
"2438     Tue. Dec 15, 1998          1          8          8     "	2438	1998-12-15	"Tue"	"Midday"	"188"	1	8	8	17	"18"	"88"	9	16
"2437     Mon. Dec 14, 1998          0          5          4     "	2437	1998-12-14	"Mon"	"Evening"	"054"	0	5	4	9	"05"	"54"	5	9
"2436     Sun. Dec 13, 1998          6          1          9     "	2436	1998-12-13	"Sun"	"Midday"	"619"	6	1	9	16	"61"	"19"	7	10
"2435     Sat. Dec 12, 1998          0          4          6     "	2435	1998-12-12	"Sat"	"Evening"	"046"	0	4	6	10	"04"	"46"	4	10
"2434     Fri. Dec 11, 1998          7          8          5     "	2434	1998-12-11	"Fri"	"Midday"	"785"	7	8	5	20	"78"	"85"	15	13
"2433     Thu. Dec 10, 1998          6          5          3     "	2433	1998-12-10	"Thu"	"Evening"	"653"	6	5	3	14	"65"	"53"	11	8
"2432     Wed. Dec 09, 1998          5          1          4     "	2432	1998-12-09	"Wed"	"Midday"	"514"	5	1	4	10	"51"	"14"	6	5
"2431     Tue. Dec 08, 1998          4          0          9     "	2431	1998-12-08	"Tue"	"Evening"	"409"	4	0	9	13	"40"	"09"	4	9
"2430     Mon. Dec 07, 1998          7          9          6     "	2430	1998-12-07	"Mon"	"Midday"	"796"	7	9	6	22	"79"	"96"	16	15
"2429     Sun. Dec 06, 1998          4          2          4     "	2429	1998-12-06	"Sun"	"Evening"	"424"	4	2	4	10	"42"	"24"	6	6
"2428     Sat. Dec 05, 1998          9          9          6     "	2428	1998-12-05	"Sat"	"Midday"	"996"	9	9	6	24	"99"	"96"	18	15
"2427     Fri. Dec 04, 1998          0          8          9     "	2427	1998-12-04	"Fri"	"Evening"	"089"	0	8	9	17	"08"	"89"	8	17
"2426     Thu. Dec 03, 1998          2          9          1     "	2426	1998-12-03	"Thu"	"Midday"	"291"	2	9	1	12	"29"	"91"	11	10
"2425     Wed. Dec 02, 1998          4          2          1     "	2425	1998-12-02	"Wed"	"Evening"	"421"	4	2	1	7	"42"	"21"	6	3
"2424     Tue. Dec 01, 1998          0          0          2     "	2424	1998-12-01	"Tue"	"Midday"	"002"	0	0	2	2	"00"	"02"	0	2
"2423     Mon. Nov 30, 1998          9          3          4     "	2423	1998-11-30	"Mon"	"Evening"	"934"	9	3	4	16	"93"	"34"	12	7
"2422     Sun. Nov 29, 1998          6          3          1     "	2422	1998-11-29	"Sun"	"Midday"	"631"	6	3	1	10	"63"	"31"	9	4
"2421     Sat. Nov 28, 1998          6          2          1     "	2421	1998-11-28	"Sat"	"Evening"	"621"	6	2	1	9	"62"	"21"	8	3
"2420     Fri. Nov 27, 1998          1          3          1     "	2420	1998-11-27	"Fri"	"Midday"	"131"	1	3	1	5	"13"	"31"	4	4
"2419     Thu. Nov 26, 1998          5          9          9     "	2419	1998-11-26	"Thu"	"Evening"	"599"	5	9	9	23	"59"	"99"	14	18
"2418     Wed. Nov 25, 1998          6          2          1     "	2418	1998-11-25	"Wed"	"Midday"	"621"	6	2	1	9	"62"	"21"	8	3
"2417     Tue. Nov 24, 1998          9          0          0     "	2417	1998-11-24	"Tue"	"Evening"	"900"	9	0	0	9	"90"	"00"	9	0
"2416     Mon. Nov 23, 1998          9          6          4     "	2416	1998-11-23	"Mon"	"Midday"	"964"	9	6	4	19	"96"	"64"	15	10
"2415     Sun. Nov 22, 1998          7          6          3     "	2415	1998-11-22	"Sun"	"Evening"	"763"	7	6	3	16	"76"	"63"	13	9
"2414     Sat. Nov 21, 1998          6          9          0     "	2414	1998-11-21	"Sat"	"Midday"	"690"	6	9	0	15	"69"	"90"	15	9
"2413     Fri. Nov 20, 1998          2          5          5     "	2413	1998-11-20	"Fri"	"Evening"	"255"	2	5	5	12	"25"	"55"	7	10
"2412     Thu. Nov 19, 1998          1          7          1     "	2412	1998-11-19	"Thu"	"Midday"	"171"	1	7	1	9	"17"	"71"	8	8
"2411     Wed. Nov 18, 1998          7          6          0     "	2411	1998-11-18	"Wed"	"Evening"	"760"	7	6	0	13	"76"	"60"	13	6
"2410     Tue. Nov 17, 1998          5          0          6     "	2410	1998-11-17	"Tue"	"Midday"	"506"	5	0	6	11	"50"	"06"	5	6
"2409     Mon. Nov 16, 1998          2          0          7     "	2409	1998-11-16	"Mon"	"Evening"	"207"	2	0	7	9	"20"	"07"	2	7
"2408     Sun. Nov 15, 1998          5          6          8     "	2408	1998-11-15	"Sun"	"Midday"	"568"	5	6	8	19	"56"	"68"	11	14
"2407     Sat. Nov 14, 1998          8          4          1     "	2407	1998-11-14	"Sat"	"Evening"	"841"	8	4	1	13	"84"	"41"	12	5
"2406     Fri. Nov 13, 1998          0          6          8     "	2406	1998-11-13	"Fri"	"Midday"	"068"	0	6	8	14	"06"	"68"	6	14
"2405     Thu. Nov 12, 1998          2          1          0     "	2405	1998-11-12	"Thu"	"Evening"	"210"	2	1	0	3	"21"	"10"	3	1
"2404     Wed. Nov 11, 1998          5          5          0     "	2404	1998-11-11	"Wed"	"Midday"	"550"	5	5	0	10	"55"	"50"	10	5
"2403     Tue. Nov 10, 1998          3          2          5     "	2403	1998-11-10	"Tue"	"Evening"	"325"	3	2	5	10	"32"	"25"	5	7
"2402     Mon. Nov 09, 1998          5          6          5     "	2402	1998-11-09	"Mon"	"Midday"	"565"	5	6	5	16	"56"	"65"	11	11
"2401     Sun. Nov 08, 1998          1          0          6     "	2401	1998-11-08	"Sun"	"Evening"	"106"	1	0	6	7	"10"	"06"	1	6
"2400     Sat. Nov 07, 1998          5          2          9     "	2400	1998-11-07	"Sat"	"Midday"	"529"	5	2	9	16	"52"	"29"	7	11
"2399     Fri. Nov 06, 1998          1          7          7     "	2399	1998-11-06	"Fri"	"Evening"	"177"	1	7	7	15	"17"	"77"	8	14
"2398     Thu. Nov 05, 1998          3          8          0     "	2398	1998-11-05	"Thu"	"Midday"	"380"	3	8	0	11	"38"	"80"	11	8
"2397     Wed. Nov 04, 1998          1          9          1     "	2397	1998-11-04	"Wed"	"Evening"	"191"	1	9	1	11	"19"	"91"	10	10
"2396     Tue. Nov 03, 1998          0          6          9     "	2396	1998-11-03	"Tue"	"Midday"	"069"	0	6	9	15	"06"	"69"	6	15
"2395     Mon. Nov 02, 1998          2          1          9     "	2395	1998-11-02	"Mon"	"Evening"	"219"	2	1	9	12	"21"	"19"	3	10
"2394     Sun. Nov 01, 1998          7          1          7     "	2394	1998-11-01	"Sun"	"Midday"	"717"	7	1	7	15	"71"	"17"	8	8
"2393     Sat. Oct 31, 1998          9          1          1     "	2393	1998-10-31	"Sat"	"Evening"	"911"	9	1	1	11	"91"	"11"	10	2
"2392     Fri. Oct 30, 1998          5          5          4     "	2392	1998-10-30	"Fri"	"Midday"	"554"	5	5	4	14	"55"	"54"	10	9
"2391     Thu. Oct 29, 1998          3          5          9     "	2391	1998-10-29	"Thu"	"Evening"	"359"	3	5	9	17	"35"	"59"	8	14
"2390     Wed. Oct 28, 1998          8          8          4     "	2390	1998-10-28	"Wed"	"Midday"	"884"	8	8	4	20	"88"	"84"	16	12
"2389     Tue. Oct 27, 1998          3          5          6     "	2389	1998-10-27	"Tue"	"Evening"	"356"	3	5	6	14	"35"	"56"	8	11
"2388     Mon. Oct 26, 1998          9          7          6     "	2388	1998-10-26	"Mon"	"Midday"	"976"	9	7	6	22	"97"	"76"	16	13
"2387     Sun. Oct 25, 1998          0          8          6     "	2387	1998-10-25	"Sun"	"Evening"	"086"	0	8	6	14	"08"	"86"	8	14
"2386     Sat. Oct 24, 1998          2          6          4     "	2386	1998-10-24	"Sat"	"Midday"	"264"	2	6	4	12	"26"	"64"	8	10
"2385     Fri. Oct 23, 1998          6          8          8     "	2385	1998-10-23	"Fri"	"Evening"	"688"	6	8	8	22	"68"	"88"	14	16
"2384     Thu. Oct 22, 1998          1          0          1     "	2384	1998-10-22	"Thu"	"Midday"	"101"	1	0	1	2	"10"	"01"	1	1
"2383     Wed. Oct 21, 1998          0          6          7     "	2383	1998-10-21	"Wed"	"Evening"	"067"	0	6	7	13	"06"	"67"	6	13
"2382     Tue. Oct 20, 1998          8          5          2     "	2382	1998-10-20	"Tue"	"Midday"	"852"	8	5	2	15	"85"	"52"	13	7
"2381     Mon. Oct 19, 1998          0          7          4     "	2381	1998-10-19	"Mon"	"Evening"	"074"	0	7	4	11	"07"	"74"	7	11
"2380     Sun. Oct 18, 1998          1          8          6     "	2380	1998-10-18	"Sun"	"Midday"	"186"	1	8	6	15	"18"	"86"	9	14
"2379     Sat. Oct 17, 1998          3          0          0     "	2379	1998-10-17	"Sat"	"Evening"	"300"	3	0	0	3	"30"	"00"	3	0
"2378     Fri. Oct 16, 1998          6          9          4     "	2378	1998-10-16	"Fri"	"Midday"	"694"	6	9	4	19	"69"	"94"	15	13
"2377     Thu. Oct 15, 1998          2          1          6     "	2377	1998-10-15	"Thu"	"Evening"	"216"	2	1	6	9	"21"	"16"	3	7
"2376     Wed. Oct 14, 1998          2          9          6     "	2376	1998-10-14	"Wed"	"Midday"	"296"	2	9	6	17	"29"	"96"	11	15
"2375     Tue. Oct 13, 1998          5          0          8     "	2375	1998-10-13	"Tue"	"Evening"	"508"	5	0	8	13	"50"	"08"	5	8
"2374     Mon. Oct 12, 1998          4          4          6     "	2374	1998-10-12	"Mon"	"Midday"	"446"	4	4	6	14	"44"	"46"	8	10
"2373     Sun. Oct 11, 1998          1          0          7     "	2373	1998-10-11	"Sun"	"Evening"	"107"	1	0	7	8	"10"	"07"	1	7
"2372     Sat. Oct 10, 1998          6          7          6     "	2372	1998-10-10	"Sat"	"Midday"	"676"	6	7	6	19	"67"	"76"	13	13
"2371     Fri. Oct 09, 1998          0          2          1     "	2371	1998-10-09	"Fri"	"Evening"	"021"	0	2	1	3	"02"	"21"	2	3
"2370     Thu. Oct 08, 1998          7          9          9     "	2370	1998-10-08	"Thu"	"Midday"	"799"	7	9	9	25	"79"	"99"	16	18
"2369     Wed. Oct 07, 1998          6          0          5     "	2369	1998-10-07	"Wed"	"Evening"	"605"	6	0	5	11	"60"	"05"	6	5
"2368     Tue. Oct 06, 1998          9          7          6     "	2368	1998-10-06	"Tue"	"Midday"	"976"	9	7	6	22	"97"	"76"	16	13
"2367     Mon. Oct 05, 1998          2          6          1     "	2367	1998-10-05	"Mon"	"Evening"	"261"	2	6	1	9	"26"	"61"	8	7
"2366     Sun. Oct 04, 1998          8          5          6     "	2366	1998-10-04	"Sun"	"Midday"	"856"	8	5	6	19	"85"	"56"	13	11
"2365     Sat. Oct 03, 1998          3          1          8     "	2365	1998-10-03	"Sat"	"Evening"	"318"	3	1	8	12	"31"	"18"	4	9
"2364     Fri. Oct 02, 1998          5          4          5     "	2364	1998-10-02	"Fri"	"Midday"	"545"	5	4	5	14	"54"	"45"	9	9
"2363     Thu. Oct 01, 1998          3          0          3     "	2363	1998-10-01	"Thu"	"Evening"	"303"	3	0	3	6	"30"	"03"	3	3
"2362     Wed. Sep 30, 1998          4          5          7     "	2362	1998-09-30	"Wed"	"Midday"	"457"	4	5	7	16	"45"	"57"	9	12
"2361     Tue. Sep 29, 1998          3          7          6     "	2361	1998-09-29	"Tue"	"Evening"	"376"	3	7	6	16	"37"	"76"	10	13
"2360     Mon. Sep 28, 1998          5          0          8     "	2360	1998-09-28	"Mon"	"Midday"	"508"	5	0	8	13	"50"	"08"	5	8
"2359     Sun. Sep 27, 1998          4          5          1     "	2359	1998-09-27	"Sun"	"Evening"	"451"	4	5	1	10	"45"	"51"	9	6
"2358     Sat. Sep 26, 1998          7          9          2     "	2358	1998-09-26	"Sat"	"Midday"	"792"	7	9	2	18	"79"	"92"	16	11
"2357     Fri. Sep 25, 1998          1          2          6     "	2357	1998-09-25	"Fri"	"Evening"	"126"	1	2	6	9	"12"	"26"	3	8
"2356     Thu. Sep 24, 1998          3          2          1     "	2356	1998-09-24	"Thu"	"Midday"	"321"	3	2	1	6	"32"	"21"	5	3
"2355     Wed. Sep 23, 1998          7          4          6     "	2355	1998-09-23	"Wed"	"Evening"	"746"	7	4	6	17	"74"	"46"	11	10
"2354     Tue. Sep 22, 1998          7          1          2     "	2354	1998-09-22	"Tue"	"Midday"	"712"	7	1	2	10	"71"	"12"	8	3
"2353     Mon. Sep 21, 1998          3          3          1     "	2353	1998-09-21	"Mon"	"Evening"	"331"	3	3	1	7	"33"	"31"	6	4
"2352     Sun. Sep 20, 1998          3          1          9     "	2352	1998-09-20	"Sun"	"Midday"	"319"	3	1	9	13	"31"	"19"	4	10
"2351     Sat. Sep 19, 1998          0          8          3     "	2351	1998-09-19	"Sat"	"Evening"	"083"	0	8	3	11	"08"	"83"	8	11
"2350     Fri. Sep 18, 1998          4          9          0     "	2350	1998-09-18	"Fri"	"Midday"	"490"	4	9	0	13	"49"	"90"	13	9
"2349     Thu. Sep 17, 1998          6          1          3     "	2349	1998-09-17	"Thu"	"Evening"	"613"	6	1	3	10	"61"	"13"	7	4
"2348     Wed. Sep 16, 1998          6          1          8     "	2348	1998-09-16	"Wed"	"Midday"	"618"	6	1	8	15	"61"	"18"	7	9
"2347     Tue. Sep 15, 1998          3          7          5     "	2347	1998-09-15	"Tue"	"Evening"	"375"	3	7	5	15	"37"	"75"	10	12
"2346     Mon. Sep 14, 1998          0          2          2     "	2346	1998-09-14	"Mon"	"Midday"	"022"	0	2	2	4	"02"	"22"	2	4
"2345     Sun. Sep 13, 1998          5          4          9     "	2345	1998-09-13	"Sun"	"Evening"	"549"	5	4	9	18	"54"	"49"	9	13
"2344     Sat. Sep 12, 1998          0          6          9     "	2344	1998-09-12	"Sat"	"Midday"	"069"	0	6	9	15	"06"	"69"	6	15
"2343     Fri. Sep 11, 1998          4          5          4     "	2343	1998-09-11	"Fri"	"Evening"	"454"	4	5	4	13	"45"	"54"	9	9
"2342     Thu. Sep 10, 1998          9          8          1     "	2342	1998-09-10	"Thu"	"Midday"	"981"	9	8	1	18	"98"	"81"	17	9
"2341     Wed. Sep 09, 1998          9          2          5     "	2341	1998-09-09	"Wed"	"Evening"	"925"	9	2	5	16	"92"	"25"	11	7
"2340     Tue. Sep 08, 1998          8          4          0     "	2340	1998-09-08	"Tue"	"Midday"	"840"	8	4	0	12	"84"	"40"	12	4
"2339     Mon. Sep 07, 1998          2          7          9     "	2339	1998-09-07	"Mon"	"Evening"	"279"	2	7	9	18	"27"	"79"	9	16
"2338     Sun. Sep 06, 1998          5          1          3     "	2338	1998-09-06	"Sun"	"Midday"	"513"	5	1	3	9	"51"	"13"	6	4
"2337     Sat. Sep 05, 1998          2          2          1     "	2337	1998-09-05	"Sat"	"Evening"	"221"	2	2	1	5	"22"	"21"	4	3
"2336     Fri. Sep 04, 1998          3          1          7     "	2336	1998-09-04	"Fri"	"Midday"	"317"	3	1	7	11	"31"	"17"	4	8
"2335     Thu. Sep 03, 1998          0          5          7     "	2335	1998-09-03	"Thu"	"Evening"	"057"	0	5	7	12	"05"	"57"	5	12
"2334     Wed. Sep 02, 1998          9          5          4     "	2334	1998-09-02	"Wed"	"Midday"	"954"	9	5	4	18	"95"	"54"	14	9
"2333     Tue. Sep 01, 1998          3          1          4     "	2333	1998-09-01	"Tue"	"Evening"	"314"	3	1	4	8	"31"	"14"	4	5
"2332     Mon. Aug 31, 1998          6          4          9     "	2332	1998-08-31	"Mon"	"Midday"	"649"	6	4	9	19	"64"	"49"	10	13
"2331     Sun. Aug 30, 1998          1          3          3     "	2331	1998-08-30	"Sun"	"Evening"	"133"	1	3	3	7	"13"	"33"	4	6
"2330     Sat. Aug 29, 1998          4          2          2     "	2330	1998-08-29	"Sat"	"Midday"	"422"	4	2	2	8	"42"	"22"	6	4
"2329     Fri. Aug 28, 1998          2          2          2     "	2329	1998-08-28	"Fri"	"Evening"	"222"	2	2	2	6	"22"	"22"	4	4
"2328     Thu. Aug 27, 1998          2          5          6     "	2328	1998-08-27	"Thu"	"Midday"	"256"	2	5	6	13	"25"	"56"	7	11
"2327     Wed. Aug 26, 1998          6          7          2     "	2327	1998-08-26	"Wed"	"Evening"	"672"	6	7	2	15	"67"	"72"	13	9
"2326     Tue. Aug 25, 1998          3          2          2     "	2326	1998-08-25	"Tue"	"Midday"	"322"	3	2	2	7	"32"	"22"	5	4
"2325     Mon. Aug 24, 1998          4          8          1     "	2325	1998-08-24	"Mon"	"Evening"	"481"	4	8	1	13	"48"	"81"	12	9
"2324     Sun. Aug 23, 1998          2          8          9     "	2324	1998-08-23	"Sun"	"Midday"	"289"	2	8	9	19	"28"	"89"	10	17
"2323     Sat. Aug 22, 1998          1          6          7     "	2323	1998-08-22	"Sat"	"Evening"	"167"	1	6	7	14	"16"	"67"	7	13
"2322     Fri. Aug 21, 1998          2          3          0     "	2322	1998-08-21	"Fri"	"Midday"	"230"	2	3	0	5	"23"	"30"	5	3
"2321     Thu. Aug 20, 1998          2          9          0     "	2321	1998-08-20	"Thu"	"Evening"	"290"	2	9	0	11	"29"	"90"	11	9
"2320     Wed. Aug 19, 1998          2          0          5     "	2320	1998-08-19	"Wed"	"Midday"	"205"	2	0	5	7	"20"	"05"	2	5
"2319     Tue. Aug 18, 1998          3          3          7     "	2319	1998-08-18	"Tue"	"Evening"	"337"	3	3	7	13	"33"	"37"	6	10
"2318     Mon. Aug 17, 1998          7          1          2     "	2318	1998-08-17	"Mon"	"Midday"	"712"	7	1	2	10	"71"	"12"	8	3
"2317     Sun. Aug 16, 1998          0          4          1     "	2317	1998-08-16	"Sun"	"Evening"	"041"	0	4	1	5	"04"	"41"	4	5
"2316     Sat. Aug 15, 1998          4          1          2     "	2316	1998-08-15	"Sat"	"Midday"	"412"	4	1	2	7	"41"	"12"	5	3
"2315     Fri. Aug 14, 1998          6          5          8     "	2315	1998-08-14	"Fri"	"Evening"	"658"	6	5	8	19	"65"	"58"	11	13
"2314     Thu. Aug 13, 1998          7          5          0     "	2314	1998-08-13	"Thu"	"Midday"	"750"	7	5	0	12	"75"	"50"	12	5
"2313     Wed. Aug 12, 1998          2          9          6     "	2313	1998-08-12	"Wed"	"Evening"	"296"	2	9	6	17	"29"	"96"	11	15
"2312     Tue. Aug 11, 1998          3          1          0     "	2312	1998-08-11	"Tue"	"Midday"	"310"	3	1	0	4	"31"	"10"	4	1
"2311     Mon. Aug 10, 1998          2          9          9     "	2311	1998-08-10	"Mon"	"Evening"	"299"	2	9	9	20	"29"	"99"	11	18
"2310     Sun. Aug 09, 1998          3          1          6     "	2310	1998-08-09	"Sun"	"Midday"	"316"	3	1	6	10	"31"	"16"	4	7
"2309     Sat. Aug 08, 1998          5          7          9     "	2309	1998-08-08	"Sat"	"Evening"	"579"	5	7	9	21	"57"	"79"	12	16
"2308     Fri. Aug 07, 1998          8          2          1     "	2308	1998-08-07	"Fri"	"Midday"	"821"	8	2	1	11	"82"	"21"	10	3
"2307     Thu. Aug 06, 1998          7          3          4     "	2307	1998-08-06	"Thu"	"Evening"	"734"	7	3	4	14	"73"	"34"	10	7
"2306     Wed. Aug 05, 1998          8          3          8     "	2306	1998-08-05	"Wed"	"Midday"	"838"	8	3	8	19	"83"	"38"	11	11
"2305     Tue. Aug 04, 1998          0          6          9     "	2305	1998-08-04	"Tue"	"Evening"	"069"	0	6	9	15	"06"	"69"	6	15
"2304     Mon. Aug 03, 1998          4          9          7     "	2304	1998-08-03	"Mon"	"Midday"	"497"	4	9	7	20	"49"	"97"	13	16
"2303     Sun. Aug 02, 1998          6          7          6     "	2303	1998-08-02	"Sun"	"Evening"	"676"	6	7	6	19	"67"	"76"	13	13
"2302     Sat. Aug 01, 1998          9          3          2     "	2302	1998-08-01	"Sat"	"Midday"	"932"	9	3	2	14	"93"	"32"	12	5
"2301     Fri. Jul 31, 1998          6          3          1     "	2301	1998-07-31	"Fri"	"Evening"	"631"	6	3	1	10	"63"	"31"	9	4
"2300     Thu. Jul 30, 1998          4          4          4     "	2300	1998-07-30	"Thu"	"Midday"	"444"	4	4	4	12	"44"	"44"	8	8
"2299     Wed. Jul 29, 1998          8          7          9     "	2299	1998-07-29	"Wed"	"Evening"	"879"	8	7	9	24	"87"	"79"	15	16
"2298     Tue. Jul 28, 1998          2          1          1     "	2298	1998-07-28	"Tue"	"Midday"	"211"	2	1	1	4	"21"	"11"	3	2
"2297     Mon. Jul 27, 1998          7          2          9     "	2297	1998-07-27	"Mon"	"Evening"	"729"	7	2	9	18	"72"	"29"	9	11
"2296     Sun. Jul 26, 1998          0          1          5     "	2296	1998-07-26	"Sun"	"Midday"	"015"	0	1	5	6	"01"	"15"	1	6
"2295     Sat. Jul 25, 1998          6          7          3     "	2295	1998-07-25	"Sat"	"Evening"	"673"	6	7	3	16	"67"	"73"	13	10
"2294     Fri. Jul 24, 1998          8          6          3     "	2294	1998-07-24	"Fri"	"Midday"	"863"	8	6	3	17	"86"	"63"	14	9
"2293     Thu. Jul 23, 1998          9          2          3     "	2293	1998-07-23	"Thu"	"Evening"	"923"	9	2	3	14	"92"	"23"	11	5
"2292     Wed. Jul 22, 1998          5          8          4     "	2292	1998-07-22	"Wed"	"Midday"	"584"	5	8	4	17	"58"	"84"	13	12
"2291     Tue. Jul 21, 1998          8          9          1     "	2291	1998-07-21	"Tue"	"Evening"	"891"	8	9	1	18	"89"	"91"	17	10
"2290     Mon. Jul 20, 1998          0          5          3     "	2290	1998-07-20	"Mon"	"Midday"	"053"	0	5	3	8	"05"	"53"	5	8
"2289     Sun. Jul 19, 1998          3          3          8     "	2289	1998-07-19	"Sun"	"Evening"	"338"	3	3	8	14	"33"	"38"	6	11
"2288     Sat. Jul 18, 1998          6          4          8     "	2288	1998-07-18	"Sat"	"Midday"	"648"	6	4	8	18	"64"	"48"	10	12
"2287     Fri. Jul 17, 1998          3          0          8     "	2287	1998-07-17	"Fri"	"Evening"	"308"	3	0	8	11	"30"	"08"	3	8
"2286     Thu. Jul 16, 1998          2          3          6     "	2286	1998-07-16	"Thu"	"Midday"	"236"	2	3	6	11	"23"	"36"	5	9
"2285     Wed. Jul 15, 1998          4          5          6     "	2285	1998-07-15	"Wed"	"Evening"	"456"	4	5	6	15	"45"	"56"	9	11
"2284     Tue. Jul 14, 1998          7          4          6     "	2284	1998-07-14	"Tue"	"Midday"	"746"	7	4	6	17	"74"	"46"	11	10
"2283     Mon. Jul 13, 1998          3          6          1     "	2283	1998-07-13	"Mon"	"Evening"	"361"	3	6	1	10	"36"	"61"	9	7
"2282     Sun. Jul 12, 1998          8          4          3     "	2282	1998-07-12	"Sun"	"Midday"	"843"	8	4	3	15	"84"	"43"	12	7
"2281     Sat. Jul 11, 1998          2          3          0     "	2281	1998-07-11	"Sat"	"Evening"	"230"	2	3	0	5	"23"	"30"	5	3
"2280     Fri. Jul 10, 1998          1          7          4     "	2280	1998-07-10	"Fri"	"Midday"	"174"	1	7	4	12	"17"	"74"	8	11
"2279     Thu. Jul 09, 1998          8          1          2     "	2279	1998-07-09	"Thu"	"Evening"	"812"	8	1	2	11	"81"	"12"	9	3
"2278     Wed. Jul 08, 1998          1          9          7     "	2278	1998-07-08	"Wed"	"Midday"	"197"	1	9	7	17	"19"	"97"	10	16
"2277     Tue. Jul 07, 1998          9          8          7     "	2277	1998-07-07	"Tue"	"Evening"	"987"	9	8	7	24	"98"	"87"	17	15
"2276     Mon. Jul 06, 1998          9          0          3     "	2276	1998-07-06	"Mon"	"Midday"	"903"	9	0	3	12	"90"	"03"	9	3
"2275     Sun. Jul 05, 1998          8          1          7     "	2275	1998-07-05	"Sun"	"Evening"	"817"	8	1	7	16	"81"	"17"	9	8
"2274     Sat. Jul 04, 1998          8          2          6     "	2274	1998-07-04	"Sat"	"Midday"	"826"	8	2	6	16	"82"	"26"	10	8
"2273     Fri. Jul 03, 1998          4          4          0     "	2273	1998-07-03	"Fri"	"Evening"	"440"	4	4	0	8	"44"	"40"	8	4
"2272     Thu. Jul 02, 1998          4          3          0     "	2272	1998-07-02	"Thu"	"Midday"	"430"	4	3	0	7	"43"	"30"	7	3
"2271     Wed. Jul 01, 1998          2          3          6     "	2271	1998-07-01	"Wed"	"Evening"	"236"	2	3	6	11	"23"	"36"	5	9
"2270     Tue. Jun 30, 1998          8          8          1     "	2270	1998-06-30	"Tue"	"Midday"	"881"	8	8	1	17	"88"	"81"	16	9
"2269     Mon. Jun 29, 1998          5          7          8     "	2269	1998-06-29	"Mon"	"Evening"	"578"	5	7	8	20	"57"	"78"	12	15
"2268     Sun. Jun 28, 1998          4          4          5     "	2268	1998-06-28	"Sun"	"Midday"	"445"	4	4	5	13	"44"	"45"	8	9
"2267     Sat. Jun 27, 1998          6          7          4     "	2267	1998-06-27	"Sat"	"Evening"	"674"	6	7	4	17	"67"	"74"	13	11
"2266     Fri. Jun 26, 1998          6          0          3     "	2266	1998-06-26	"Fri"	"Midday"	"603"	6	0	3	9	"60"	"03"	6	3
"2265     Thu. Jun 25, 1998          0          3          9     "	2265	1998-06-25	"Thu"	"Evening"	"039"	0	3	9	12	"03"	"39"	3	12
"2264     Wed. Jun 24, 1998          7          1          0     "	2264	1998-06-24	"Wed"	"Midday"	"710"	7	1	0	8	"71"	"10"	8	1
"2263     Tue. Jun 23, 1998          7          0          6     "	2263	1998-06-23	"Tue"	"Evening"	"706"	7	0	6	13	"70"	"06"	7	6
"2262     Mon. Jun 22, 1998          9          8          3     "	2262	1998-06-22	"Mon"	"Midday"	"983"	9	8	3	20	"98"	"83"	17	11
"2261     Sun. Jun 21, 1998          1          3          5     "	2261	1998-06-21	"Sun"	"Evening"	"135"	1	3	5	9	"13"	"35"	4	8
"2260     Sat. Jun 20, 1998          3          7          5     "	2260	1998-06-20	"Sat"	"Midday"	"375"	3	7	5	15	"37"	"75"	10	12
"2259     Fri. Jun 19, 1998          3          4          6     "	2259	1998-06-19	"Fri"	"Evening"	"346"	3	4	6	13	"34"	"46"	7	10
"2258     Thu. Jun 18, 1998          7          4          3     "	2258	1998-06-18	"Thu"	"Midday"	"743"	7	4	3	14	"74"	"43"	11	7
"2257     Wed. Jun 17, 1998          5          3          0     "	2257	1998-06-17	"Wed"	"Evening"	"530"	5	3	0	8	"53"	"30"	8	3
"2256     Tue. Jun 16, 1998          6          9          3     "	2256	1998-06-16	"Tue"	"Midday"	"693"	6	9	3	18	"69"	"93"	15	12
"2255     Mon. Jun 15, 1998          0          2          8     "	2255	1998-06-15	"Mon"	"Evening"	"028"	0	2	8	10	"02"	"28"	2	10
"2254     Sun. Jun 14, 1998          0          7          8     "	2254	1998-06-14	"Sun"	"Midday"	"078"	0	7	8	15	"07"	"78"	7	15
"2253     Sat. Jun 13, 1998          2          2          9     "	2253	1998-06-13	"Sat"	"Evening"	"229"	2	2	9	13	"22"	"29"	4	11
"2252     Fri. Jun 12, 1998          1          4          2     "	2252	1998-06-12	"Fri"	"Midday"	"142"	1	4	2	7	"14"	"42"	5	6
"2251     Thu. Jun 11, 1998          9          2          7     "	2251	1998-06-11	"Thu"	"Evening"	"927"	9	2	7	18	"92"	"27"	11	9
"2250     Wed. Jun 10, 1998          1          7          0     "	2250	1998-06-10	"Wed"	"Midday"	"170"	1	7	0	8	"17"	"70"	8	7
"2249     Tue. Jun 09, 1998          8          1          2     "	2249	1998-06-09	"Tue"	"Evening"	"812"	8	1	2	11	"81"	"12"	9	3
"2248     Mon. Jun 08, 1998          5          3          4     "	2248	1998-06-08	"Mon"	"Midday"	"534"	5	3	4	12	"53"	"34"	8	7
"2247     Sun. Jun 07, 1998          7          8          0     "	2247	1998-06-07	"Sun"	"Evening"	"780"	7	8	0	15	"78"	"80"	15	8
"2246     Sat. Jun 06, 1998          3          2          5     "	2246	1998-06-06	"Sat"	"Midday"	"325"	3	2	5	10	"32"	"25"	5	7
"2245     Fri. Jun 05, 1998          5          3          9     "	2245	1998-06-05	"Fri"	"Evening"	"539"	5	3	9	17	"53"	"39"	8	12
"2244     Thu. Jun 04, 1998          6          5          2     "	2244	1998-06-04	"Thu"	"Midday"	"652"	6	5	2	13	"65"	"52"	11	7
"2243     Wed. Jun 03, 1998          4          1          1     "	2243	1998-06-03	"Wed"	"Evening"	"411"	4	1	1	6	"41"	"11"	5	2
"2242     Tue. Jun 02, 1998          0          2          1     "	2242	1998-06-02	"Tue"	"Midday"	"021"	0	2	1	3	"02"	"21"	2	3
"2241     Mon. Jun 01, 1998          9          1          1     "	2241	1998-06-01	"Mon"	"Evening"	"911"	9	1	1	11	"91"	"11"	10	2
"2240     Sun. May 31, 1998          2          7          1     "	2240	1998-05-31	"Sun"	"Midday"	"271"	2	7	1	10	"27"	"71"	9	8
"2239     Sat. May 30, 1998          1          3          6     "	2239	1998-05-30	"Sat"	"Evening"	"136"	1	3	6	10	"13"	"36"	4	9
"2238     Fri. May 29, 1998          0          8          8     "	2238	1998-05-29	"Fri"	"Midday"	"088"	0	8	8	16	"08"	"88"	8	16
"2237     Thu. May 28, 1998          6          5          0     "	2237	1998-05-28	"Thu"	"Evening"	"650"	6	5	0	11	"65"	"50"	11	5
"2236     Wed. May 27, 1998          1          9          2     "	2236	1998-05-27	"Wed"	"Midday"	"192"	1	9	2	12	"19"	"92"	10	11
"2235     Tue. May 26, 1998          9          8          4     "	2235	1998-05-26	"Tue"	"Evening"	"984"	9	8	4	21	"98"	"84"	17	12
"2234     Mon. May 25, 1998          7          5          6     "	2234	1998-05-25	"Mon"	"Midday"	"756"	7	5	6	18	"75"	"56"	12	11
"2233     Sun. May 24, 1998          1          0          4     "	2233	1998-05-24	"Sun"	"Evening"	"104"	1	0	4	5	"10"	"04"	1	4
"2232     Sat. May 23, 1998          4          0          6     "	2232	1998-05-23	"Sat"	"Midday"	"406"	4	0	6	10	"40"	"06"	4	6
"2231     Fri. May 22, 1998          5          3          3     "	2231	1998-05-22	"Fri"	"Evening"	"533"	5	3	3	11	"53"	"33"	8	6
"2230     Thu. May 21, 1998          4          6          2     "	2230	1998-05-21	"Thu"	"Midday"	"462"	4	6	2	12	"46"	"62"	10	8
"2229     Wed. May 20, 1998          1          5          9     "	2229	1998-05-20	"Wed"	"Evening"	"159"	1	5	9	15	"15"	"59"	6	14
"2228     Tue. May 19, 1998          6          7          3     "	2228	1998-05-19	"Tue"	"Midday"	"673"	6	7	3	16	"67"	"73"	13	10
"2227     Mon. May 18, 1998          1          9          7     "	2227	1998-05-18	"Mon"	"Evening"	"197"	1	9	7	17	"19"	"97"	10	16
"2226     Sun. May 17, 1998          9          8          8     "	2226	1998-05-17	"Sun"	"Midday"	"988"	9	8	8	25	"98"	"88"	17	16
"2225     Sat. May 16, 1998          8          8          0     "	2225	1998-05-16	"Sat"	"Evening"	"880"	8	8	0	16	"88"	"80"	16	8
"2224     Fri. May 15, 1998          1          5          4     "	2224	1998-05-15	"Fri"	"Midday"	"154"	1	5	4	10	"15"	"54"	6	9
"2223     Thu. May 14, 1998          5          8          0     "	2223	1998-05-14	"Thu"	"Evening"	"580"	5	8	0	13	"58"	"80"	13	8
"2222     Wed. May 13, 1998          1          9          0     "	2222	1998-05-13	"Wed"	"Midday"	"190"	1	9	0	10	"19"	"90"	10	9
"2221     Tue. May 12, 1998          0          9          2     "	2221	1998-05-12	"Tue"	"Evening"	"092"	0	9	2	11	"09"	"92"	9	11
"2220     Mon. May 11, 1998          8          6          8     "	2220	1998-05-11	"Mon"	"Midday"	"868"	8	6	8	22	"86"	"68"	14	14
"2219     Sun. May 10, 1998          4          1          2     "	2219	1998-05-10	"Sun"	"Evening"	"412"	4	1	2	7	"41"	"12"	5	3
"2218     Sat. May 09, 1998          7          7          0     "	2218	1998-05-09	"Sat"	"Midday"	"770"	7	7	0	14	"77"	"70"	14	7
"2217     Fri. May 08, 1998          9          5          0     "	2217	1998-05-08	"Fri"	"Evening"	"950"	9	5	0	14	"95"	"50"	14	5
"2216     Thu. May 07, 1998          4          8          8     "	2216	1998-05-07	"Thu"	"Midday"	"488"	4	8	8	20	"48"	"88"	12	16
"2215     Wed. May 06, 1998          0          3          0     "	2215	1998-05-06	"Wed"	"Evening"	"030"	0	3	0	3	"03"	"30"	3	3
"2214     Tue. May 05, 1998          8          1          1     "	2214	1998-05-05	"Tue"	"Midday"	"811"	8	1	1	10	"81"	"11"	9	2
"2213     Mon. May 04, 1998          2          0          4     "	2213	1998-05-04	"Mon"	"Evening"	"204"	2	0	4	6	"20"	"04"	2	4
"2212     Sun. May 03, 1998          2          1          4     "	2212	1998-05-03	"Sun"	"Midday"	"214"	2	1	4	7	"21"	"14"	3	5
"2211     Sat. May 02, 1998          1          7          4     "	2211	1998-05-02	"Sat"	"Evening"	"174"	1	7	4	12	"17"	"74"	8	11
"2210     Fri. May 01, 1998          9          3          3     "	2210	1998-05-01	"Fri"	"Midday"	"933"	9	3	3	15	"93"	"33"	12	6
"2209     Thu. Apr 30, 1998          7          7          6     "	2209	1998-04-30	"Thu"	"Evening"	"776"	7	7	6	20	"77"	"76"	14	13
"2208     Wed. Apr 29, 1998          0          4          9     "	2208	1998-04-29	"Wed"	"Midday"	"049"	0	4	9	13	"04"	"49"	4	13
"2207     Tue. Apr 28, 1998          8          0          6     "	2207	1998-04-28	"Tue"	"Evening"	"806"	8	0	6	14	"80"	"06"	8	6
"2206     Mon. Apr 27, 1998          3          6          6     "	2206	1998-04-27	"Mon"	"Midday"	"366"	3	6	6	15	"36"	"66"	9	12
"2205     Sun. Apr 26, 1998          9          8          1     "	2205	1998-04-26	"Sun"	"Evening"	"981"	9	8	1	18	"98"	"81"	17	9
"2204     Sat. Apr 25, 1998          8          0          9     "	2204	1998-04-25	"Sat"	"Midday"	"809"	8	0	9	17	"80"	"09"	8	9
"2203     Fri. Apr 24, 1998          9          6          9     "	2203	1998-04-24	"Fri"	"Evening"	"969"	9	6	9	24	"96"	"69"	15	15
"2202     Thu. Apr 23, 1998          4          9          9     "	2202	1998-04-23	"Thu"	"Midday"	"499"	4	9	9	22	"49"	"99"	13	18
"2201     Wed. Apr 22, 1998          4          9          2     "	2201	1998-04-22	"Wed"	"Evening"	"492"	4	9	2	15	"49"	"92"	13	11
"2200     Tue. Apr 21, 1998          1          8          6     "	2200	1998-04-21	"Tue"	"Midday"	"186"	1	8	6	15	"18"	"86"	9	14
"2199     Mon. Apr 20, 1998          8          5          6     "	2199	1998-04-20	"Mon"	"Evening"	"856"	8	5	6	19	"85"	"56"	13	11
"2198     Sun. Apr 19, 1998          3          5          0     "	2198	1998-04-19	"Sun"	"Midday"	"350"	3	5	0	8	"35"	"50"	8	5
"2197     Sat. Apr 18, 1998          2          3          7     "	2197	1998-04-18	"Sat"	"Evening"	"237"	2	3	7	12	"23"	"37"	5	10
"2196     Fri. Apr 17, 1998          0          5          9     "	2196	1998-04-17	"Fri"	"Midday"	"059"	0	5	9	14	"05"	"59"	5	14
"2195     Thu. Apr 16, 1998          9          4          2     "	2195	1998-04-16	"Thu"	"Evening"	"942"	9	4	2	15	"94"	"42"	13	6
"2194     Wed. Apr 15, 1998          8          5          6     "	2194	1998-04-15	"Wed"	"Midday"	"856"	8	5	6	19	"85"	"56"	13	11
"2193     Tue. Apr 14, 1998          6          8          0     "	2193	1998-04-14	"Tue"	"Evening"	"680"	6	8	0	14	"68"	"80"	14	8
"2192     Mon. Apr 13, 1998          5          8          0     "	2192	1998-04-13	"Mon"	"Midday"	"580"	5	8	0	13	"58"	"80"	13	8
"2191     Sun. Apr 12, 1998          5          0          8     "	2191	1998-04-12	"Sun"	"Evening"	"508"	5	0	8	13	"50"	"08"	5	8
"2190     Sat. Apr 11, 1998          0          1          5     "	2190	1998-04-11	"Sat"	"Midday"	"015"	0	1	5	6	"01"	"15"	1	6
"2189     Fri. Apr 10, 1998          1          3          9     "	2189	1998-04-10	"Fri"	"Evening"	"139"	1	3	9	13	"13"	"39"	4	12
"2188     Thu. Apr 09, 1998          1          1          1     "	2188	1998-04-09	"Thu"	"Midday"	"111"	1	1	1	3	"11"	"11"	2	2
"2187     Wed. Apr 08, 1998          4          2          2     "	2187	1998-04-08	"Wed"	"Evening"	"422"	4	2	2	8	"42"	"22"	6	4
"2186     Tue. Apr 07, 1998          8          0          5     "	2186	1998-04-07	"Tue"	"Midday"	"805"	8	0	5	13	"80"	"05"	8	5
"2185     Mon. Apr 06, 1998          8          2          4     "	2185	1998-04-06	"Mon"	"Evening"	"824"	8	2	4	14	"82"	"24"	10	6
"2184     Sun. Apr 05, 1998          2          6          6     "	2184	1998-04-05	"Sun"	"Midday"	"266"	2	6	6	14	"26"	"66"	8	12
"2183     Sat. Apr 04, 1998          4          5          7     "	2183	1998-04-04	"Sat"	"Evening"	"457"	4	5	7	16	"45"	"57"	9	12
"2182     Fri. Apr 03, 1998          7          6          0     "	2182	1998-04-03	"Fri"	"Midday"	"760"	7	6	0	13	"76"	"60"	13	6
"2181     Thu. Apr 02, 1998          4          9          9     "	2181	1998-04-02	"Thu"	"Evening"	"499"	4	9	9	22	"49"	"99"	13	18
"2180     Wed. Apr 01, 1998          7          4          0     "	2180	1998-04-01	"Wed"	"Midday"	"740"	7	4	0	11	"74"	"40"	11	4
"2179     Tue. Mar 31, 1998          2          1          8     "	2179	1998-03-31	"Tue"	"Evening"	"218"	2	1	8	11	"21"	"18"	3	9
"2178     Mon. Mar 30, 1998          9          5          6     "	2178	1998-03-30	"Mon"	"Midday"	"956"	9	5	6	20	"95"	"56"	14	11
"2177     Sun. Mar 29, 1998          0          1          5     "	2177	1998-03-29	"Sun"	"Evening"	"015"	0	1	5	6	"01"	"15"	1	6
"2176     Sat. Mar 28, 1998          9          6          3     "	2176	1998-03-28	"Sat"	"Midday"	"963"	9	6	3	18	"96"	"63"	15	9
"2175     Fri. Mar 27, 1998          4          0          4     "	2175	1998-03-27	"Fri"	"Evening"	"404"	4	0	4	8	"40"	"04"	4	4
"2174     Thu. Mar 26, 1998          9          0          3     "	2174	1998-03-26	"Thu"	"Midday"	"903"	9	0	3	12	"90"	"03"	9	3
"2173     Wed. Mar 25, 1998          6          5          4     "	2173	1998-03-25	"Wed"	"Evening"	"654"	6	5	4	15	"65"	"54"	11	9
"2172     Tue. Mar 24, 1998          9          6          5     "	2172	1998-03-24	"Tue"	"Midday"	"965"	9	6	5	20	"96"	"65"	15	11
"2171     Mon. Mar 23, 1998          7          3          6     "	2171	1998-03-23	"Mon"	"Evening"	"736"	7	3	6	16	"73"	"36"	10	9
"2170     Sun. Mar 22, 1998          6          9          6     "	2170	1998-03-22	"Sun"	"Midday"	"696"	6	9	6	21	"69"	"96"	15	15
"2169     Sat. Mar 21, 1998          9          5          3     "	2169	1998-03-21	"Sat"	"Evening"	"953"	9	5	3	17	"95"	"53"	14	8
"2168     Fri. Mar 20, 1998          6          2          0     "	2168	1998-03-20	"Fri"	"Midday"	"620"	6	2	0	8	"62"	"20"	8	2
"2167     Thu. Mar 19, 1998          9          8          1     "	2167	1998-03-19	"Thu"	"Evening"	"981"	9	8	1	18	"98"	"81"	17	9
"2166     Wed. Mar 18, 1998          5          5          2     "	2166	1998-03-18	"Wed"	"Midday"	"552"	5	5	2	12	"55"	"52"	10	7
"2165     Tue. Mar 17, 1998          4          3          7     "	2165	1998-03-17	"Tue"	"Evening"	"437"	4	3	7	14	"43"	"37"	7	10
"2164     Mon. Mar 16, 1998          8          4          6     "	2164	1998-03-16	"Mon"	"Midday"	"846"	8	4	6	18	"84"	"46"	12	10
"2163     Sun. Mar 15, 1998          5          5          6     "	2163	1998-03-15	"Sun"	"Evening"	"556"	5	5	6	16	"55"	"56"	10	11
"2162     Sat. Mar 14, 1998          5          4          2     "	2162	1998-03-14	"Sat"	"Midday"	"542"	5	4	2	11	"54"	"42"	9	6
"2161     Fri. Mar 13, 1998          8          4          1     "	2161	1998-03-13	"Fri"	"Evening"	"841"	8	4	1	13	"84"	"41"	12	5
"2160     Thu. Mar 12, 1998          0          1          1     "	2160	1998-03-12	"Thu"	"Midday"	"011"	0	1	1	2	"01"	"11"	1	2
"2159     Wed. Mar 11, 1998          6          8          1     "	2159	1998-03-11	"Wed"	"Evening"	"681"	6	8	1	15	"68"	"81"	14	9
"2158     Tue. Mar 10, 1998          9          3          5     "	2158	1998-03-10	"Tue"	"Midday"	"935"	9	3	5	17	"93"	"35"	12	8
"2157     Mon. Mar 09, 1998          8          2          4     "	2157	1998-03-09	"Mon"	"Evening"	"824"	8	2	4	14	"82"	"24"	10	6
"2156     Sun. Mar 08, 1998          3          7          1     "	2156	1998-03-08	"Sun"	"Midday"	"371"	3	7	1	11	"37"	"71"	10	8
"2155     Sat. Mar 07, 1998          1          6          3     "	2155	1998-03-07	"Sat"	"Evening"	"163"	1	6	3	10	"16"	"63"	7	9
"2154     Fri. Mar 06, 1998          8          8          5     "	2154	1998-03-06	"Fri"	"Midday"	"885"	8	8	5	21	"88"	"85"	16	13
"2153     Thu. Mar 05, 1998          3          7          2     "	2153	1998-03-05	"Thu"	"Evening"	"372"	3	7	2	12	"37"	"72"	10	9
"2152     Wed. Mar 04, 1998          6          8          6     "	2152	1998-03-04	"Wed"	"Midday"	"686"	6	8	6	20	"68"	"86"	14	14
"2151     Tue. Mar 03, 1998          8          4          2     "	2151	1998-03-03	"Tue"	"Evening"	"842"	8	4	2	14	"84"	"42"	12	6
"2150     Mon. Mar 02, 1998          3          3          1     "	2150	1998-03-02	"Mon"	"Midday"	"331"	3	3	1	7	"33"	"31"	6	4
"2149     Sun. Mar 01, 1998          5          5          7     "	2149	1998-03-01	"Sun"	"Evening"	"557"	5	5	7	17	"55"	"57"	10	12
"2148     Sat. Feb 28, 1998          0          5          0     "	2148	1998-02-28	"Sat"	"Midday"	"050"	0	5	0	5	"05"	"50"	5	5
"2147     Fri. Feb 27, 1998          5          8          8     "	2147	1998-02-27	"Fri"	"Evening"	"588"	5	8	8	21	"58"	"88"	13	16
"2146     Thu. Feb 26, 1998          6          5          0     "	2146	1998-02-26	"Thu"	"Midday"	"650"	6	5	0	11	"65"	"50"	11	5
"2145     Wed. Feb 25, 1998          0          1          7     "	2145	1998-02-25	"Wed"	"Evening"	"017"	0	1	7	8	"01"	"17"	1	8
"2144     Tue. Feb 24, 1998          8          7          3     "	2144	1998-02-24	"Tue"	"Midday"	"873"	8	7	3	18	"87"	"73"	15	10
"2143     Mon. Feb 23, 1998          7          9          3     "	2143	1998-02-23	"Mon"	"Evening"	"793"	7	9	3	19	"79"	"93"	16	12
"2142     Sun. Feb 22, 1998          8          8          8     "	2142	1998-02-22	"Sun"	"Midday"	"888"	8	8	8	24	"88"	"88"	16	16
"2141     Sat. Feb 21, 1998          6          0          8     "	2141	1998-02-21	"Sat"	"Evening"	"608"	6	0	8	14	"60"	"08"	6	8
"2140     Fri. Feb 20, 1998          7          6          4     "	2140	1998-02-20	"Fri"	"Midday"	"764"	7	6	4	17	"76"	"64"	13	10
"2139     Thu. Feb 19, 1998          9          1          0     "	2139	1998-02-19	"Thu"	"Evening"	"910"	9	1	0	10	"91"	"10"	10	1
"2138     Wed. Feb 18, 1998          9          8          5     "	2138	1998-02-18	"Wed"	"Midday"	"985"	9	8	5	22	"98"	"85"	17	13
"2137     Tue. Feb 17, 1998          5          2          0     "	2137	1998-02-17	"Tue"	"Evening"	"520"	5	2	0	7	"52"	"20"	7	2
"2136     Mon. Feb 16, 1998          7          6          6     "	2136	1998-02-16	"Mon"	"Midday"	"766"	7	6	6	19	"76"	"66"	13	12
"2135     Sun. Feb 15, 1998          9          3          7     "	2135	1998-02-15	"Sun"	"Evening"	"937"	9	3	7	19	"93"	"37"	12	10
"2134     Sat. Feb 14, 1998          8          1          7     "	2134	1998-02-14	"Sat"	"Midday"	"817"	8	1	7	16	"81"	"17"	9	8
"2133     Fri. Feb 13, 1998          5          6          1     "	2133	1998-02-13	"Fri"	"Evening"	"561"	5	6	1	12	"56"	"61"	11	7
"2132     Thu. Feb 12, 1998          5          6          8     "	2132	1998-02-12	"Thu"	"Midday"	"568"	5	6	8	19	"56"	"68"	11	14
"2131     Wed. Feb 11, 1998          8          3          0     "	2131	1998-02-11	"Wed"	"Evening"	"830"	8	3	0	11	"83"	"30"	11	3
"2130     Tue. Feb 10, 1998          0          6          3     "	2130	1998-02-10	"Tue"	"Midday"	"063"	0	6	3	9	"06"	"63"	6	9
"2129     Mon. Feb 09, 1998          4          7          8     "	2129	1998-02-09	"Mon"	"Evening"	"478"	4	7	8	19	"47"	"78"	11	15
"2128     Sun. Feb 08, 1998          2          2          8     "	2128	1998-02-08	"Sun"	"Midday"	"228"	2	2	8	12	"22"	"28"	4	10
"2127     Sat. Feb 07, 1998          0          4          6     "	2127	1998-02-07	"Sat"	"Evening"	"046"	0	4	6	10	"04"	"46"	4	10
"2126     Fri. Feb 06, 1998          4          6          4     "	2126	1998-02-06	"Fri"	"Midday"	"464"	4	6	4	14	"46"	"64"	10	10
"2125     Thu. Feb 05, 1998          7          1          6     "	2125	1998-02-05	"Thu"	"Evening"	"716"	7	1	6	14	"71"	"16"	8	7
"2124     Wed. Feb 04, 1998          9          7          6     "	2124	1998-02-04	"Wed"	"Midday"	"976"	9	7	6	22	"97"	"76"	16	13
"2123     Tue. Feb 03, 1998          6          8          6     "	2123	1998-02-03	"Tue"	"Evening"	"686"	6	8	6	20	"68"	"86"	14	14
"2122     Mon. Feb 02, 1998          5          7          5     "	2122	1998-02-02	"Mon"	"Midday"	"575"	5	7	5	17	"57"	"75"	12	12
"2121     Sun. Feb 01, 1998          0          9          4     "	2121	1998-02-01	"Sun"	"Evening"	"094"	0	9	4	13	"09"	"94"	9	13
"2120     Sat. Jan 31, 1998          9          3          0     "	2120	1998-01-31	"Sat"	"Midday"	"930"	9	3	0	12	"93"	"30"	12	3
"2119     Fri. Jan 30, 1998          0          4          6     "	2119	1998-01-30	"Fri"	"Evening"	"046"	0	4	6	10	"04"	"46"	4	10
"2118     Thu. Jan 29, 1998          2          6          2     "	2118	1998-01-29	"Thu"	"Midday"	"262"	2	6	2	10	"26"	"62"	8	8
"2117     Wed. Jan 28, 1998          5          6          6     "	2117	1998-01-28	"Wed"	"Evening"	"566"	5	6	6	17	"56"	"66"	11	12
"2116     Tue. Jan 27, 1998          2          8          5     "	2116	1998-01-27	"Tue"	"Midday"	"285"	2	8	5	15	"28"	"85"	10	13
"2115     Mon. Jan 26, 1998          8          9          0     "	2115	1998-01-26	"Mon"	"Evening"	"890"	8	9	0	17	"89"	"90"	17	9
"2114     Sun. Jan 25, 1998          5          5          5     "	2114	1998-01-25	"Sun"	"Midday"	"555"	5	5	5	15	"55"	"55"	10	10
"2113     Sat. Jan 24, 1998          0          0          9     "	2113	1998-01-24	"Sat"	"Evening"	"009"	0	0	9	9	"00"	"09"	0	9
"2112     Fri. Jan 23, 1998          9          7          5     "	2112	1998-01-23	"Fri"	"Midday"	"975"	9	7	5	21	"97"	"75"	16	12
"2111     Thu. Jan 22, 1998          7          8          6     "	2111	1998-01-22	"Thu"	"Evening"	"786"	7	8	6	21	"78"	"86"	15	14
"2110     Wed. Jan 21, 1998          7          3          4     "	2110	1998-01-21	"Wed"	"Midday"	"734"	7	3	4	14	"73"	"34"	10	7
"2109     Tue. Jan 20, 1998          5          9          0     "	2109	1998-01-20	"Tue"	"Evening"	"590"	5	9	0	14	"59"	"90"	14	9
"2108     Mon. Jan 19, 1998          6          2          2     "	2108	1998-01-19	"Mon"	"Midday"	"622"	6	2	2	10	"62"	"22"	8	4
"2107     Sun. Jan 18, 1998          2          5          6     "	2107	1998-01-18	"Sun"	"Evening"	"256"	2	5	6	13	"25"	"56"	7	11
"2106     Sat. Jan 17, 1998          3          2          5     "	2106	1998-01-17	"Sat"	"Midday"	"325"	3	2	5	10	"32"	"25"	5	7
"2105     Fri. Jan 16, 1998          7          1          5     "	2105	1998-01-16	"Fri"	"Evening"	"715"	7	1	5	13	"71"	"15"	8	6
"2104     Thu. Jan 15, 1998          3          7          8     "	2104	1998-01-15	"Thu"	"Midday"	"378"	3	7	8	18	"37"	"78"	10	15
"2103     Wed. Jan 14, 1998          0          3          6     "	2103	1998-01-14	"Wed"	"Evening"	"036"	0	3	6	9	"03"	"36"	3	9
"2102     Tue. Jan 13, 1998          4          8          2     "	2102	1998-01-13	"Tue"	"Midday"	"482"	4	8	2	14	"48"	"82"	12	10
"2101     Mon. Jan 12, 1998          8          3          7     "	2101	1998-01-12	"Mon"	"Evening"	"837"	8	3	7	18	"83"	"37"	11	10
"2100     Sun. Jan 11, 1998          3          3          0     "	2100	1998-01-11	"Sun"	"Midday"	"330"	3	3	0	6	"33"	"30"	6	3
"2099     Sat. Jan 10, 1998          7          0          1     "	2099	1998-01-10	"Sat"	"Evening"	"701"	7	0	1	8	"70"	"01"	7	1
"2098     Fri. Jan 09, 1998          3          9          2     "	2098	1998-01-09	"Fri"	"Midday"	"392"	3	9	2	14	"39"	"92"	12	11
"2097     Thu. Jan 08, 1998          9          3          8     "	2097	1998-01-08	"Thu"	"Evening"	"938"	9	3	8	20	"93"	"38"	12	11
"2096     Wed. Jan 07, 1998          0          1          9     "	2096	1998-01-07	"Wed"	"Midday"	"019"	0	1	9	10	"01"	"19"	1	10
"2095     Tue. Jan 06, 1998          0          5          4     "	2095	1998-01-06	"Tue"	"Evening"	"054"	0	5	4	9	"05"	"54"	5	9
"2094     Mon. Jan 05, 1998          1          9          5     "	2094	1998-01-05	"Mon"	"Midday"	"195"	1	9	5	15	"19"	"95"	10	14
"2093     Sun. Jan 04, 1998          3          2          1     "	2093	1998-01-04	"Sun"	"Evening"	"321"	3	2	1	6	"32"	"21"	5	3
"2092     Sat. Jan 03, 1998          8          9          9     "	2092	1998-01-03	"Sat"	"Midday"	"899"	8	9	9	26	"89"	"99"	17	18
"2091     Fri. Jan 02, 1998          8          1          2     "	2091	1998-01-02	"Fri"	"Evening"	"812"	8	1	2	11	"81"	"12"	9	3
"2090     Thu. Jan 01, 1998          9          6          2     "	2090	1998-01-01	"Thu"	"Midday"	"962"	9	6	2	17	"96"	"62"	15	8
"2089     Wed. Dec 31, 1997          5          1          4     "	2089	1997-12-31	"Wed"	"Evening"	"514"	5	1	4	10	"51"	"14"	6	5
"2088     Tue. Dec 30, 1997          3          8          7     "	2088	1997-12-30	"Tue"	"Midday"	"387"	3	8	7	18	"38"	"87"	11	15
"2087     Mon. Dec 29, 1997          4          9          4     "	2087	1997-12-29	"Mon"	"Evening"	"494"	4	9	4	17	"49"	"94"	13	13
"2086     Sun. Dec 28, 1997          3          1          2     "	2086	1997-12-28	"Sun"	"Midday"	"312"	3	1	2	6	"31"	"12"	4	3
"2085     Sat. Dec 27, 1997          1          1          1     "	2085	1997-12-27	"Sat"	"Evening"	"111"	1	1	1	3	"11"	"11"	2	2
"2084     Fri. Dec 26, 1997          3          9          8     "	2084	1997-12-26	"Fri"	"Midday"	"398"	3	9	8	20	"39"	"98"	12	17
"2083     Thu. Dec 25, 1997          7          8          6     "	2083	1997-12-25	"Thu"	"Evening"	"786"	7	8	6	21	"78"	"86"	15	14
"2082     Wed. Dec 24, 1997          0          8          3     "	2082	1997-12-24	"Wed"	"Midday"	"083"	0	8	3	11	"08"	"83"	8	11
"2081     Tue. Dec 23, 1997          9          1          5     "	2081	1997-12-23	"Tue"	"Evening"	"915"	9	1	5	15	"91"	"15"	10	6
"2080     Mon. Dec 22, 1997          5          0          8     "	2080	1997-12-22	"Mon"	"Midday"	"508"	5	0	8	13	"50"	"08"	5	8
"2079     Sun. Dec 21, 1997          1          0          1     "	2079	1997-12-21	"Sun"	"Evening"	"101"	1	0	1	2	"10"	"01"	1	1
"2078     Sat. Dec 20, 1997          7          4          8     "	2078	1997-12-20	"Sat"	"Midday"	"748"	7	4	8	19	"74"	"48"	11	12
"2077     Fri. Dec 19, 1997          9          5          4     "	2077	1997-12-19	"Fri"	"Evening"	"954"	9	5	4	18	"95"	"54"	14	9
"2076     Thu. Dec 18, 1997          1          2          0     "	2076	1997-12-18	"Thu"	"Midday"	"120"	1	2	0	3	"12"	"20"	3	2
"2075     Wed. Dec 17, 1997          5          1          5     "	2075	1997-12-17	"Wed"	"Evening"	"515"	5	1	5	11	"51"	"15"	6	6
"2074     Tue. Dec 16, 1997          4          2          6     "	2074	1997-12-16	"Tue"	"Midday"	"426"	4	2	6	12	"42"	"26"	6	8
"2073     Mon. Dec 15, 1997          6          0          1     "	2073	1997-12-15	"Mon"	"Evening"	"601"	6	0	1	7	"60"	"01"	6	1
"2072     Sun. Dec 14, 1997          4          0          5     "	2072	1997-12-14	"Sun"	"Midday"	"405"	4	0	5	9	"40"	"05"	4	5
"2071     Sat. Dec 13, 1997          2          3          9     "	2071	1997-12-13	"Sat"	"Evening"	"239"	2	3	9	14	"23"	"39"	5	12
"2070     Fri. Dec 12, 1997          5          6          3     "	2070	1997-12-12	"Fri"	"Midday"	"563"	5	6	3	14	"56"	"63"	11	9
"2069     Thu. Dec 11, 1997          4          5          1     "	2069	1997-12-11	"Thu"	"Evening"	"451"	4	5	1	10	"45"	"51"	9	6
"2068     Wed. Dec 10, 1997          8          2          6     "	2068	1997-12-10	"Wed"	"Midday"	"826"	8	2	6	16	"82"	"26"	10	8
"2067     Tue. Dec 09, 1997          2          7          3     "	2067	1997-12-09	"Tue"	"Evening"	"273"	2	7	3	12	"27"	"73"	9	10
"2066     Mon. Dec 08, 1997          5          4          7     "	2066	1997-12-08	"Mon"	"Midday"	"547"	5	4	7	16	"54"	"47"	9	11
"2065     Sun. Dec 07, 1997          4          8          4     "	2065	1997-12-07	"Sun"	"Evening"	"484"	4	8	4	16	"48"	"84"	12	12
"2064     Sat. Dec 06, 1997          0          5          2     "	2064	1997-12-06	"Sat"	"Midday"	"052"	0	5	2	7	"05"	"52"	5	7
"2063     Fri. Dec 05, 1997          0          3          0     "	2063	1997-12-05	"Fri"	"Evening"	"030"	0	3	0	3	"03"	"30"	3	3
"2062     Thu. Dec 04, 1997          1          8          5     "	2062	1997-12-04	"Thu"	"Midday"	"185"	1	8	5	14	"18"	"85"	9	13
"2061     Wed. Dec 03, 1997          8          4          9     "	2061	1997-12-03	"Wed"	"Evening"	"849"	8	4	9	21	"84"	"49"	12	13
"2060     Tue. Dec 02, 1997          4          0          4     "	2060	1997-12-02	"Tue"	"Midday"	"404"	4	0	4	8	"40"	"04"	4	4
"2059     Mon. Dec 01, 1997          7          4          5     "	2059	1997-12-01	"Mon"	"Evening"	"745"	7	4	5	16	"74"	"45"	11	9
"2058     Sun. Nov 30, 1997          3          0          2     "	2058	1997-11-30	"Sun"	"Midday"	"302"	3	0	2	5	"30"	"02"	3	2
"2057     Sat. Nov 29, 1997          8          9          4     "	2057	1997-11-29	"Sat"	"Evening"	"894"	8	9	4	21	"89"	"94"	17	13
"2056     Fri. Nov 28, 1997          4          9          3     "	2056	1997-11-28	"Fri"	"Midday"	"493"	4	9	3	16	"49"	"93"	13	12
"2055     Thu. Nov 27, 1997          0          5          9     "	2055	1997-11-27	"Thu"	"Evening"	"059"	0	5	9	14	"05"	"59"	5	14
"2054     Wed. Nov 26, 1997          8          8          4     "	2054	1997-11-26	"Wed"	"Midday"	"884"	8	8	4	20	"88"	"84"	16	12
"2053     Tue. Nov 25, 1997          7          6          0     "	2053	1997-11-25	"Tue"	"Evening"	"760"	7	6	0	13	"76"	"60"	13	6
"2052     Mon. Nov 24, 1997          1          3          5     "	2052	1997-11-24	"Mon"	"Midday"	"135"	1	3	5	9	"13"	"35"	4	8
"2051     Sun. Nov 23, 1997          2          6          2     "	2051	1997-11-23	"Sun"	"Evening"	"262"	2	6	2	10	"26"	"62"	8	8
"2050     Sat. Nov 22, 1997          8          2          7     "	2050	1997-11-22	"Sat"	"Midday"	"827"	8	2	7	17	"82"	"27"	10	9
"2049     Fri. Nov 21, 1997          3          8          5     "	2049	1997-11-21	"Fri"	"Evening"	"385"	3	8	5	16	"38"	"85"	11	13
"2048     Thu. Nov 20, 1997          7          4          7     "	2048	1997-11-20	"Thu"	"Midday"	"747"	7	4	7	18	"74"	"47"	11	11
"2047     Wed. Nov 19, 1997          8          6          5     "	2047	1997-11-19	"Wed"	"Evening"	"865"	8	6	5	19	"86"	"65"	14	11
"2046     Tue. Nov 18, 1997          0          0          3     "	2046	1997-11-18	"Tue"	"Midday"	"003"	0	0	3	3	"00"	"03"	0	3
"2045     Mon. Nov 17, 1997          2          5          4     "	2045	1997-11-17	"Mon"	"Evening"	"254"	2	5	4	11	"25"	"54"	7	9
"2044     Sun. Nov 16, 1997          0          2          4     "	2044	1997-11-16	"Sun"	"Midday"	"024"	0	2	4	6	"02"	"24"	2	6
"2043     Sat. Nov 15, 1997          4          4          7     "	2043	1997-11-15	"Sat"	"Evening"	"447"	4	4	7	15	"44"	"47"	8	11
"2042     Fri. Nov 14, 1997          1          3          8     "	2042	1997-11-14	"Fri"	"Midday"	"138"	1	3	8	12	"13"	"38"	4	11
"2041     Thu. Nov 13, 1997          4          6          9     "	2041	1997-11-13	"Thu"	"Evening"	"469"	4	6	9	19	"46"	"69"	10	15
"2040     Wed. Nov 12, 1997          2          7          9     "	2040	1997-11-12	"Wed"	"Midday"	"279"	2	7	9	18	"27"	"79"	9	16
"2039     Tue. Nov 11, 1997          7          1          0     "	2039	1997-11-11	"Tue"	"Evening"	"710"	7	1	0	8	"71"	"10"	8	1
"2038     Mon. Nov 10, 1997          1          7          5     "	2038	1997-11-10	"Mon"	"Midday"	"175"	1	7	5	13	"17"	"75"	8	12
"2037     Sun. Nov 09, 1997          2          5          8     "	2037	1997-11-09	"Sun"	"Evening"	"258"	2	5	8	15	"25"	"58"	7	13
"2036     Sat. Nov 08, 1997          5          3          1     "	2036	1997-11-08	"Sat"	"Midday"	"531"	5	3	1	9	"53"	"31"	8	4
"2035     Fri. Nov 07, 1997          5          1          3     "	2035	1997-11-07	"Fri"	"Evening"	"513"	5	1	3	9	"51"	"13"	6	4
"2034     Thu. Nov 06, 1997          6          7          8     "	2034	1997-11-06	"Thu"	"Midday"	"678"	6	7	8	21	"67"	"78"	13	15
"2033     Wed. Nov 05, 1997          5          7          4     "	2033	1997-11-05	"Wed"	"Evening"	"574"	5	7	4	16	"57"	"74"	12	11
"2032     Tue. Nov 04, 1997          5          4          7     "	2032	1997-11-04	"Tue"	"Midday"	"547"	5	4	7	16	"54"	"47"	9	11
"2031     Mon. Nov 03, 1997          1          7          3     "	2031	1997-11-03	"Mon"	"Evening"	"173"	1	7	3	11	"17"	"73"	8	10
"2030     Sun. Nov 02, 1997          8          7          1     "	2030	1997-11-02	"Sun"	"Midday"	"871"	8	7	1	16	"87"	"71"	15	8
"2029     Sat. Nov 01, 1997          1          7          1     "	2029	1997-11-01	"Sat"	"Evening"	"171"	1	7	1	9	"17"	"71"	8	8
"2028     Fri. Oct 31, 1997          6          7          0     "	2028	1997-10-31	"Fri"	"Midday"	"670"	6	7	0	13	"67"	"70"	13	7
"2027     Thu. Oct 30, 1997          9          0          2     "	2027	1997-10-30	"Thu"	"Evening"	"902"	9	0	2	11	"90"	"02"	9	2
"2026     Wed. Oct 29, 1997          5          2          9     "	2026	1997-10-29	"Wed"	"Midday"	"529"	5	2	9	16	"52"	"29"	7	11
"2025     Tue. Oct 28, 1997          6          1          9     "	2025	1997-10-28	"Tue"	"Evening"	"619"	6	1	9	16	"61"	"19"	7	10
"2024     Mon. Oct 27, 1997          1          9          8     "	2024	1997-10-27	"Mon"	"Midday"	"198"	1	9	8	18	"19"	"98"	10	17
"2023     Sun. Oct 26, 1997          3          2          8     "	2023	1997-10-26	"Sun"	"Evening"	"328"	3	2	8	13	"32"	"28"	5	10
"2022     Sat. Oct 25, 1997          0          5          3     "	2022	1997-10-25	"Sat"	"Midday"	"053"	0	5	3	8	"05"	"53"	5	8
"2021     Fri. Oct 24, 1997          8          4          2     "	2021	1997-10-24	"Fri"	"Evening"	"842"	8	4	2	14	"84"	"42"	12	6
"2020     Thu. Oct 23, 1997          2          1          2     "	2020	1997-10-23	"Thu"	"Midday"	"212"	2	1	2	5	"21"	"12"	3	3
"2019     Wed. Oct 22, 1997          1          4          8     "	2019	1997-10-22	"Wed"	"Evening"	"148"	1	4	8	13	"14"	"48"	5	12
"2018     Tue. Oct 21, 1997          1          5          9     "	2018	1997-10-21	"Tue"	"Midday"	"159"	1	5	9	15	"15"	"59"	6	14
"2017     Mon. Oct 20, 1997          9          7          0     "	2017	1997-10-20	"Mon"	"Evening"	"970"	9	7	0	16	"97"	"70"	16	7
"2016     Sun. Oct 19, 1997          0          0          0     "	2016	1997-10-19	"Sun"	"Midday"	"000"	0	0	0	0	"00"	"00"	0	0
"2015     Sat. Oct 18, 1997          1          8          5     "	2015	1997-10-18	"Sat"	"Evening"	"185"	1	8	5	14	"18"	"85"	9	13
"2014     Fri. Oct 17, 1997          3          2          9     "	2014	1997-10-17	"Fri"	"Midday"	"329"	3	2	9	14	"32"	"29"	5	11
"2013     Thu. Oct 16, 1997          7          8          5     "	2013	1997-10-16	"Thu"	"Evening"	"785"	7	8	5	20	"78"	"85"	15	13
"2012     Wed. Oct 15, 1997          9          9          5     "	2012	1997-10-15	"Wed"	"Midday"	"995"	9	9	5	23	"99"	"95"	18	14
"2011     Tue. Oct 14, 1997          6          6          2     "	2011	1997-10-14	"Tue"	"Evening"	"662"	6	6	2	14	"66"	"62"	12	8
"2010     Mon. Oct 13, 1997          5          7          6     "	2010	1997-10-13	"Mon"	"Midday"	"576"	5	7	6	18	"57"	"76"	12	13
"2009     Sun. Oct 12, 1997          5          3          6     "	2009	1997-10-12	"Sun"	"Evening"	"536"	5	3	6	14	"53"	"36"	8	9
"2008     Sat. Oct 11, 1997          9          4          9     "	2008	1997-10-11	"Sat"	"Midday"	"949"	9	4	9	22	"94"	"49"	13	13
"2007     Fri. Oct 10, 1997          3          8          0     "	2007	1997-10-10	"Fri"	"Evening"	"380"	3	8	0	11	"38"	"80"	11	8
"2006     Thu. Oct 09, 1997          6          7          8     "	2006	1997-10-09	"Thu"	"Midday"	"678"	6	7	8	21	"67"	"78"	13	15
"2005     Wed. Oct 08, 1997          8          8          9     "	2005	1997-10-08	"Wed"	"Evening"	"889"	8	8	9	25	"88"	"89"	16	17
"2004     Tue. Oct 07, 1997          4          0          0     "	2004	1997-10-07	"Tue"	"Midday"	"400"	4	0	0	4	"40"	"00"	4	0
"2003     Mon. Oct 06, 1997          0          2          1     "	2003	1997-10-06	"Mon"	"Evening"	"021"	0	2	1	3	"02"	"21"	2	3
"2002     Sun. Oct 05, 1997          8          4          8     "	2002	1997-10-05	"Sun"	"Midday"	"848"	8	4	8	20	"84"	"48"	12	12
"2001     Sat. Oct 04, 1997          0          1          8     "	2001	1997-10-04	"Sat"	"Evening"	"018"	0	1	8	9	"01"	"18"	1	9
"2000     Fri. Oct 03, 1997          3          7          2     "	2000	1997-10-03	"Fri"	"Midday"	"372"	3	7	2	12	"37"	"72"	10	9
"1999     Thu. Oct 02, 1997          3          8          3     "	1999	1997-10-02	"Thu"	"Evening"	"383"	3	8	3	14	"38"	"83"	11	11
"1998     Wed. Oct 01, 1997          5          1          8     "	1998	1997-10-01	"Wed"	"Midday"	"518"	5	1	8	14	"51"	"18"	6	9
"1997     Tue. Sep 30, 1997          4          0          0     "	1997	1997-09-30	"Tue"	"Evening"	"400"	4	0	0	4	"40"	"00"	4	0
"1996     Mon. Sep 29, 1997          5          8          3     "	1996	1997-09-29	"Mon"	"Midday"	"583"	5	8	3	16	"58"	"83"	13	11
"1995     Sun. Sep 28, 1997          6          9          4     "	1995	1997-09-28	"Sun"	"Evening"	"694"	6	9	4	19	"69"	"94"	15	13
"1994     Sat. Sep 27, 1997          0          6          5     "	1994	1997-09-27	"Sat"	"Midday"	"065"	0	6	5	11	"06"	"65"	6	11
"1993     Fri. Sep 26, 1997          6          1          2     "	1993	1997-09-26	"Fri"	"Evening"	"612"	6	1	2	9	"61"	"12"	7	3
"1992     Thu. Sep 25, 1997          1          0          1     "	1992	1997-09-25	"Thu"	"Midday"	"101"	1	0	1	2	"10"	"01"	1	1
"1991     Wed. Sep 24, 1997          5          5          9     "	1991	1997-09-24	"Wed"	"Evening"	"559"	5	5	9	19	"55"	"59"	10	14
"1990     Tue. Sep 23, 1997          6          2          5     "	1990	1997-09-23	"Tue"	"Midday"	"625"	6	2	5	13	"62"	"25"	8	7
"1989     Mon. Sep 22, 1997          8          5          8     "	1989	1997-09-22	"Mon"	"Evening"	"858"	8	5	8	21	"85"	"58"	13	13
"1988     Sun. Sep 21, 1997          3          8          9     "	1988	1997-09-21	"Sun"	"Midday"	"389"	3	8	9	20	"38"	"89"	11	17
"1987     Sat. Sep 20, 1997          0          8          5     "	1987	1997-09-20	"Sat"	"Evening"	"085"	0	8	5	13	"08"	"85"	8	13
"1986     Fri. Sep 19, 1997          1          8          3     "	1986	1997-09-19	"Fri"	"Midday"	"183"	1	8	3	12	"18"	"83"	9	11
"1985     Thu. Sep 18, 1997          9          3          1     "	1985	1997-09-18	"Thu"	"Evening"	"931"	9	3	1	13	"93"	"31"	12	4
"1984     Wed. Sep 17, 1997          7          2          8     "	1984	1997-09-17	"Wed"	"Midday"	"728"	7	2	8	17	"72"	"28"	9	10
"1983     Tue. Sep 16, 1997          2          8          8     "	1983	1997-09-16	"Tue"	"Evening"	"288"	2	8	8	18	"28"	"88"	10	16
"1982     Mon. Sep 15, 1997          0          5          5     "	1982	1997-09-15	"Mon"	"Midday"	"055"	0	5	5	10	"05"	"55"	5	10
"1981     Sun. Sep 14, 1997          5          2          4     "	1981	1997-09-14	"Sun"	"Evening"	"524"	5	2	4	11	"52"	"24"	7	6
"1980     Sat. Sep 13, 1997          8          9          1     "	1980	1997-09-13	"Sat"	"Midday"	"891"	8	9	1	18	"89"	"91"	17	10
"1979     Fri. Sep 12, 1997          6          7          1     "	1979	1997-09-12	"Fri"	"Evening"	"671"	6	7	1	14	"67"	"71"	13	8
"1978     Thu. Sep 11, 1997          1          3          1     "	1978	1997-09-11	"Thu"	"Midday"	"131"	1	3	1	5	"13"	"31"	4	4
"1977     Wed. Sep 10, 1997          4          9          0     "	1977	1997-09-10	"Wed"	"Evening"	"490"	4	9	0	13	"49"	"90"	13	9
"1976     Tue. Sep 09, 1997          7          7          3     "	1976	1997-09-09	"Tue"	"Midday"	"773"	7	7	3	17	"77"	"73"	14	10
"1975     Mon. Sep 08, 1997          8          0          3     "	1975	1997-09-08	"Mon"	"Evening"	"803"	8	0	3	11	"80"	"03"	8	3
"1974     Sun. Sep 07, 1997          4          4          9     "	1974	1997-09-07	"Sun"	"Midday"	"449"	4	4	9	17	"44"	"49"	8	13
"1973     Sat. Sep 06, 1997          6          6          9     "	1973	1997-09-06	"Sat"	"Evening"	"669"	6	6	9	21	"66"	"69"	12	15
"1972     Fri. Sep 05, 1997          2          2          3     "	1972	1997-09-05	"Fri"	"Midday"	"223"	2	2	3	7	"22"	"23"	4	5
"1971     Thu. Sep 04, 1997          4          0          5     "	1971	1997-09-04	"Thu"	"Evening"	"405"	4	0	5	9	"40"	"05"	4	5
"1970     Wed. Sep 03, 1997          7          9          7     "	1970	1997-09-03	"Wed"	"Midday"	"797"	7	9	7	23	"79"	"97"	16	16
"1969     Tue. Sep 02, 1997          1          9          7     "	1969	1997-09-02	"Tue"	"Evening"	"197"	1	9	7	17	"19"	"97"	10	16
"1968     Mon. Sep 01, 1997          3          8          1     "	1968	1997-09-01	"Mon"	"Midday"	"381"	3	8	1	12	"38"	"81"	11	9
"1967     Sun. Aug 31, 1997          6          2          7     "	1967	1997-08-31	"Sun"	"Evening"	"627"	6	2	7	15	"62"	"27"	8	9
"1966     Sat. Aug 30, 1997          4          1          9     "	1966	1997-08-30	"Sat"	"Midday"	"419"	4	1	9	14	"41"	"19"	5	10
"1965     Fri. Aug 29, 1997          3          0          4     "	1965	1997-08-29	"Fri"	"Evening"	"304"	3	0	4	7	"30"	"04"	3	4
"1964     Thu. Aug 28, 1997          1          2          1     "	1964	1997-08-28	"Thu"	"Midday"	"121"	1	2	1	4	"12"	"21"	3	3
"1963     Wed. Aug 27, 1997          9          5          9     "	1963	1997-08-27	"Wed"	"Evening"	"959"	9	5	9	23	"95"	"59"	14	14
"1962     Tue. Aug 26, 1997          7          1          9     "	1962	1997-08-26	"Tue"	"Midday"	"719"	7	1	9	17	"71"	"19"	8	10
"1961     Mon. Aug 25, 1997          1          0          0     "	1961	1997-08-25	"Mon"	"Evening"	"100"	1	0	0	1	"10"	"00"	1	0
"1960     Sun. Aug 24, 1997          9          6          4     "	1960	1997-08-24	"Sun"	"Midday"	"964"	9	6	4	19	"96"	"64"	15	10
"1959     Sat. Aug 23, 1997          8          7          9     "	1959	1997-08-23	"Sat"	"Evening"	"879"	8	7	9	24	"87"	"79"	15	16
"1958     Fri. Aug 22, 1997          9          3          5     "	1958	1997-08-22	"Fri"	"Midday"	"935"	9	3	5	17	"93"	"35"	12	8
"1957     Thu. Aug 21, 1997          7          3          6     "	1957	1997-08-21	"Thu"	"Evening"	"736"	7	3	6	16	"73"	"36"	10	9
"1956     Wed. Aug 20, 1997          9          7          4     "	1956	1997-08-20	"Wed"	"Midday"	"974"	9	7	4	20	"97"	"74"	16	11
"1955     Tue. Aug 19, 1997          6          3          7     "	1955	1997-08-19	"Tue"	"Evening"	"637"	6	3	7	16	"63"	"37"	9	10
"1954     Mon. Aug 18, 1997          7          1          6     "	1954	1997-08-18	"Mon"	"Midday"	"716"	7	1	6	14	"71"	"16"	8	7
"1953     Sun. Aug 17, 1997          2          6          6     "	1953	1997-08-17	"Sun"	"Evening"	"266"	2	6	6	14	"26"	"66"	8	12
"1952     Sat. Aug 16, 1997          3          6          0     "	1952	1997-08-16	"Sat"	"Midday"	"360"	3	6	0	9	"36"	"60"	9	6
"1951     Fri. Aug 15, 1997          8          1          6     "	1951	1997-08-15	"Fri"	"Evening"	"816"	8	1	6	15	"81"	"16"	9	7
"1950     Thu. Aug 14, 1997          2          2          4     "	1950	1997-08-14	"Thu"	"Midday"	"224"	2	2	4	8	"22"	"24"	4	6
"1949     Wed. Aug 13, 1997          3          4          1     "	1949	1997-08-13	"Wed"	"Evening"	"341"	3	4	1	8	"34"	"41"	7	5
"1948     Tue. Aug 12, 1997          8          7          8     "	1948	1997-08-12	"Tue"	"Midday"	"878"	8	7	8	23	"87"	"78"	15	15
"1947     Mon. Aug 11, 1997          3          7          0     "	1947	1997-08-11	"Mon"	"Evening"	"370"	3	7	0	10	"37"	"70"	10	7
"1946     Sun. Aug 10, 1997          6          4          0     "	1946	1997-08-10	"Sun"	"Midday"	"640"	6	4	0	10	"64"	"40"	10	4
"1945     Sat. Aug 09, 1997          5          1          4     "	1945	1997-08-09	"Sat"	"Evening"	"514"	5	1	4	10	"51"	"14"	6	5
"1944     Fri. Aug 08, 1997          9          3          9     "	1944	1997-08-08	"Fri"	"Midday"	"939"	9	3	9	21	"93"	"39"	12	12
"1943     Thu. Aug 07, 1997          4          1          9     "	1943	1997-08-07	"Thu"	"Evening"	"419"	4	1	9	14	"41"	"19"	5	10
"1942     Wed. Aug 06, 1997          1          2          1     "	1942	1997-08-06	"Wed"	"Midday"	"121"	1	2	1	4	"12"	"21"	3	3
"1941     Tue. Aug 05, 1997          2          4          5     "	1941	1997-08-05	"Tue"	"Evening"	"245"	2	4	5	11	"24"	"45"	6	9
"1940     Mon. Aug 04, 1997          6          4          0     "	1940	1997-08-04	"Mon"	"Midday"	"640"	6	4	0	10	"64"	"40"	10	4
"1939     Sun. Aug 03, 1997          6          8          0     "	1939	1997-08-03	"Sun"	"Evening"	"680"	6	8	0	14	"68"	"80"	14	8
"1938     Sat. Aug 02, 1997          4          1          5     "	1938	1997-08-02	"Sat"	"Midday"	"415"	4	1	5	10	"41"	"15"	5	6
"1937     Fri. Aug 01, 1997          9          1          7     "	1937	1997-08-01	"Fri"	"Evening"	"917"	9	1	7	17	"91"	"17"	10	8
"1936     Thu. Jul 31, 1997          5          7          0     "	1936	1997-07-31	"Thu"	"Midday"	"570"	5	7	0	12	"57"	"70"	12	7
"1935     Wed. Jul 30, 1997          9          6          2     "	1935	1997-07-30	"Wed"	"Evening"	"962"	9	6	2	17	"96"	"62"	15	8
"1934     Tue. Jul 29, 1997          6          6          9     "	1934	1997-07-29	"Tue"	"Midday"	"669"	6	6	9	21	"66"	"69"	12	15
"1933     Mon. Jul 28, 1997          8          5          8     "	1933	1997-07-28	"Mon"	"Evening"	"858"	8	5	8	21	"85"	"58"	13	13
"1932     Sun. Jul 27, 1997          5          0          9     "	1932	1997-07-27	"Sun"	"Midday"	"509"	5	0	9	14	"50"	"09"	5	9
"1931     Sat. Jul 26, 1997          9          5          4     "	1931	1997-07-26	"Sat"	"Evening"	"954"	9	5	4	18	"95"	"54"	14	9
"1930     Fri. Jul 25, 1997          1          9          8     "	1930	1997-07-25	"Fri"	"Midday"	"198"	1	9	8	18	"19"	"98"	10	17
"1929     Thu. Jul 24, 1997          6          6          6     "	1929	1997-07-24	"Thu"	"Evening"	"666"	6	6	6	18	"66"	"66"	12	12
"1928     Wed. Jul 23, 1997          5          0          1     "	1928	1997-07-23	"Wed"	"Midday"	"501"	5	0	1	6	"50"	"01"	5	1
"1927     Tue. Jul 22, 1997          9          5          0     "	1927	1997-07-22	"Tue"	"Evening"	"950"	9	5	0	14	"95"	"50"	14	5
"1926     Mon. Jul 21, 1997          8          7          8     "	1926	1997-07-21	"Mon"	"Midday"	"878"	8	7	8	23	"87"	"78"	15	15
"1925     Sun. Jul 20, 1997          4          2          6     "	1925	1997-07-20	"Sun"	"Evening"	"426"	4	2	6	12	"42"	"26"	6	8
"1924     Sat. Jul 19, 1997          2          1          9     "	1924	1997-07-19	"Sat"	"Midday"	"219"	2	1	9	12	"21"	"19"	3	10
"1923     Fri. Jul 18, 1997          4          6          6     "	1923	1997-07-18	"Fri"	"Evening"	"466"	4	6	6	16	"46"	"66"	10	12
"1922     Thu. Jul 17, 1997          0          8          3     "	1922	1997-07-17	"Thu"	"Midday"	"083"	0	8	3	11	"08"	"83"	8	11
"1921     Wed. Jul 16, 1997          2          4          5     "	1921	1997-07-16	"Wed"	"Evening"	"245"	2	4	5	11	"24"	"45"	6	9
"1920     Tue. Jul 15, 1997          4          0          5     "	1920	1997-07-15	"Tue"	"Midday"	"405"	4	0	5	9	"40"	"05"	4	5
"1919     Mon. Jul 14, 1997          4          7          2     "	1919	1997-07-14	"Mon"	"Evening"	"472"	4	7	2	13	"47"	"72"	11	9
"1918     Sun. Jul 13, 1997          4          9          0     "	1918	1997-07-13	"Sun"	"Midday"	"490"	4	9	0	13	"49"	"90"	13	9
"1917     Sat. Jul 12, 1997          3          8          4     "	1917	1997-07-12	"Sat"	"Evening"	"384"	3	8	4	15	"38"	"84"	11	12
"1916     Fri. Jul 11, 1997          0          7          8     "	1916	1997-07-11	"Fri"	"Midday"	"078"	0	7	8	15	"07"	"78"	7	15
"1915     Thu. Jul 10, 1997          0          4          1     "	1915	1997-07-10	"Thu"	"Evening"	"041"	0	4	1	5	"04"	"41"	4	5
"1914     Wed. Jul 09, 1997          5          9          1     "	1914	1997-07-09	"Wed"	"Midday"	"591"	5	9	1	15	"59"	"91"	14	10
"1913     Tue. Jul 08, 1997          5          8          5     "	1913	1997-07-08	"Tue"	"Evening"	"585"	5	8	5	18	"58"	"85"	13	13
"1912     Mon. Jul 07, 1997          7          6          8     "	1912	1997-07-07	"Mon"	"Midday"	"768"	7	6	8	21	"76"	"68"	13	14
"1911     Sun. Jul 06, 1997          1          4          5     "	1911	1997-07-06	"Sun"	"Evening"	"145"	1	4	5	10	"14"	"45"	5	9
"1910     Sat. Jul 05, 1997          2          3          1     "	1910	1997-07-05	"Sat"	"Midday"	"231"	2	3	1	6	"23"	"31"	5	4
"1909     Fri. Jul 04, 1997          6          9          5     "	1909	1997-07-04	"Fri"	"Evening"	"695"	6	9	5	20	"69"	"95"	15	14
"1908     Thu. Jul 03, 1997          1          3          1     "	1908	1997-07-03	"Thu"	"Midday"	"131"	1	3	1	5	"13"	"31"	4	4
"1907     Wed. Jul 02, 1997          0          7          2     "	1907	1997-07-02	"Wed"	"Evening"	"072"	0	7	2	9	"07"	"72"	7	9
"1906     Tue. Jul 01, 1997          7          3          7     "	1906	1997-07-01	"Tue"	"Midday"	"737"	7	3	7	17	"73"	"37"	10	10
"1905     Mon. Jun 30, 1997          7          4          6     "	1905	1997-06-30	"Mon"	"Evening"	"746"	7	4	6	17	"74"	"46"	11	10
"1904     Sun. Jun 29, 1997          9          9          2     "	1904	1997-06-29	"Sun"	"Midday"	"992"	9	9	2	20	"99"	"92"	18	11
"1903     Sat. Jun 28, 1997          3          1          9     "	1903	1997-06-28	"Sat"	"Evening"	"319"	3	1	9	13	"31"	"19"	4	10
"1902     Fri. Jun 27, 1997          8          1          4     "	1902	1997-06-27	"Fri"	"Midday"	"814"	8	1	4	13	"81"	"14"	9	5
"1901     Thu. Jun 26, 1997          7          3          1     "	1901	1997-06-26	"Thu"	"Evening"	"731"	7	3	1	11	"73"	"31"	10	4
"1900     Wed. Jun 25, 1997          1          1          3     "	1900	1997-06-25	"Wed"	"Midday"	"113"	1	1	3	5	"11"	"13"	2	4
"1899     Tue. Jun 24, 1997          1          1          3     "	1899	1997-06-24	"Tue"	"Evening"	"113"	1	1	3	5	"11"	"13"	2	4
"1898     Mon. Jun 23, 1997          5          2          3     "	1898	1997-06-23	"Mon"	"Midday"	"523"	5	2	3	10	"52"	"23"	7	5
"1897     Sun. Jun 22, 1997          3          0          6     "	1897	1997-06-22	"Sun"	"Evening"	"306"	3	0	6	9	"30"	"06"	3	6
"1896     Sat. Jun 21, 1997          0          1          7     "	1896	1997-06-21	"Sat"	"Midday"	"017"	0	1	7	8	"01"	"17"	1	8
"1895     Fri. Jun 20, 1997          5          3          6     "	1895	1997-06-20	"Fri"	"Evening"	"536"	5	3	6	14	"53"	"36"	8	9
"1894     Thu. Jun 19, 1997          8          1          5     "	1894	1997-06-19	"Thu"	"Midday"	"815"	8	1	5	14	"81"	"15"	9	6
"1893     Wed. Jun 18, 1997          7          8          1     "	1893	1997-06-18	"Wed"	"Evening"	"781"	7	8	1	16	"78"	"81"	15	9
"1892     Tue. Jun 17, 1997          8          9          4     "	1892	1997-06-17	"Tue"	"Midday"	"894"	8	9	4	21	"89"	"94"	17	13
"1891     Mon. Jun 16, 1997          1          4          8     "	1891	1997-06-16	"Mon"	"Evening"	"148"	1	4	8	13	"14"	"48"	5	12
"1890     Sun. Jun 15, 1997          0          5          3     "	1890	1997-06-15	"Sun"	"Midday"	"053"	0	5	3	8	"05"	"53"	5	8
"1889     Sat. Jun 14, 1997          6          6          6     "	1889	1997-06-14	"Sat"	"Evening"	"666"	6	6	6	18	"66"	"66"	12	12
"1888     Fri. Jun 13, 1997          8          5          2     "	1888	1997-06-13	"Fri"	"Midday"	"852"	8	5	2	15	"85"	"52"	13	7
"1887     Thu. Jun 12, 1997          0          7          7     "	1887	1997-06-12	"Thu"	"Evening"	"077"	0	7	7	14	"07"	"77"	7	14
"1886     Wed. Jun 11, 1997          5          3          1     "	1886	1997-06-11	"Wed"	"Midday"	"531"	5	3	1	9	"53"	"31"	8	4
"1885     Tue. Jun 10, 1997          2          9          0     "	1885	1997-06-10	"Tue"	"Evening"	"290"	2	9	0	11	"29"	"90"	11	9
"1884     Mon. Jun 09, 1997          2          8          5     "	1884	1997-06-09	"Mon"	"Midday"	"285"	2	8	5	15	"28"	"85"	10	13
"1883     Sun. Jun 08, 1997          1          7          9     "	1883	1997-06-08	"Sun"	"Evening"	"179"	1	7	9	17	"17"	"79"	8	16
"1882     Sat. Jun 07, 1997          1          2          7     "	1882	1997-06-07	"Sat"	"Midday"	"127"	1	2	7	10	"12"	"27"	3	9
"1881     Fri. Jun 06, 1997          3          2          0     "	1881	1997-06-06	"Fri"	"Evening"	"320"	3	2	0	5	"32"	"20"	5	2
"1880     Thu. Jun 05, 1997          6          3          2     "	1880	1997-06-05	"Thu"	"Midday"	"632"	6	3	2	11	"63"	"32"	9	5
"1879     Wed. Jun 04, 1997          5          6          4     "	1879	1997-06-04	"Wed"	"Evening"	"564"	5	6	4	15	"56"	"64"	11	10
"1878     Tue. Jun 03, 1997          3          4          8     "	1878	1997-06-03	"Tue"	"Midday"	"348"	3	4	8	15	"34"	"48"	7	12
"1877     Mon. Jun 02, 1997          8          5          6     "	1877	1997-06-02	"Mon"	"Evening"	"856"	8	5	6	19	"85"	"56"	13	11
"1876     Sun. Jun 01, 1997          1          4          6     "	1876	1997-06-01	"Sun"	"Midday"	"146"	1	4	6	11	"14"	"46"	5	10
"1875     Sat. May 31, 1997          3          7          2     "	1875	1997-05-31	"Sat"	"Evening"	"372"	3	7	2	12	"37"	"72"	10	9
"1874     Fri. May 30, 1997          5          5          3     "	1874	1997-05-30	"Fri"	"Midday"	"553"	5	5	3	13	"55"	"53"	10	8
"1873     Thu. May 29, 1997          8          7          9     "	1873	1997-05-29	"Thu"	"Evening"	"879"	8	7	9	24	"87"	"79"	15	16
"1872     Wed. May 28, 1997          3          4          4     "	1872	1997-05-28	"Wed"	"Midday"	"344"	3	4	4	11	"34"	"44"	7	8
"1871     Tue. May 27, 1997          7          0          0     "	1871	1997-05-27	"Tue"	"Evening"	"700"	7	0	0	7	"70"	"00"	7	0
"1870     Mon. May 26, 1997          5          1          2     "	1870	1997-05-26	"Mon"	"Midday"	"512"	5	1	2	8	"51"	"12"	6	3
"1869     Sun. May 25, 1997          2          7          9     "	1869	1997-05-25	"Sun"	"Evening"	"279"	2	7	9	18	"27"	"79"	9	16
"1868     Sat. May 24, 1997          9          9          2     "	1868	1997-05-24	"Sat"	"Midday"	"992"	9	9	2	20	"99"	"92"	18	11
"1867     Fri. May 23, 1997          6          2          6     "	1867	1997-05-23	"Fri"	"Evening"	"626"	6	2	6	14	"62"	"26"	8	8
"1866     Thu. May 22, 1997          2          9          8     "	1866	1997-05-22	"Thu"	"Midday"	"298"	2	9	8	19	"29"	"98"	11	17
"1865     Wed. May 21, 1997          1          0          4     "	1865	1997-05-21	"Wed"	"Evening"	"104"	1	0	4	5	"10"	"04"	1	4
"1864     Tue. May 20, 1997          5          4          7     "	1864	1997-05-20	"Tue"	"Midday"	"547"	5	4	7	16	"54"	"47"	9	11
"1863     Mon. May 19, 1997          2          1          2     "	1863	1997-05-19	"Mon"	"Evening"	"212"	2	1	2	5	"21"	"12"	3	3
"1862     Sun. May 18, 1997          5          8          5     "	1862	1997-05-18	"Sun"	"Midday"	"585"	5	8	5	18	"58"	"85"	13	13
"1861     Sat. May 17, 1997          8          3          8     "	1861	1997-05-17	"Sat"	"Evening"	"838"	8	3	8	19	"83"	"38"	11	11
"1860     Fri. May 16, 1997          6          4          2     "	1860	1997-05-16	"Fri"	"Midday"	"642"	6	4	2	12	"64"	"42"	10	6
"1859     Thu. May 15, 1997          5          0          6     "	1859	1997-05-15	"Thu"	"Evening"	"506"	5	0	6	11	"50"	"06"	5	6
"1858     Wed. May 14, 1997          1          5          4     "	1858	1997-05-14	"Wed"	"Midday"	"154"	1	5	4	10	"15"	"54"	6	9
"1857     Tue. May 13, 1997          6          9          2     "	1857	1997-05-13	"Tue"	"Evening"	"692"	6	9	2	17	"69"	"92"	15	11
"1856     Mon. May 12, 1997          1          9          0     "	1856	1997-05-12	"Mon"	"Midday"	"190"	1	9	0	10	"19"	"90"	10	9
"1855     Sun. May 11, 1997          2          8          7     "	1855	1997-05-11	"Sun"	"Evening"	"287"	2	8	7	17	"28"	"87"	10	15
"1854     Sat. May 10, 1997          0          2          3     "	1854	1997-05-10	"Sat"	"Midday"	"023"	0	2	3	5	"02"	"23"	2	5
"1853     Fri. May 09, 1997          0          9          4     "	1853	1997-05-09	"Fri"	"Evening"	"094"	0	9	4	13	"09"	"94"	9	13
"1852     Thu. May 08, 1997          3          9          9     "	1852	1997-05-08	"Thu"	"Midday"	"399"	3	9	9	21	"39"	"99"	12	18
"1851     Wed. May 07, 1997          8          7          6     "	1851	1997-05-07	"Wed"	"Evening"	"876"	8	7	6	21	"87"	"76"	15	13
"1850     Tue. May 06, 1997          8          2          7     "	1850	1997-05-06	"Tue"	"Midday"	"827"	8	2	7	17	"82"	"27"	10	9
"1849     Mon. May 05, 1997          2          1          6     "	1849	1997-05-05	"Mon"	"Evening"	"216"	2	1	6	9	"21"	"16"	3	7
"1848     Sun. May 04, 1997          7          7          1     "	1848	1997-05-04	"Sun"	"Midday"	"771"	7	7	1	15	"77"	"71"	14	8
"1847     Sat. May 03, 1997          4          0          4     "	1847	1997-05-03	"Sat"	"Evening"	"404"	4	0	4	8	"40"	"04"	4	4
"1846     Fri. May 02, 1997          5          0          2     "	1846	1997-05-02	"Fri"	"Midday"	"502"	5	0	2	7	"50"	"02"	5	2
"1845     Thu. May 01, 1997          6          9          7     "	1845	1997-05-01	"Thu"	"Evening"	"697"	6	9	7	22	"69"	"97"	15	16
"1844     Wed. Apr 30, 1997          2          0          4     "	1844	1997-04-30	"Wed"	"Midday"	"204"	2	0	4	6	"20"	"04"	2	4
"1843     Tue. Apr 29, 1997          7          0          1     "	1843	1997-04-29	"Tue"	"Evening"	"701"	7	0	1	8	"70"	"01"	7	1
"1842     Mon. Apr 28, 1997          3          1          9     "	1842	1997-04-28	"Mon"	"Midday"	"319"	3	1	9	13	"31"	"19"	4	10
"1841     Sun. Apr 27, 1997          5          0          3     "	1841	1997-04-27	"Sun"	"Evening"	"503"	5	0	3	8	"50"	"03"	5	3
"1840     Sat. Apr 26, 1997          1          5          1     "	1840	1997-04-26	"Sat"	"Midday"	"151"	1	5	1	7	"15"	"51"	6	6
"1839     Fri. Apr 25, 1997          0          9          9     "	1839	1997-04-25	"Fri"	"Evening"	"099"	0	9	9	18	"09"	"99"	9	18
"1838     Thu. Apr 24, 1997          8          1          9     "	1838	1997-04-24	"Thu"	"Midday"	"819"	8	1	9	18	"81"	"19"	9	10
"1837     Wed. Apr 23, 1997          2          4          1     "	1837	1997-04-23	"Wed"	"Evening"	"241"	2	4	1	7	"24"	"41"	6	5
"1836     Tue. Apr 22, 1997          4          5          3     "	1836	1997-04-22	"Tue"	"Midday"	"453"	4	5	3	12	"45"	"53"	9	8
"1835     Mon. Apr 21, 1997          4          2          1     "	1835	1997-04-21	"Mon"	"Evening"	"421"	4	2	1	7	"42"	"21"	6	3
"1834     Sun. Apr 20, 1997          4          3          6     "	1834	1997-04-20	"Sun"	"Midday"	"436"	4	3	6	13	"43"	"36"	7	9
"1833     Sat. Apr 19, 1997          2          5          0     "	1833	1997-04-19	"Sat"	"Evening"	"250"	2	5	0	7	"25"	"50"	7	5
"1832     Fri. Apr 18, 1997          5          3          7     "	1832	1997-04-18	"Fri"	"Midday"	"537"	5	3	7	15	"53"	"37"	8	10
"1831     Thu. Apr 17, 1997          4          6          7     "	1831	1997-04-17	"Thu"	"Evening"	"467"	4	6	7	17	"46"	"67"	10	13
"1830     Wed. Apr 16, 1997          0          7          6     "	1830	1997-04-16	"Wed"	"Midday"	"076"	0	7	6	13	"07"	"76"	7	13
"1829     Tue. Apr 15, 1997          3          1          6     "	1829	1997-04-15	"Tue"	"Evening"	"316"	3	1	6	10	"31"	"16"	4	7
"1828     Mon. Apr 14, 1997          4          0          2     "	1828	1997-04-14	"Mon"	"Midday"	"402"	4	0	2	6	"40"	"02"	4	2
"1827     Sun. Apr 13, 1997          5          6          6     "	1827	1997-04-13	"Sun"	"Evening"	"566"	5	6	6	17	"56"	"66"	11	12
"1826     Sat. Apr 12, 1997          6          4          9     "	1826	1997-04-12	"Sat"	"Midday"	"649"	6	4	9	19	"64"	"49"	10	13
"1825     Fri. Apr 11, 1997          4          1          2     "	1825	1997-04-11	"Fri"	"Evening"	"412"	4	1	2	7	"41"	"12"	5	3
"1824     Thu. Apr 10, 1997          7          3          7     "	1824	1997-04-10	"Thu"	"Midday"	"737"	7	3	7	17	"73"	"37"	10	10
"1823     Wed. Apr 09, 1997          9          8          3     "	1823	1997-04-09	"Wed"	"Evening"	"983"	9	8	3	20	"98"	"83"	17	11
"1822     Tue. Apr 08, 1997          0          0          5     "	1822	1997-04-08	"Tue"	"Midday"	"005"	0	0	5	5	"00"	"05"	0	5
"1821     Mon. Apr 07, 1997          6          4          9     "	1821	1997-04-07	"Mon"	"Evening"	"649"	6	4	9	19	"64"	"49"	10	13
"1820     Sun. Apr 06, 1997          5          9          4     "	1820	1997-04-06	"Sun"	"Midday"	"594"	5	9	4	18	"59"	"94"	14	13
"1819     Sat. Apr 05, 1997          2          1          2     "	1819	1997-04-05	"Sat"	"Evening"	"212"	2	1	2	5	"21"	"12"	3	3
"1818     Fri. Apr 04, 1997          9          9          1     "	1818	1997-04-04	"Fri"	"Midday"	"991"	9	9	1	19	"99"	"91"	18	10
"1817     Thu. Apr 03, 1997          1          4          5     "	1817	1997-04-03	"Thu"	"Evening"	"145"	1	4	5	10	"14"	"45"	5	9
"1816     Wed. Apr 02, 1997          5          5          4     "	1816	1997-04-02	"Wed"	"Midday"	"554"	5	5	4	14	"55"	"54"	10	9
"1815     Tue. Apr 01, 1997          8          1          0     "	1815	1997-04-01	"Tue"	"Evening"	"810"	8	1	0	9	"81"	"10"	9	1
"1814     Mon. Mar 31, 1997          5          7          0     "	1814	1997-03-31	"Mon"	"Midday"	"570"	5	7	0	12	"57"	"70"	12	7
"1813     Sun. Mar 30, 1997          4          4          3     "	1813	1997-03-30	"Sun"	"Evening"	"443"	4	4	3	11	"44"	"43"	8	7
"1812     Sat. Mar 29, 1997          1          5          5     "	1812	1997-03-29	"Sat"	"Midday"	"155"	1	5	5	11	"15"	"55"	6	10
"1811     Fri. Mar 28, 1997          3          2          5     "	1811	1997-03-28	"Fri"	"Evening"	"325"	3	2	5	10	"32"	"25"	5	7
"1810     Thu. Mar 27, 1997          9          2          1     "	1810	1997-03-27	"Thu"	"Midday"	"921"	9	2	1	12	"92"	"21"	11	3
"1809     Wed. Mar 26, 1997          1          4          5     "	1809	1997-03-26	"Wed"	"Evening"	"145"	1	4	5	10	"14"	"45"	5	9
"1808     Tue. Mar 25, 1997          9          7          8     "	1808	1997-03-25	"Tue"	"Midday"	"978"	9	7	8	24	"97"	"78"	16	15
"1807     Mon. Mar 24, 1997          2          7          4     "	1807	1997-03-24	"Mon"	"Evening"	"274"	2	7	4	13	"27"	"74"	9	11
"1806     Sun. Mar 23, 1997          8          5          9     "	1806	1997-03-23	"Sun"	"Midday"	"859"	8	5	9	22	"85"	"59"	13	14
"1805     Sat. Mar 22, 1997          0          9          9     "	1805	1997-03-22	"Sat"	"Evening"	"099"	0	9	9	18	"09"	"99"	9	18
"1804     Fri. Mar 21, 1997          5          4          1     "	1804	1997-03-21	"Fri"	"Midday"	"541"	5	4	1	10	"54"	"41"	9	5
"1803     Thu. Mar 20, 1997          7          8          9     "	1803	1997-03-20	"Thu"	"Evening"	"789"	7	8	9	24	"78"	"89"	15	17
"1802     Wed. Mar 19, 1997          5          3          2     "	1802	1997-03-19	"Wed"	"Midday"	"532"	5	3	2	10	"53"	"32"	8	5
"1801     Tue. Mar 18, 1997          4          1          2     "	1801	1997-03-18	"Tue"	"Evening"	"412"	4	1	2	7	"41"	"12"	5	3
"1800     Mon. Mar 17, 1997          5          7          7     "	1800	1997-03-17	"Mon"	"Midday"	"577"	5	7	7	19	"57"	"77"	12	14
"1799     Sun. Mar 16, 1997          0          2          0     "	1799	1997-03-16	"Sun"	"Evening"	"020"	0	2	0	2	"02"	"20"	2	2
"1798     Sat. Mar 15, 1997          8          7          5     "	1798	1997-03-15	"Sat"	"Midday"	"875"	8	7	5	20	"87"	"75"	15	12
"1797     Fri. Mar 14, 1997          3          7          4     "	1797	1997-03-14	"Fri"	"Evening"	"374"	3	7	4	14	"37"	"74"	10	11
"1796     Thu. Mar 13, 1997          2          5          7     "	1796	1997-03-13	"Thu"	"Midday"	"257"	2	5	7	14	"25"	"57"	7	12
"1795     Wed. Mar 12, 1997          3          6          9     "	1795	1997-03-12	"Wed"	"Evening"	"369"	3	6	9	18	"36"	"69"	9	15
"1794     Tue. Mar 11, 1997          0          5          8     "	1794	1997-03-11	"Tue"	"Midday"	"058"	0	5	8	13	"05"	"58"	5	13
"1793     Mon. Mar 10, 1997          6          2          0     "	1793	1997-03-10	"Mon"	"Evening"	"620"	6	2	0	8	"62"	"20"	8	2
"1792     Sun. Mar 09, 1997          4          4          6     "	1792	1997-03-09	"Sun"	"Midday"	"446"	4	4	6	14	"44"	"46"	8	10
"1791     Sat. Mar 08, 1997          0          0          2     "	1791	1997-03-08	"Sat"	"Evening"	"002"	0	0	2	2	"00"	"02"	0	2
"1790     Fri. Mar 07, 1997          6          5          2     "	1790	1997-03-07	"Fri"	"Midday"	"652"	6	5	2	13	"65"	"52"	11	7
"1789     Thu. Mar 06, 1997          4          0          1     "	1789	1997-03-06	"Thu"	"Evening"	"401"	4	0	1	5	"40"	"01"	4	1
"1788     Wed. Mar 05, 1997          0          2          7     "	1788	1997-03-05	"Wed"	"Midday"	"027"	0	2	7	9	"02"	"27"	2	9
"1787     Tue. Mar 04, 1997          3          6          9     "	1787	1997-03-04	"Tue"	"Evening"	"369"	3	6	9	18	"36"	"69"	9	15
"1786     Mon. Mar 03, 1997          0          9          6     "	1786	1997-03-03	"Mon"	"Midday"	"096"	0	9	6	15	"09"	"96"	9	15
"1785     Sun. Mar 02, 1997          4          6          8     "	1785	1997-03-02	"Sun"	"Evening"	"468"	4	6	8	18	"46"	"68"	10	14
"1784     Sat. Mar 01, 1997          6          5          9     "	1784	1997-03-01	"Sat"	"Midday"	"659"	6	5	9	20	"65"	"59"	11	14
"1783     Fri. Feb 28, 1997          4          2          8     "	1783	1997-02-28	"Fri"	"Evening"	"428"	4	2	8	14	"42"	"28"	6	10
"1782     Thu. Feb 27, 1997          6          1          3     "	1782	1997-02-27	"Thu"	"Midday"	"613"	6	1	3	10	"61"	"13"	7	4
"1781     Wed. Feb 26, 1997          5          2          1     "	1781	1997-02-26	"Wed"	"Evening"	"521"	5	2	1	8	"52"	"21"	7	3
"1780     Tue. Feb 25, 1997          4          5          8     "	1780	1997-02-25	"Tue"	"Midday"	"458"	4	5	8	17	"45"	"58"	9	13
"1779     Mon. Feb 24, 1997          5          6          7     "	1779	1997-02-24	"Mon"	"Evening"	"567"	5	6	7	18	"56"	"67"	11	13
"1778     Sun. Feb 23, 1997          8          1          5     "	1778	1997-02-23	"Sun"	"Midday"	"815"	8	1	5	14	"81"	"15"	9	6
"1777     Sat. Feb 22, 1997          7          3          2     "	1777	1997-02-22	"Sat"	"Evening"	"732"	7	3	2	12	"73"	"32"	10	5
"1776     Fri. Feb 21, 1997          7          4          1     "	1776	1997-02-21	"Fri"	"Midday"	"741"	7	4	1	12	"74"	"41"	11	5
"1775     Thu. Feb 20, 1997          2          4          4     "	1775	1997-02-20	"Thu"	"Evening"	"244"	2	4	4	10	"24"	"44"	6	8
"1774     Wed. Feb 19, 1997          6          5          3     "	1774	1997-02-19	"Wed"	"Midday"	"653"	6	5	3	14	"65"	"53"	11	8
"1773     Tue. Feb 18, 1997          9          4          9     "	1773	1997-02-18	"Tue"	"Evening"	"949"	9	4	9	22	"94"	"49"	13	13
"1772     Mon. Feb 17, 1997          4          0          6     "	1772	1997-02-17	"Mon"	"Midday"	"406"	4	0	6	10	"40"	"06"	4	6
"1771     Sun. Feb 16, 1997          8          6          4     "	1771	1997-02-16	"Sun"	"Evening"	"864"	8	6	4	18	"86"	"64"	14	10
"1770     Sat. Feb 15, 1997          3          9          8     "	1770	1997-02-15	"Sat"	"Midday"	"398"	3	9	8	20	"39"	"98"	12	17
"1769     Fri. Feb 14, 1997          5          4          5     "	1769	1997-02-14	"Fri"	"Evening"	"545"	5	4	5	14	"54"	"45"	9	9
"1768     Thu. Feb 13, 1997          6          1          0     "	1768	1997-02-13	"Thu"	"Midday"	"610"	6	1	0	7	"61"	"10"	7	1
"1767     Wed. Feb 12, 1997          8          4          0     "	1767	1997-02-12	"Wed"	"Evening"	"840"	8	4	0	12	"84"	"40"	12	4
"1766     Tue. Feb 11, 1997          0          7          0     "	1766	1997-02-11	"Tue"	"Midday"	"070"	0	7	0	7	"07"	"70"	7	7
"1765     Mon. Feb 10, 1997          5          3          8     "	1765	1997-02-10	"Mon"	"Evening"	"538"	5	3	8	16	"53"	"38"	8	11
"1764     Sun. Feb 09, 1997          4          3          3     "	1764	1997-02-09	"Sun"	"Midday"	"433"	4	3	3	10	"43"	"33"	7	6
"1763     Sat. Feb 08, 1997          9          5          6     "	1763	1997-02-08	"Sat"	"Evening"	"956"	9	5	6	20	"95"	"56"	14	11
"1762     Fri. Feb 07, 1997          9          7          7     "	1762	1997-02-07	"Fri"	"Midday"	"977"	9	7	7	23	"97"	"77"	16	14
"1761     Thu. Feb 06, 1997          2          1          0     "	1761	1997-02-06	"Thu"	"Evening"	"210"	2	1	0	3	"21"	"10"	3	1
"1760     Wed. Feb 05, 1997          2          1          3     "	1760	1997-02-05	"Wed"	"Midday"	"213"	2	1	3	6	"21"	"13"	3	4
"1759     Tue. Feb 04, 1997          3          5          0     "	1759	1997-02-04	"Tue"	"Evening"	"350"	3	5	0	8	"35"	"50"	8	5
"1758     Mon. Feb 03, 1997          2          5          0     "	1758	1997-02-03	"Mon"	"Midday"	"250"	2	5	0	7	"25"	"50"	7	5
"1757     Sun. Feb 02, 1997          5          9          2     "	1757	1997-02-02	"Sun"	"Evening"	"592"	5	9	2	16	"59"	"92"	14	11
"1756     Sat. Feb 01, 1997          4          7          0     "	1756	1997-02-01	"Sat"	"Midday"	"470"	4	7	0	11	"47"	"70"	11	7
"1755     Fri. Jan 31, 1997          2          8          1     "	1755	1997-01-31	"Fri"	"Evening"	"281"	2	8	1	11	"28"	"81"	10	9
"1754     Thu. Jan 30, 1997          7          2          1     "	1754	1997-01-30	"Thu"	"Midday"	"721"	7	2	1	10	"72"	"21"	9	3
"1753     Wed. Jan 29, 1997          3          0          3     "	1753	1997-01-29	"Wed"	"Evening"	"303"	3	0	3	6	"30"	"03"	3	3
"1752     Tue. Jan 28, 1997          4          6          9     "	1752	1997-01-28	"Tue"	"Midday"	"469"	4	6	9	19	"46"	"69"	10	15
"1751     Mon. Jan 27, 1997          0          0          1     "	1751	1997-01-27	"Mon"	"Evening"	"001"	0	0	1	1	"00"	"01"	0	1
"1750     Sun. Jan 26, 1997          5          8          6     "	1750	1997-01-26	"Sun"	"Midday"	"586"	5	8	6	19	"58"	"86"	13	14
"1749     Sat. Jan 25, 1997          8          2          2     "	1749	1997-01-25	"Sat"	"Evening"	"822"	8	2	2	12	"82"	"22"	10	4
"1748     Fri. Jan 24, 1997          5          0          1     "	1748	1997-01-24	"Fri"	"Midday"	"501"	5	0	1	6	"50"	"01"	5	1
"1747     Thu. Jan 23, 1997          0          7          5     "	1747	1997-01-23	"Thu"	"Evening"	"075"	0	7	5	12	"07"	"75"	7	12
"1746     Wed. Jan 22, 1997          3          1          0     "	1746	1997-01-22	"Wed"	"Midday"	"310"	3	1	0	4	"31"	"10"	4	1
"1745     Tue. Jan 21, 1997          2          0          4     "	1745	1997-01-21	"Tue"	"Evening"	"204"	2	0	4	6	"20"	"04"	2	4
"1744     Mon. Jan 20, 1997          1          8          8     "	1744	1997-01-20	"Mon"	"Midday"	"188"	1	8	8	17	"18"	"88"	9	16
"1743     Sun. Jan 19, 1997          7          1          2     "	1743	1997-01-19	"Sun"	"Evening"	"712"	7	1	2	10	"71"	"12"	8	3
"1742     Sat. Jan 18, 1997          4          7          0     "	1742	1997-01-18	"Sat"	"Midday"	"470"	4	7	0	11	"47"	"70"	11	7
"1741     Fri. Jan 17, 1997          4          1          2     "	1741	1997-01-17	"Fri"	"Evening"	"412"	4	1	2	7	"41"	"12"	5	3
"1740     Thu. Jan 16, 1997          3          3          9     "	1740	1997-01-16	"Thu"	"Midday"	"339"	3	3	9	15	"33"	"39"	6	12
"1739     Wed. Jan 15, 1997          3          6          7     "	1739	1997-01-15	"Wed"	"Evening"	"367"	3	6	7	16	"36"	"67"	9	13
"1738     Tue. Jan 14, 1997          2          9          0     "	1738	1997-01-14	"Tue"	"Midday"	"290"	2	9	0	11	"29"	"90"	11	9
"1737     Mon. Jan 13, 1997          2          2          5     "	1737	1997-01-13	"Mon"	"Evening"	"225"	2	2	5	9	"22"	"25"	4	7
"1736     Sun. Jan 12, 1997          3          1          6     "	1736	1997-01-12	"Sun"	"Midday"	"316"	3	1	6	10	"31"	"16"	4	7
"1735     Sat. Jan 11, 1997          6          3          3     "	1735	1997-01-11	"Sat"	"Evening"	"633"	6	3	3	12	"63"	"33"	9	6
"1734     Fri. Jan 10, 1997          8          7          1     "	1734	1997-01-10	"Fri"	"Midday"	"871"	8	7	1	16	"87"	"71"	15	8
"1733     Thu. Jan 09, 1997          0          3          0     "	1733	1997-01-09	"Thu"	"Evening"	"030"	0	3	0	3	"03"	"30"	3	3
"1732     Wed. Jan 08, 1997          0          7          4     "	1732	1997-01-08	"Wed"	"Midday"	"074"	0	7	4	11	"07"	"74"	7	11
"1731     Tue. Jan 07, 1997          2          5          5     "	1731	1997-01-07	"Tue"	"Evening"	"255"	2	5	5	12	"25"	"55"	7	10
"1730     Mon. Jan 06, 1997          0          9          1     "	1730	1997-01-06	"Mon"	"Midday"	"091"	0	9	1	10	"09"	"91"	9	10
"1729     Sun. Jan 05, 1997          4          4          3     "	1729	1997-01-05	"Sun"	"Evening"	"443"	4	4	3	11	"44"	"43"	8	7
"1728     Sat. Jan 04, 1997          9          2          8     "	1728	1997-01-04	"Sat"	"Midday"	"928"	9	2	8	19	"92"	"28"	11	10
"1727     Fri. Jan 03, 1997          7          9          4     "	1727	1997-01-03	"Fri"	"Evening"	"794"	7	9	4	20	"79"	"94"	16	13
"1726     Thu. Jan 02, 1997          9          7          6     "	1726	1997-01-02	"Thu"	"Midday"	"976"	9	7	6	22	"97"	"76"	16	13
"1725     Wed. Jan 01, 1997          9          2          6     "	1725	1997-01-01	"Wed"	"Evening"	"926"	9	2	6	17	"92"	"26"	11	8
"1724     Tue. Dec 31, 1996          4          5          3     "	1724	1996-12-31	"Tue"	"Midday"	"453"	4	5	3	12	"45"	"53"	9	8
"1723     Mon. Dec 30, 1996          6          9          8     "	1723	1996-12-30	"Mon"	"Evening"	"698"	6	9	8	23	"69"	"98"	15	17
"1722     Sun. Dec 29, 1996          8          0          7     "	1722	1996-12-29	"Sun"	"Midday"	"807"	8	0	7	15	"80"	"07"	8	7
"1721     Sat. Dec 28, 1996          5          3          9     "	1721	1996-12-28	"Sat"	"Evening"	"539"	5	3	9	17	"53"	"39"	8	12
"1720     Fri. Dec 27, 1996          7          3          9     "	1720	1996-12-27	"Fri"	"Midday"	"739"	7	3	9	19	"73"	"39"	10	12
"1719     Thu. Dec 26, 1996          8          3          3     "	1719	1996-12-26	"Thu"	"Evening"	"833"	8	3	3	14	"83"	"33"	11	6
"1718     Wed. Dec 25, 1996          1          2          9     "	1718	1996-12-25	"Wed"	"Midday"	"129"	1	2	9	12	"12"	"29"	3	11
"1717     Tue. Dec 24, 1996          8          4          8     "	1717	1996-12-24	"Tue"	"Evening"	"848"	8	4	8	20	"84"	"48"	12	12
"1716     Mon. Dec 23, 1996          5          2          0     "	1716	1996-12-23	"Mon"	"Midday"	"520"	5	2	0	7	"52"	"20"	7	2
"1715     Sun. Dec 22, 1996          0          9          9     "	1715	1996-12-22	"Sun"	"Evening"	"099"	0	9	9	18	"09"	"99"	9	18
"1714     Sat. Dec 21, 1996          3          7          0     "	1714	1996-12-21	"Sat"	"Midday"	"370"	3	7	0	10	"37"	"70"	10	7
"1713     Fri. Dec 20, 1996          4          3          7     "	1713	1996-12-20	"Fri"	"Evening"	"437"	4	3	7	14	"43"	"37"	7	10
"1712     Thu. Dec 19, 1996          6          6          8     "	1712	1996-12-19	"Thu"	"Midday"	"668"	6	6	8	20	"66"	"68"	12	14
"1711     Wed. Dec 18, 1996          6          3          1     "	1711	1996-12-18	"Wed"	"Evening"	"631"	6	3	1	10	"63"	"31"	9	4
"1710     Tue. Dec 17, 1996          5          1          0     "	1710	1996-12-17	"Tue"	"Midday"	"510"	5	1	0	6	"51"	"10"	6	1
"1709     Mon. Dec 16, 1996          9          6          3     "	1709	1996-12-16	"Mon"	"Evening"	"963"	9	6	3	18	"96"	"63"	15	9
"1708     Sun. Dec 15, 1996          3          2          0     "	1708	1996-12-15	"Sun"	"Midday"	"320"	3	2	0	5	"32"	"20"	5	2
"1707     Sat. Dec 14, 1996          8          2          8     "	1707	1996-12-14	"Sat"	"Evening"	"828"	8	2	8	18	"82"	"28"	10	10
"1706     Fri. Dec 13, 1996          4          1          2     "	1706	1996-12-13	"Fri"	"Midday"	"412"	4	1	2	7	"41"	"12"	5	3
"1705     Thu. Dec 12, 1996          5          3          0     "	1705	1996-12-12	"Thu"	"Evening"	"530"	5	3	0	8	"53"	"30"	8	3
"1704     Wed. Dec 11, 1996          5          5          6     "	1704	1996-12-11	"Wed"	"Midday"	"556"	5	5	6	16	"55"	"56"	10	11
"1703     Tue. Dec 10, 1996          8          0          8     "	1703	1996-12-10	"Tue"	"Evening"	"808"	8	0	8	16	"80"	"08"	8	8
"1702     Mon. Dec 09, 1996          0          6          9     "	1702	1996-12-09	"Mon"	"Midday"	"069"	0	6	9	15	"06"	"69"	6	15
"1701     Sun. Dec 08, 1996          4          1          1     "	1701	1996-12-08	"Sun"	"Evening"	"411"	4	1	1	6	"41"	"11"	5	2
"1700     Sat. Dec 07, 1996          5          2          1     "	1700	1996-12-07	"Sat"	"Midday"	"521"	5	2	1	8	"52"	"21"	7	3
"1699     Fri. Dec 06, 1996          8          3          0     "	1699	1996-12-06	"Fri"	"Evening"	"830"	8	3	0	11	"83"	"30"	11	3
"1698     Thu. Dec 05, 1996          4          8          3     "	1698	1996-12-05	"Thu"	"Midday"	"483"	4	8	3	15	"48"	"83"	12	11
"1697     Wed. Dec 04, 1996          5          5          5     "	1697	1996-12-04	"Wed"	"Evening"	"555"	5	5	5	15	"55"	"55"	10	10
"1696     Tue. Dec 03, 1996          0          3          2     "	1696	1996-12-03	"Tue"	"Midday"	"032"	0	3	2	5	"03"	"32"	3	5
"1695     Mon. Dec 02, 1996          8          5          8     "	1695	1996-12-02	"Mon"	"Evening"	"858"	8	5	8	21	"85"	"58"	13	13
"1694     Sun. Dec 01, 1996          6          4          6     "	1694	1996-12-01	"Sun"	"Midday"	"646"	6	4	6	16	"64"	"46"	10	10
"1693     Sat. Nov 30, 1996          7          4          2     "	1693	1996-11-30	"Sat"	"Evening"	"742"	7	4	2	13	"74"	"42"	11	6
"1692     Fri. Nov 29, 1996          9          9          9     "	1692	1996-11-29	"Fri"	"Midday"	"999"	9	9	9	27	"99"	"99"	18	18
"1691     Thu. Nov 28, 1996          9          6          6     "	1691	1996-11-28	"Thu"	"Evening"	"966"	9	6	6	21	"96"	"66"	15	12
"1690     Wed. Nov 27, 1996          6          4          3     "	1690	1996-11-27	"Wed"	"Midday"	"643"	6	4	3	13	"64"	"43"	10	7
"1689     Tue. Nov 26, 1996          6          1          3     "	1689	1996-11-26	"Tue"	"Evening"	"613"	6	1	3	10	"61"	"13"	7	4
"1688     Mon. Nov 25, 1996          1          6          3     "	1688	1996-11-25	"Mon"	"Midday"	"163"	1	6	3	10	"16"	"63"	7	9
"1687     Sun. Nov 24, 1996          8          3          6     "	1687	1996-11-24	"Sun"	"Evening"	"836"	8	3	6	17	"83"	"36"	11	9
"1686     Sat. Nov 23, 1996          8          5          0     "	1686	1996-11-23	"Sat"	"Midday"	"850"	8	5	0	13	"85"	"50"	13	5
"1685     Fri. Nov 22, 1996          1          2          3     "	1685	1996-11-22	"Fri"	"Evening"	"123"	1	2	3	6	"12"	"23"	3	5
"1684     Thu. Nov 21, 1996          6          6          5     "	1684	1996-11-21	"Thu"	"Midday"	"665"	6	6	5	17	"66"	"65"	12	11
"1683     Wed. Nov 20, 1996          4          2          3     "	1683	1996-11-20	"Wed"	"Evening"	"423"	4	2	3	9	"42"	"23"	6	5
"1682     Tue. Nov 19, 1996          4          0          8     "	1682	1996-11-19	"Tue"	"Midday"	"408"	4	0	8	12	"40"	"08"	4	8
"1681     Mon. Nov 18, 1996          8          7          7     "	1681	1996-11-18	"Mon"	"Evening"	"877"	8	7	7	22	"87"	"77"	15	14
"1680     Sun. Nov 17, 1996          5          7          8     "	1680	1996-11-17	"Sun"	"Midday"	"578"	5	7	8	20	"57"	"78"	12	15
"1679     Sat. Nov 16, 1996          2          7          0     "	1679	1996-11-16	"Sat"	"Evening"	"270"	2	7	0	9	"27"	"70"	9	7
"1678     Fri. Nov 15, 1996          2          4          3     "	1678	1996-11-15	"Fri"	"Midday"	"243"	2	4	3	9	"24"	"43"	6	7
"1677     Thu. Nov 14, 1996          6          8          0     "	1677	1996-11-14	"Thu"	"Evening"	"680"	6	8	0	14	"68"	"80"	14	8
"1676     Wed. Nov 13, 1996          6          4          4     "	1676	1996-11-13	"Wed"	"Midday"	"644"	6	4	4	14	"64"	"44"	10	8
"1675     Tue. Nov 12, 1996          8          5          9     "	1675	1996-11-12	"Tue"	"Evening"	"859"	8	5	9	22	"85"	"59"	13	14
"1674     Mon. Nov 11, 1996          3          0          6     "	1674	1996-11-11	"Mon"	"Midday"	"306"	3	0	6	9	"30"	"06"	3	6
"1673     Sun. Nov 10, 1996          2          1          2     "	1673	1996-11-10	"Sun"	"Evening"	"212"	2	1	2	5	"21"	"12"	3	3
"1672     Sat. Nov 09, 1996          8          6          4     "	1672	1996-11-09	"Sat"	"Midday"	"864"	8	6	4	18	"86"	"64"	14	10
"1671     Fri. Nov 08, 1996          5          5          1     "	1671	1996-11-08	"Fri"	"Evening"	"551"	5	5	1	11	"55"	"51"	10	6
"1670     Thu. Nov 07, 1996          7          0          6     "	1670	1996-11-07	"Thu"	"Midday"	"706"	7	0	6	13	"70"	"06"	7	6
"1669     Wed. Nov 06, 1996          4          9          8     "	1669	1996-11-06	"Wed"	"Evening"	"498"	4	9	8	21	"49"	"98"	13	17
"1668     Tue. Nov 05, 1996          5          5          4     "	1668	1996-11-05	"Tue"	"Midday"	"554"	5	5	4	14	"55"	"54"	10	9
"1667     Mon. Nov 04, 1996          0          8          4     "	1667	1996-11-04	"Mon"	"Evening"	"084"	0	8	4	12	"08"	"84"	8	12
"1666     Sun. Nov 03, 1996          2          9          1     "	1666	1996-11-03	"Sun"	"Midday"	"291"	2	9	1	12	"29"	"91"	11	10
"1665     Sat. Nov 02, 1996          0          0          8     "	1665	1996-11-02	"Sat"	"Evening"	"008"	0	0	8	8	"00"	"08"	0	8
"1664     Fri. Nov 01, 1996          0          5          1     "	1664	1996-11-01	"Fri"	"Midday"	"051"	0	5	1	6	"05"	"51"	5	6
"1663     Thu. Oct 31, 1996          0          8          3     "	1663	1996-10-31	"Thu"	"Evening"	"083"	0	8	3	11	"08"	"83"	8	11
"1662     Wed. Oct 30, 1996          0          0          8     "	1662	1996-10-30	"Wed"	"Midday"	"008"	0	0	8	8	"00"	"08"	0	8
"1661     Tue. Oct 29, 1996          8          8          7     "	1661	1996-10-29	"Tue"	"Evening"	"887"	8	8	7	23	"88"	"87"	16	15
"1660     Mon. Oct 28, 1996          9          5          3     "	1660	1996-10-28	"Mon"	"Midday"	"953"	9	5	3	17	"95"	"53"	14	8
"1659     Sun. Oct 27, 1996          3          5          1     "	1659	1996-10-27	"Sun"	"Evening"	"351"	3	5	1	9	"35"	"51"	8	6
"1658     Sat. Oct 26, 1996          9          0          2     "	1658	1996-10-26	"Sat"	"Midday"	"902"	9	0	2	11	"90"	"02"	9	2
"1657     Fri. Oct 25, 1996          2          0          4     "	1657	1996-10-25	"Fri"	"Evening"	"204"	2	0	4	6	"20"	"04"	2	4
"1656     Thu. Oct 24, 1996          1          3          1     "	1656	1996-10-24	"Thu"	"Midday"	"131"	1	3	1	5	"13"	"31"	4	4
"1655     Wed. Oct 23, 1996          6          9          3     "	1655	1996-10-23	"Wed"	"Evening"	"693"	6	9	3	18	"69"	"93"	15	12
"1654     Tue. Oct 22, 1996          2          8          6     "	1654	1996-10-22	"Tue"	"Midday"	"286"	2	8	6	16	"28"	"86"	10	14
"1653     Mon. Oct 21, 1996          9          0          5     "	1653	1996-10-21	"Mon"	"Evening"	"905"	9	0	5	14	"90"	"05"	9	5
"1652     Sun. Oct 20, 1996          8          2          9     "	1652	1996-10-20	"Sun"	"Midday"	"829"	8	2	9	19	"82"	"29"	10	11
"1651     Sat. Oct 19, 1996          7          4          5     "	1651	1996-10-19	"Sat"	"Evening"	"745"	7	4	5	16	"74"	"45"	11	9
"1650     Fri. Oct 18, 1996          0          2          0     "	1650	1996-10-18	"Fri"	"Midday"	"020"	0	2	0	2	"02"	"20"	2	2
"1649     Thu. Oct 17, 1996          9          0          3     "	1649	1996-10-17	"Thu"	"Evening"	"903"	9	0	3	12	"90"	"03"	9	3
"1648     Wed. Oct 16, 1996          0          0          9     "	1648	1996-10-16	"Wed"	"Midday"	"009"	0	0	9	9	"00"	"09"	0	9
"1647     Tue. Oct 15, 1996          9          4          2     "	1647	1996-10-15	"Tue"	"Evening"	"942"	9	4	2	15	"94"	"42"	13	6
"1646     Mon. Oct 14, 1996          1          4          5     "	1646	1996-10-14	"Mon"	"Midday"	"145"	1	4	5	10	"14"	"45"	5	9
"1645     Sun. Oct 13, 1996          6          6          1     "	1645	1996-10-13	"Sun"	"Evening"	"661"	6	6	1	13	"66"	"61"	12	7
"1644     Sat. Oct 12, 1996          3          5          8     "	1644	1996-10-12	"Sat"	"Midday"	"358"	3	5	8	16	"35"	"58"	8	13
"1643     Fri. Oct 11, 1996          3          8          7     "	1643	1996-10-11	"Fri"	"Evening"	"387"	3	8	7	18	"38"	"87"	11	15
"1642     Thu. Oct 10, 1996          7          2          4     "	1642	1996-10-10	"Thu"	"Midday"	"724"	7	2	4	13	"72"	"24"	9	6
"1641     Wed. Oct 09, 1996          3          4          2     "	1641	1996-10-09	"Wed"	"Evening"	"342"	3	4	2	9	"34"	"42"	7	6
"1640     Tue. Oct 08, 1996          2          1          7     "	1640	1996-10-08	"Tue"	"Midday"	"217"	2	1	7	10	"21"	"17"	3	8
"1639     Mon. Oct 07, 1996          6          9          5     "	1639	1996-10-07	"Mon"	"Evening"	"695"	6	9	5	20	"69"	"95"	15	14
"1638     Sun. Oct 06, 1996          5          3          9     "	1638	1996-10-06	"Sun"	"Midday"	"539"	5	3	9	17	"53"	"39"	8	12
"1637     Sat. Oct 05, 1996          3          1          6     "	1637	1996-10-05	"Sat"	"Evening"	"316"	3	1	6	10	"31"	"16"	4	7
"1636     Fri. Oct 04, 1996          0          6          5     "	1636	1996-10-04	"Fri"	"Midday"	"065"	0	6	5	11	"06"	"65"	6	11
"1635     Thu. Oct 03, 1996          4          8          7     "	1635	1996-10-03	"Thu"	"Evening"	"487"	4	8	7	19	"48"	"87"	12	15
"1634     Wed. Oct 02, 1996          0          5          6     "	1634	1996-10-02	"Wed"	"Midday"	"056"	0	5	6	11	"05"	"56"	5	11
"1633     Tue. Oct 01, 1996          9          5          0     "	1633	1996-10-01	"Tue"	"Evening"	"950"	9	5	0	14	"95"	"50"	14	5
"1632     Mon. Sep 30, 1996          3          8          3     "	1632	1996-09-30	"Mon"	"Midday"	"383"	3	8	3	14	"38"	"83"	11	11
"1631     Sun. Sep 29, 1996          0          5          5     "	1631	1996-09-29	"Sun"	"Evening"	"055"	0	5	5	10	"05"	"55"	5	10
"1630     Sat. Sep 28, 1996          3          5          6     "	1630	1996-09-28	"Sat"	"Midday"	"356"	3	5	6	14	"35"	"56"	8	11
"1629     Fri. Sep 27, 1996          8          6          3     "	1629	1996-09-27	"Fri"	"Evening"	"863"	8	6	3	17	"86"	"63"	14	9
"1628     Thu. Sep 26, 1996          1          7          8     "	1628	1996-09-26	"Thu"	"Midday"	"178"	1	7	8	16	"17"	"78"	8	15
"1627     Wed. Sep 25, 1996          5          3          0     "	1627	1996-09-25	"Wed"	"Evening"	"530"	5	3	0	8	"53"	"30"	8	3
"1626     Tue. Sep 24, 1996          7          4          3     "	1626	1996-09-24	"Tue"	"Midday"	"743"	7	4	3	14	"74"	"43"	11	7
"1625     Mon. Sep 23, 1996          0          1          5     "	1625	1996-09-23	"Mon"	"Evening"	"015"	0	1	5	6	"01"	"15"	1	6
"1624     Sun. Sep 22, 1996          4          8          3     "	1624	1996-09-22	"Sun"	"Midday"	"483"	4	8	3	15	"48"	"83"	12	11
"1623     Sat. Sep 21, 1996          1          3          4     "	1623	1996-09-21	"Sat"	"Evening"	"134"	1	3	4	8	"13"	"34"	4	7
"1622     Fri. Sep 20, 1996          4          6          0     "	1622	1996-09-20	"Fri"	"Midday"	"460"	4	6	0	10	"46"	"60"	10	6
"1621     Thu. Sep 19, 1996          0          8          5     "	1621	1996-09-19	"Thu"	"Evening"	"085"	0	8	5	13	"08"	"85"	8	13
"1620     Wed. Sep 18, 1996          7          1          0     "	1620	1996-09-18	"Wed"	"Midday"	"710"	7	1	0	8	"71"	"10"	8	1
"1619     Tue. Sep 17, 1996          5          8          5     "	1619	1996-09-17	"Tue"	"Evening"	"585"	5	8	5	18	"58"	"85"	13	13
"1618     Mon. Sep 16, 1996          6          9          3     "	1618	1996-09-16	"Mon"	"Midday"	"693"	6	9	3	18	"69"	"93"	15	12
"1617     Sun. Sep 15, 1996          9          3          2     "	1617	1996-09-15	"Sun"	"Evening"	"932"	9	3	2	14	"93"	"32"	12	5
"1616     Sat. Sep 14, 1996          0          9          9     "	1616	1996-09-14	"Sat"	"Midday"	"099"	0	9	9	18	"09"	"99"	9	18
"1615     Fri. Sep 13, 1996          5          2          4     "	1615	1996-09-13	"Fri"	"Evening"	"524"	5	2	4	11	"52"	"24"	7	6
"1614     Thu. Sep 12, 1996          8          2          3     "	1614	1996-09-12	"Thu"	"Midday"	"823"	8	2	3	13	"82"	"23"	10	5
"1613     Wed. Sep 11, 1996          9          0          2     "	1613	1996-09-11	"Wed"	"Evening"	"902"	9	0	2	11	"90"	"02"	9	2
"1612     Tue. Sep 10, 1996          4          9          0     "	1612	1996-09-10	"Tue"	"Midday"	"490"	4	9	0	13	"49"	"90"	13	9
"1611     Mon. Sep 09, 1996          2          6          0     "	1611	1996-09-09	"Mon"	"Evening"	"260"	2	6	0	8	"26"	"60"	8	6
"1610     Sun. Sep 08, 1996          3          0          5     "	1610	1996-09-08	"Sun"	"Midday"	"305"	3	0	5	8	"30"	"05"	3	5
"1609     Sat. Sep 07, 1996          5          3          9     "	1609	1996-09-07	"Sat"	"Evening"	"539"	5	3	9	17	"53"	"39"	8	12
"1608     Fri. Sep 06, 1996          1          6          9     "	1608	1996-09-06	"Fri"	"Midday"	"169"	1	6	9	16	"16"	"69"	7	15
"1607     Thu. Sep 05, 1996          9          9          2     "	1607	1996-09-05	"Thu"	"Evening"	"992"	9	9	2	20	"99"	"92"	18	11
"1606     Wed. Sep 04, 1996          5          0          1     "	1606	1996-09-04	"Wed"	"Midday"	"501"	5	0	1	6	"50"	"01"	5	1
"1605     Tue. Sep 03, 1996          5          5          1     "	1605	1996-09-03	"Tue"	"Evening"	"551"	5	5	1	11	"55"	"51"	10	6
"1604     Mon. Sep 02, 1996          5          0          1     "	1604	1996-09-02	"Mon"	"Midday"	"501"	5	0	1	6	"50"	"01"	5	1
"1603     Sun. Sep 01, 1996          3          7          1     "	1603	1996-09-01	"Sun"	"Evening"	"371"	3	7	1	11	"37"	"71"	10	8
"1602     Sat. Aug 31, 1996          1          2          8     "	1602	1996-08-31	"Sat"	"Midday"	"128"	1	2	8	11	"12"	"28"	3	10
"1601     Fri. Aug 30, 1996          4          4          3     "	1601	1996-08-30	"Fri"	"Evening"	"443"	4	4	3	11	"44"	"43"	8	7
"1600     Thu. Aug 29, 1996          3          4          1     "	1600	1996-08-29	"Thu"	"Midday"	"341"	3	4	1	8	"34"	"41"	7	5
"1599     Wed. Aug 28, 1996          2          8          4     "	1599	1996-08-28	"Wed"	"Evening"	"284"	2	8	4	14	"28"	"84"	10	12
"1598     Tue. Aug 27, 1996          0          3          2     "	1598	1996-08-27	"Tue"	"Midday"	"032"	0	3	2	5	"03"	"32"	3	5
"1597     Mon. Aug 26, 1996          8          6          7     "	1597	1996-08-26	"Mon"	"Evening"	"867"	8	6	7	21	"86"	"67"	14	13
"1596     Sun. Aug 25, 1996          2          5          8     "	1596	1996-08-25	"Sun"	"Midday"	"258"	2	5	8	15	"25"	"58"	7	13
"1595     Sat. Aug 24, 1996          0          5          8     "	1595	1996-08-24	"Sat"	"Evening"	"058"	0	5	8	13	"05"	"58"	5	13
"1594     Fri. Aug 23, 1996          5          2          4     "	1594	1996-08-23	"Fri"	"Midday"	"524"	5	2	4	11	"52"	"24"	7	6
"1593     Thu. Aug 22, 1996          0          6          3     "	1593	1996-08-22	"Thu"	"Evening"	"063"	0	6	3	9	"06"	"63"	6	9
"1592     Wed. Aug 21, 1996          6          4          8     "	1592	1996-08-21	"Wed"	"Midday"	"648"	6	4	8	18	"64"	"48"	10	12
"1591     Tue. Aug 20, 1996          7          3          9     "	1591	1996-08-20	"Tue"	"Evening"	"739"	7	3	9	19	"73"	"39"	10	12
"1590     Mon. Aug 19, 1996          1          2          6     "	1590	1996-08-19	"Mon"	"Midday"	"126"	1	2	6	9	"12"	"26"	3	8
"1589     Sun. Aug 18, 1996          8          6          8     "	1589	1996-08-18	"Sun"	"Evening"	"868"	8	6	8	22	"86"	"68"	14	14
"1588     Sat. Aug 17, 1996          6          7          3     "	1588	1996-08-17	"Sat"	"Midday"	"673"	6	7	3	16	"67"	"73"	13	10
"1587     Fri. Aug 16, 1996          5          9          5     "	1587	1996-08-16	"Fri"	"Evening"	"595"	5	9	5	19	"59"	"95"	14	14
"1586     Thu. Aug 15, 1996          9          8          3     "	1586	1996-08-15	"Thu"	"Midday"	"983"	9	8	3	20	"98"	"83"	17	11
"1585     Wed. Aug 14, 1996          5          4          7     "	1585	1996-08-14	"Wed"	"Evening"	"547"	5	4	7	16	"54"	"47"	9	11
"1584     Tue. Aug 13, 1996          8          6          0     "	1584	1996-08-13	"Tue"	"Midday"	"860"	8	6	0	14	"86"	"60"	14	6
"1583     Mon. Aug 12, 1996          5          3          9     "	1583	1996-08-12	"Mon"	"Evening"	"539"	5	3	9	17	"53"	"39"	8	12
"1582     Sun. Aug 11, 1996          5          5          7     "	1582	1996-08-11	"Sun"	"Midday"	"557"	5	5	7	17	"55"	"57"	10	12
"1581     Sat. Aug 10, 1996          7          6          5     "	1581	1996-08-10	"Sat"	"Evening"	"765"	7	6	5	18	"76"	"65"	13	11
"1580     Fri. Aug 09, 1996          4          8          4     "	1580	1996-08-09	"Fri"	"Midday"	"484"	4	8	4	16	"48"	"84"	12	12
"1579     Thu. Aug 08, 1996          3          8          6     "	1579	1996-08-08	"Thu"	"Evening"	"386"	3	8	6	17	"38"	"86"	11	14
"1578     Wed. Aug 07, 1996          2          6          1     "	1578	1996-08-07	"Wed"	"Midday"	"261"	2	6	1	9	"26"	"61"	8	7
"1577     Tue. Aug 06, 1996          3          4          8     "	1577	1996-08-06	"Tue"	"Evening"	"348"	3	4	8	15	"34"	"48"	7	12
"1576     Mon. Aug 05, 1996          4          2          6     "	1576	1996-08-05	"Mon"	"Midday"	"426"	4	2	6	12	"42"	"26"	6	8
"1575     Sun. Aug 04, 1996          4          8          5     "	1575	1996-08-04	"Sun"	"Evening"	"485"	4	8	5	17	"48"	"85"	12	13
"1574     Sat. Aug 03, 1996          3          1          1     "	1574	1996-08-03	"Sat"	"Midday"	"311"	3	1	1	5	"31"	"11"	4	2
"1573     Fri. Aug 02, 1996          7          5          2     "	1573	1996-08-02	"Fri"	"Evening"	"752"	7	5	2	14	"75"	"52"	12	7
"1572     Thu. Aug 01, 1996          9          3          1     "	1572	1996-08-01	"Thu"	"Midday"	"931"	9	3	1	13	"93"	"31"	12	4
"1571     Wed. Jul 31, 1996          7          6          7     "	1571	1996-07-31	"Wed"	"Evening"	"767"	7	6	7	20	"76"	"67"	13	13
"1570     Tue. Jul 30, 1996          7          8          3     "	1570	1996-07-30	"Tue"	"Midday"	"783"	7	8	3	18	"78"	"83"	15	11
"1569     Mon. Jul 29, 1996          5          9          3     "	1569	1996-07-29	"Mon"	"Evening"	"593"	5	9	3	17	"59"	"93"	14	12
"1568     Sun. Jul 28, 1996          7          7          3     "	1568	1996-07-28	"Sun"	"Midday"	"773"	7	7	3	17	"77"	"73"	14	10
"1567     Sat. Jul 27, 1996          1          4          8     "	1567	1996-07-27	"Sat"	"Evening"	"148"	1	4	8	13	"14"	"48"	5	12
"1566     Fri. Jul 26, 1996          4          8          6     "	1566	1996-07-26	"Fri"	"Midday"	"486"	4	8	6	18	"48"	"86"	12	14
"1565     Thu. Jul 25, 1996          9          9          1     "	1565	1996-07-25	"Thu"	"Evening"	"991"	9	9	1	19	"99"	"91"	18	10
"1564     Wed. Jul 24, 1996          2          4          4     "	1564	1996-07-24	"Wed"	"Midday"	"244"	2	4	4	10	"24"	"44"	6	8
"1563     Tue. Jul 23, 1996          7          5          1     "	1563	1996-07-23	"Tue"	"Evening"	"751"	7	5	1	13	"75"	"51"	12	6
"1562     Mon. Jul 22, 1996          1          9          9     "	1562	1996-07-22	"Mon"	"Midday"	"199"	1	9	9	19	"19"	"99"	10	18
"1561     Sun. Jul 21, 1996          7          9          2     "	1561	1996-07-21	"Sun"	"Evening"	"792"	7	9	2	18	"79"	"92"	16	11
"1560     Sat. Jul 20, 1996          5          7          2     "	1560	1996-07-20	"Sat"	"Midday"	"572"	5	7	2	14	"57"	"72"	12	9
"1559     Fri. Jul 19, 1996          3          9          0     "	1559	1996-07-19	"Fri"	"Evening"	"390"	3	9	0	12	"39"	"90"	12	9
"1558     Thu. Jul 18, 1996          9          6          4     "	1558	1996-07-18	"Thu"	"Midday"	"964"	9	6	4	19	"96"	"64"	15	10
"1557     Wed. Jul 17, 1996          9          5          0     "	1557	1996-07-17	"Wed"	"Evening"	"950"	9	5	0	14	"95"	"50"	14	5
"1556     Tue. Jul 16, 1996          7          0          8     "	1556	1996-07-16	"Tue"	"Midday"	"708"	7	0	8	15	"70"	"08"	7	8
"1555     Mon. Jul 15, 1996          7          6          8     "	1555	1996-07-15	"Mon"	"Evening"	"768"	7	6	8	21	"76"	"68"	13	14
"1554     Sun. Jul 14, 1996          2          5          1     "	1554	1996-07-14	"Sun"	"Midday"	"251"	2	5	1	8	"25"	"51"	7	6
"1553     Sat. Jul 13, 1996          3          6          0     "	1553	1996-07-13	"Sat"	"Evening"	"360"	3	6	0	9	"36"	"60"	9	6
"1552     Fri. Jul 12, 1996          4          3          6     "	1552	1996-07-12	"Fri"	"Midday"	"436"	4	3	6	13	"43"	"36"	7	9
"1551     Thu. Jul 11, 1996          8          1          8     "	1551	1996-07-11	"Thu"	"Evening"	"818"	8	1	8	17	"81"	"18"	9	9
"1550     Wed. Jul 10, 1996          4          9          2     "	1550	1996-07-10	"Wed"	"Midday"	"492"	4	9	2	15	"49"	"92"	13	11
"1549     Tue. Jul 09, 1996          9          5          5     "	1549	1996-07-09	"Tue"	"Evening"	"955"	9	5	5	19	"95"	"55"	14	10
"1548     Mon. Jul 08, 1996          9          1          6     "	1548	1996-07-08	"Mon"	"Midday"	"916"	9	1	6	16	"91"	"16"	10	7
"1547     Sun. Jul 07, 1996          7          7          1     "	1547	1996-07-07	"Sun"	"Evening"	"771"	7	7	1	15	"77"	"71"	14	8
"1546     Sat. Jul 06, 1996          0          2          0     "	1546	1996-07-06	"Sat"	"Midday"	"020"	0	2	0	2	"02"	"20"	2	2
"1545     Fri. Jul 05, 1996          2          3          6     "	1545	1996-07-05	"Fri"	"Evening"	"236"	2	3	6	11	"23"	"36"	5	9
"1544     Thu. Jul 04, 1996          6          9          8     "	1544	1996-07-04	"Thu"	"Midday"	"698"	6	9	8	23	"69"	"98"	15	17
"1543     Wed. Jul 03, 1996          9          6          2     "	1543	1996-07-03	"Wed"	"Evening"	"962"	9	6	2	17	"96"	"62"	15	8
"1542     Tue. Jul 02, 1996          5          2          2     "	1542	1996-07-02	"Tue"	"Midday"	"522"	5	2	2	9	"52"	"22"	7	4
"1541     Mon. Jul 01, 1996          8          7          1     "	1541	1996-07-01	"Mon"	"Evening"	"871"	8	7	1	16	"87"	"71"	15	8
"1540     Sun. Jun 30, 1996          2          5          5     "	1540	1996-06-30	"Sun"	"Midday"	"255"	2	5	5	12	"25"	"55"	7	10
"1539     Sat. Jun 29, 1996          7          8          2     "	1539	1996-06-29	"Sat"	"Evening"	"782"	7	8	2	17	"78"	"82"	15	10
"1538     Fri. Jun 28, 1996          1          8          3     "	1538	1996-06-28	"Fri"	"Midday"	"183"	1	8	3	12	"18"	"83"	9	11
"1537     Thu. Jun 27, 1996          6          0          5     "	1537	1996-06-27	"Thu"	"Evening"	"605"	6	0	5	11	"60"	"05"	6	5
"1536     Wed. Jun 26, 1996          4          5          1     "	1536	1996-06-26	"Wed"	"Midday"	"451"	4	5	1	10	"45"	"51"	9	6
"1535     Tue. Jun 25, 1996          0          4          5     "	1535	1996-06-25	"Tue"	"Evening"	"045"	0	4	5	9	"04"	"45"	4	9
"1534     Mon. Jun 24, 1996          3          1          4     "	1534	1996-06-24	"Mon"	"Midday"	"314"	3	1	4	8	"31"	"14"	4	5
"1533     Sun. Jun 23, 1996          3          3          8     "	1533	1996-06-23	"Sun"	"Evening"	"338"	3	3	8	14	"33"	"38"	6	11
"1532     Sat. Jun 22, 1996          5          0          0     "	1532	1996-06-22	"Sat"	"Midday"	"500"	5	0	0	5	"50"	"00"	5	0
"1531     Fri. Jun 21, 1996          1          1          0     "	1531	1996-06-21	"Fri"	"Evening"	"110"	1	1	0	2	"11"	"10"	2	1
"1530     Thu. Jun 20, 1996          5          2          4     "	1530	1996-06-20	"Thu"	"Midday"	"524"	5	2	4	11	"52"	"24"	7	6
"1529     Wed. Jun 19, 1996          3          1          8     "	1529	1996-06-19	"Wed"	"Evening"	"318"	3	1	8	12	"31"	"18"	4	9
"1528     Tue. Jun 18, 1996          8          5          1     "	1528	1996-06-18	"Tue"	"Midday"	"851"	8	5	1	14	"85"	"51"	13	6
"1527     Mon. Jun 17, 1996          8          6          4     "	1527	1996-06-17	"Mon"	"Evening"	"864"	8	6	4	18	"86"	"64"	14	10
"1526     Sun. Jun 16, 1996          5          3          2     "	1526	1996-06-16	"Sun"	"Midday"	"532"	5	3	2	10	"53"	"32"	8	5
"1525     Sat. Jun 15, 1996          5          0          3     "	1525	1996-06-15	"Sat"	"Evening"	"503"	5	0	3	8	"50"	"03"	5	3
"1524     Fri. Jun 14, 1996          6          5          7     "	1524	1996-06-14	"Fri"	"Midday"	"657"	6	5	7	18	"65"	"57"	11	12
"1523     Thu. Jun 13, 1996          9          3          4     "	1523	1996-06-13	"Thu"	"Evening"	"934"	9	3	4	16	"93"	"34"	12	7
"1522     Wed. Jun 12, 1996          1          3          6     "	1522	1996-06-12	"Wed"	"Midday"	"136"	1	3	6	10	"13"	"36"	4	9
"1521     Tue. Jun 11, 1996          6          4          0     "	1521	1996-06-11	"Tue"	"Evening"	"640"	6	4	0	10	"64"	"40"	10	4
"1520     Mon. Jun 10, 1996          7          0          4     "	1520	1996-06-10	"Mon"	"Midday"	"704"	7	0	4	11	"70"	"04"	7	4
"1519     Sun. Jun 09, 1996          9          5          4     "	1519	1996-06-09	"Sun"	"Evening"	"954"	9	5	4	18	"95"	"54"	14	9
"1518     Sat. Jun 08, 1996          3          9          0     "	1518	1996-06-08	"Sat"	"Midday"	"390"	3	9	0	12	"39"	"90"	12	9
"1517     Fri. Jun 07, 1996          3          5          5     "	1517	1996-06-07	"Fri"	"Evening"	"355"	3	5	5	13	"35"	"55"	8	10
"1516     Thu. Jun 06, 1996          4          7          5     "	1516	1996-06-06	"Thu"	"Midday"	"475"	4	7	5	16	"47"	"75"	11	12
"1515     Wed. Jun 05, 1996          6          6          6     "	1515	1996-06-05	"Wed"	"Evening"	"666"	6	6	6	18	"66"	"66"	12	12
"1514     Tue. Jun 04, 1996          3          0          2     "	1514	1996-06-04	"Tue"	"Midday"	"302"	3	0	2	5	"30"	"02"	3	2
"1513     Mon. Jun 03, 1996          4          3          9     "	1513	1996-06-03	"Mon"	"Evening"	"439"	4	3	9	16	"43"	"39"	7	12
"1512     Sun. Jun 02, 1996          0          3          9     "	1512	1996-06-02	"Sun"	"Midday"	"039"	0	3	9	12	"03"	"39"	3	12
"1511     Sat. Jun 01, 1996          8          1          9     "	1511	1996-06-01	"Sat"	"Evening"	"819"	8	1	9	18	"81"	"19"	9	10
"1510     Fri. May 31, 1996          3          9          5     "	1510	1996-05-31	"Fri"	"Midday"	"395"	3	9	5	17	"39"	"95"	12	14
"1509     Thu. May 30, 1996          5          8          1     "	1509	1996-05-30	"Thu"	"Evening"	"581"	5	8	1	14	"58"	"81"	13	9
"1508     Wed. May 29, 1996          4          5          2     "	1508	1996-05-29	"Wed"	"Midday"	"452"	4	5	2	11	"45"	"52"	9	7
"1507     Tue. May 28, 1996          7          3          8     "	1507	1996-05-28	"Tue"	"Evening"	"738"	7	3	8	18	"73"	"38"	10	11
"1506     Mon. May 27, 1996          1          7          3     "	1506	1996-05-27	"Mon"	"Midday"	"173"	1	7	3	11	"17"	"73"	8	10
"1505     Sun. May 26, 1996          4          6          3     "	1505	1996-05-26	"Sun"	"Evening"	"463"	4	6	3	13	"46"	"63"	10	9
"1504     Sat. May 25, 1996          9          1          6     "	1504	1996-05-25	"Sat"	"Midday"	"916"	9	1	6	16	"91"	"16"	10	7
"1503     Fri. May 24, 1996          3          4          4     "	1503	1996-05-24	"Fri"	"Evening"	"344"	3	4	4	11	"34"	"44"	7	8
"1502     Thu. May 23, 1996          1          6          2     "	1502	1996-05-23	"Thu"	"Midday"	"162"	1	6	2	9	"16"	"62"	7	8
"1501     Wed. May 22, 1996          9          6          8     "	1501	1996-05-22	"Wed"	"Evening"	"968"	9	6	8	23	"96"	"68"	15	14
"1500     Tue. May 21, 1996          5          9          8     "	1500	1996-05-21	"Tue"	"Midday"	"598"	5	9	8	22	"59"	"98"	14	17
"1499     Mon. May 20, 1996          7          7          2     "	1499	1996-05-20	"Mon"	"Evening"	"772"	7	7	2	16	"77"	"72"	14	9
"1498     Sun. May 19, 1996          1          7          7     "	1498	1996-05-19	"Sun"	"Midday"	"177"	1	7	7	15	"17"	"77"	8	14
"1497     Sat. May 18, 1996          6          0          7     "	1497	1996-05-18	"Sat"	"Evening"	"607"	6	0	7	13	"60"	"07"	6	7
"1496     Fri. May 17, 1996          2          9          8     "	1496	1996-05-17	"Fri"	"Midday"	"298"	2	9	8	19	"29"	"98"	11	17
"1495     Thu. May 16, 1996          1          1          6     "	1495	1996-05-16	"Thu"	"Evening"	"116"	1	1	6	8	"11"	"16"	2	7
"1494     Wed. May 15, 1996          1          4          6     "	1494	1996-05-15	"Wed"	"Midday"	"146"	1	4	6	11	"14"	"46"	5	10
"1493     Tue. May 14, 1996          2          1          1     "	1493	1996-05-14	"Tue"	"Evening"	"211"	2	1	1	4	"21"	"11"	3	2
"1492     Mon. May 13, 1996          4          7          4     "	1492	1996-05-13	"Mon"	"Midday"	"474"	4	7	4	15	"47"	"74"	11	11
"1491     Sun. May 12, 1996          9          1          1     "	1491	1996-05-12	"Sun"	"Evening"	"911"	9	1	1	11	"91"	"11"	10	2
"1490     Sat. May 11, 1996          4          1          5     "	1490	1996-05-11	"Sat"	"Midday"	"415"	4	1	5	10	"41"	"15"	5	6
"1489     Fri. May 10, 1996          1          9          0     "	1489	1996-05-10	"Fri"	"Evening"	"190"	1	9	0	10	"19"	"90"	10	9
"1488     Thu. May 09, 1996          9          7          4     "	1488	1996-05-09	"Thu"	"Midday"	"974"	9	7	4	20	"97"	"74"	16	11
"1487     Wed. May 08, 1996          4          3          1     "	1487	1996-05-08	"Wed"	"Evening"	"431"	4	3	1	8	"43"	"31"	7	4
"1486     Tue. May 07, 1996          5          2          2     "	1486	1996-05-07	"Tue"	"Midday"	"522"	5	2	2	9	"52"	"22"	7	4
"1485     Mon. May 06, 1996          8          1          8     "	1485	1996-05-06	"Mon"	"Evening"	"818"	8	1	8	17	"81"	"18"	9	9
"1484     Sun. May 05, 1996          9          7          6     "	1484	1996-05-05	"Sun"	"Midday"	"976"	9	7	6	22	"97"	"76"	16	13
"1483     Sat. May 04, 1996          8          4          1     "	1483	1996-05-04	"Sat"	"Evening"	"841"	8	4	1	13	"84"	"41"	12	5
"1482     Fri. May 03, 1996          7          0          5     "	1482	1996-05-03	"Fri"	"Midday"	"705"	7	0	5	12	"70"	"05"	7	5
"1481     Thu. May 02, 1996          5          1          1     "	1481	1996-05-02	"Thu"	"Evening"	"511"	5	1	1	7	"51"	"11"	6	2
"1480     Wed. May 01, 1996          8          6          5     "	1480	1996-05-01	"Wed"	"Midday"	"865"	8	6	5	19	"86"	"65"	14	11
"1479     Tue. Apr 30, 1996          9          2          3     "	1479	1996-04-30	"Tue"	"Evening"	"923"	9	2	3	14	"92"	"23"	11	5
"1478     Mon. Apr 29, 1996          9          2          5     "	1478	1996-04-29	"Mon"	"Midday"	"925"	9	2	5	16	"92"	"25"	11	7
"1477     Sun. Apr 28, 1996          4          0          7     "	1477	1996-04-28	"Sun"	"Evening"	"407"	4	0	7	11	"40"	"07"	4	7
"1476     Sat. Apr 27, 1996          5          2          1     "	1476	1996-04-27	"Sat"	"Midday"	"521"	5	2	1	8	"52"	"21"	7	3
"1475     Fri. Apr 26, 1996          3          2          9     "	1475	1996-04-26	"Fri"	"Evening"	"329"	3	2	9	14	"32"	"29"	5	11
"1474     Thu. Apr 25, 1996          3          6          3     "	1474	1996-04-25	"Thu"	"Midday"	"363"	3	6	3	12	"36"	"63"	9	9
"1473     Wed. Apr 24, 1996          6          6          6     "	1473	1996-04-24	"Wed"	"Evening"	"666"	6	6	6	18	"66"	"66"	12	12
"1472     Tue. Apr 23, 1996          7          8          9     "	1472	1996-04-23	"Tue"	"Midday"	"789"	7	8	9	24	"78"	"89"	15	17
"1471     Mon. Apr 22, 1996          0          8          1     "	1471	1996-04-22	"Mon"	"Evening"	"081"	0	8	1	9	"08"	"81"	8	9
"1470     Sun. Apr 21, 1996          0          2          6     "	1470	1996-04-21	"Sun"	"Midday"	"026"	0	2	6	8	"02"	"26"	2	8
"1469     Sat. Apr 20, 1996          4          5          1     "	1469	1996-04-20	"Sat"	"Evening"	"451"	4	5	1	10	"45"	"51"	9	6
"1468     Fri. Apr 19, 1996          4          9          7     "	1468	1996-04-19	"Fri"	"Midday"	"497"	4	9	7	20	"49"	"97"	13	16
"1467     Thu. Apr 18, 1996          5          4          0     "	1467	1996-04-18	"Thu"	"Evening"	"540"	5	4	0	9	"54"	"40"	9	4
"1466     Wed. Apr 17, 1996          2          6          3     "	1466	1996-04-17	"Wed"	"Midday"	"263"	2	6	3	11	"26"	"63"	8	9
"1465     Tue. Apr 16, 1996          9          5          4     "	1465	1996-04-16	"Tue"	"Evening"	"954"	9	5	4	18	"95"	"54"	14	9
"1464     Mon. Apr 15, 1996          3          6          6     "	1464	1996-04-15	"Mon"	"Midday"	"366"	3	6	6	15	"36"	"66"	9	12
"1463     Sun. Apr 14, 1996          4          1          7     "	1463	1996-04-14	"Sun"	"Evening"	"417"	4	1	7	12	"41"	"17"	5	8
"1462     Sat. Apr 13, 1996          5          9          3     "	1462	1996-04-13	"Sat"	"Midday"	"593"	5	9	3	17	"59"	"93"	14	12
"1461     Fri. Apr 12, 1996          2          9          9     "	1461	1996-04-12	"Fri"	"Evening"	"299"	2	9	9	20	"29"	"99"	11	18
"1460     Thu. Apr 11, 1996          5          6          5     "	1460	1996-04-11	"Thu"	"Midday"	"565"	5	6	5	16	"56"	"65"	11	11
"1459     Wed. Apr 10, 1996          0          6          7     "	1459	1996-04-10	"Wed"	"Evening"	"067"	0	6	7	13	"06"	"67"	6	13
"1458     Tue. Apr 09, 1996          2          9          3     "	1458	1996-04-09	"Tue"	"Midday"	"293"	2	9	3	14	"29"	"93"	11	12
"1457     Mon. Apr 08, 1996          5          7          1     "	1457	1996-04-08	"Mon"	"Evening"	"571"	5	7	1	13	"57"	"71"	12	8
"1456     Sun. Apr 07, 1996          9          3          6     "	1456	1996-04-07	"Sun"	"Midday"	"936"	9	3	6	18	"93"	"36"	12	9
"1455     Sat. Apr 06, 1996          1          6          7     "	1455	1996-04-06	"Sat"	"Evening"	"167"	1	6	7	14	"16"	"67"	7	13
"1454     Fri. Apr 05, 1996          0          5          8     "	1454	1996-04-05	"Fri"	"Midday"	"058"	0	5	8	13	"05"	"58"	5	13
"1453     Thu. Apr 04, 1996          2          6          4     "	1453	1996-04-04	"Thu"	"Evening"	"264"	2	6	4	12	"26"	"64"	8	10
"1452     Wed. Apr 03, 1996          7          6          1     "	1452	1996-04-03	"Wed"	"Midday"	"761"	7	6	1	14	"76"	"61"	13	7
"1451     Tue. Apr 02, 1996          1          6          6     "	1451	1996-04-02	"Tue"	"Evening"	"166"	1	6	6	13	"16"	"66"	7	12
"1450     Mon. Apr 01, 1996          0          9          8     "	1450	1996-04-01	"Mon"	"Midday"	"098"	0	9	8	17	"09"	"98"	9	17
"1449     Sun. Mar 31, 1996          6          2          1     "	1449	1996-03-31	"Sun"	"Evening"	"621"	6	2	1	9	"62"	"21"	8	3
"1448     Sat. Mar 30, 1996          1          1          2     "	1448	1996-03-30	"Sat"	"Midday"	"112"	1	1	2	4	"11"	"12"	2	3
"1447     Fri. Mar 29, 1996          6          9          0     "	1447	1996-03-29	"Fri"	"Evening"	"690"	6	9	0	15	"69"	"90"	15	9
"1446     Thu. Mar 28, 1996          6          2          1     "	1446	1996-03-28	"Thu"	"Midday"	"621"	6	2	1	9	"62"	"21"	8	3
"1445     Wed. Mar 27, 1996          9          4          8     "	1445	1996-03-27	"Wed"	"Evening"	"948"	9	4	8	21	"94"	"48"	13	12
"1444     Tue. Mar 26, 1996          2          3          9     "	1444	1996-03-26	"Tue"	"Midday"	"239"	2	3	9	14	"23"	"39"	5	12
"1443     Mon. Mar 25, 1996          5          3          1     "	1443	1996-03-25	"Mon"	"Evening"	"531"	5	3	1	9	"53"	"31"	8	4
"1442     Sun. Mar 24, 1996          9          2          6     "	1442	1996-03-24	"Sun"	"Midday"	"926"	9	2	6	17	"92"	"26"	11	8
"1441     Sat. Mar 23, 1996          2          1          2     "	1441	1996-03-23	"Sat"	"Evening"	"212"	2	1	2	5	"21"	"12"	3	3
"1440     Fri. Mar 22, 1996          4          9          3     "	1440	1996-03-22	"Fri"	"Midday"	"493"	4	9	3	16	"49"	"93"	13	12
"1439     Thu. Mar 21, 1996          0          4          4     "	1439	1996-03-21	"Thu"	"Evening"	"044"	0	4	4	8	"04"	"44"	4	8
"1438     Wed. Mar 20, 1996          4          3          5     "	1438	1996-03-20	"Wed"	"Midday"	"435"	4	3	5	12	"43"	"35"	7	8
"1437     Tue. Mar 19, 1996          5          2          5     "	1437	1996-03-19	"Tue"	"Evening"	"525"	5	2	5	12	"52"	"25"	7	7
"1436     Mon. Mar 18, 1996          8          9          1     "	1436	1996-03-18	"Mon"	"Midday"	"891"	8	9	1	18	"89"	"91"	17	10
"1435     Sun. Mar 17, 1996          5          1          0     "	1435	1996-03-17	"Sun"	"Evening"	"510"	5	1	0	6	"51"	"10"	6	1
"1434     Sat. Mar 16, 1996          4          4          7     "	1434	1996-03-16	"Sat"	"Midday"	"447"	4	4	7	15	"44"	"47"	8	11
"1433     Fri. Mar 15, 1996          7          6          3     "	1433	1996-03-15	"Fri"	"Evening"	"763"	7	6	3	16	"76"	"63"	13	9
"1432     Thu. Mar 14, 1996          6          3          1     "	1432	1996-03-14	"Thu"	"Midday"	"631"	6	3	1	10	"63"	"31"	9	4
"1431     Wed. Mar 13, 1996          1          1          7     "	1431	1996-03-13	"Wed"	"Evening"	"117"	1	1	7	9	"11"	"17"	2	8
"1430     Tue. Mar 12, 1996          1          6          1     "	1430	1996-03-12	"Tue"	"Midday"	"161"	1	6	1	8	"16"	"61"	7	7
"1429     Mon. Mar 11, 1996          5          2          1     "	1429	1996-03-11	"Mon"	"Evening"	"521"	5	2	1	8	"52"	"21"	7	3
"1428     Sun. Mar 10, 1996          4          2          7     "	1428	1996-03-10	"Sun"	"Midday"	"427"	4	2	7	13	"42"	"27"	6	9
"1427     Sat. Mar 09, 1996          3          3          1     "	1427	1996-03-09	"Sat"	"Evening"	"331"	3	3	1	7	"33"	"31"	6	4
"1426     Fri. Mar 08, 1996          5          4          9     "	1426	1996-03-08	"Fri"	"Midday"	"549"	5	4	9	18	"54"	"49"	9	13
"1425     Thu. Mar 07, 1996          4          7          5     "	1425	1996-03-07	"Thu"	"Evening"	"475"	4	7	5	16	"47"	"75"	11	12
"1424     Wed. Mar 06, 1996          6          8          6     "	1424	1996-03-06	"Wed"	"Midday"	"686"	6	8	6	20	"68"	"86"	14	14
"1423     Tue. Mar 05, 1996          5          9          5     "	1423	1996-03-05	"Tue"	"Evening"	"595"	5	9	5	19	"59"	"95"	14	14
"1422     Mon. Mar 04, 1996          2          9          7     "	1422	1996-03-04	"Mon"	"Midday"	"297"	2	9	7	18	"29"	"97"	11	16
"1421     Sun. Mar 03, 1996          2          6          3     "	1421	1996-03-03	"Sun"	"Evening"	"263"	2	6	3	11	"26"	"63"	8	9
"1420     Sat. Mar 02, 1996          1          9          5     "	1420	1996-03-02	"Sat"	"Midday"	"195"	1	9	5	15	"19"	"95"	10	14
"1419     Fri. Mar 01, 1996          9          1          0     "	1419	1996-03-01	"Fri"	"Evening"	"910"	9	1	0	10	"91"	"10"	10	1
"1418     Thu. Feb 29, 1996          5          9          5     "	1418	1996-02-29	"Thu"	"Midday"	"595"	5	9	5	19	"59"	"95"	14	14
"1417     Wed. Feb 28, 1996          6          5          1     "	1417	1996-02-28	"Wed"	"Evening"	"651"	6	5	1	12	"65"	"51"	11	6
"1416     Tue. Feb 27, 1996          5          1          0     "	1416	1996-02-27	"Tue"	"Midday"	"510"	5	1	0	6	"51"	"10"	6	1
"1415     Mon. Feb 26, 1996          2          5          5     "	1415	1996-02-26	"Mon"	"Evening"	"255"	2	5	5	12	"25"	"55"	7	10
"1414     Sun. Feb 25, 1996          7          4          2     "	1414	1996-02-25	"Sun"	"Midday"	"742"	7	4	2	13	"74"	"42"	11	6
"1413     Sat. Feb 24, 1996          7          8          5     "	1413	1996-02-24	"Sat"	"Evening"	"785"	7	8	5	20	"78"	"85"	15	13
"1412     Fri. Feb 23, 1996          4          9          4     "	1412	1996-02-23	"Fri"	"Midday"	"494"	4	9	4	17	"49"	"94"	13	13
"1411     Thu. Feb 22, 1996          3          3          5     "	1411	1996-02-22	"Thu"	"Evening"	"335"	3	3	5	11	"33"	"35"	6	8
"1410     Wed. Feb 21, 1996          3          4          3     "	1410	1996-02-21	"Wed"	"Midday"	"343"	3	4	3	10	"34"	"43"	7	7
"1409     Tue. Feb 20, 1996          6          3          9     "	1409	1996-02-20	"Tue"	"Evening"	"639"	6	3	9	18	"63"	"39"	9	12
"1408     Mon. Feb 19, 1996          9          3          2     "	1408	1996-02-19	"Mon"	"Midday"	"932"	9	3	2	14	"93"	"32"	12	5
"1407     Sun. Feb 18, 1996          9          3          1     "	1407	1996-02-18	"Sun"	"Evening"	"931"	9	3	1	13	"93"	"31"	12	4
"1406     Sat. Feb 17, 1996          7          8          3     "	1406	1996-02-17	"Sat"	"Midday"	"783"	7	8	3	18	"78"	"83"	15	11
"1405     Fri. Feb 16, 1996          5          0          9     "	1405	1996-02-16	"Fri"	"Evening"	"509"	5	0	9	14	"50"	"09"	5	9
"1404     Thu. Feb 15, 1996          8          8          2     "	1404	1996-02-15	"Thu"	"Midday"	"882"	8	8	2	18	"88"	"82"	16	10
"1403     Wed. Feb 14, 1996          7          3          9     "	1403	1996-02-14	"Wed"	"Evening"	"739"	7	3	9	19	"73"	"39"	10	12
"1402     Tue. Feb 13, 1996          1          0          5     "	1402	1996-02-13	"Tue"	"Midday"	"105"	1	0	5	6	"10"	"05"	1	5
"1401     Mon. Feb 12, 1996          4          1          5     "	1401	1996-02-12	"Mon"	"Evening"	"415"	4	1	5	10	"41"	"15"	5	6
"1400     Sun. Feb 11, 1996          7          0          7     "	1400	1996-02-11	"Sun"	"Midday"	"707"	7	0	7	14	"70"	"07"	7	7
"1399     Sat. Feb 10, 1996          2          7          2     "	1399	1996-02-10	"Sat"	"Evening"	"272"	2	7	2	11	"27"	"72"	9	9
"1398     Fri. Feb 09, 1996          2          4          5     "	1398	1996-02-09	"Fri"	"Midday"	"245"	2	4	5	11	"24"	"45"	6	9
"1397     Thu. Feb 08, 1996          3          7          8     "	1397	1996-02-08	"Thu"	"Evening"	"378"	3	7	8	18	"37"	"78"	10	15
"1396     Wed. Feb 07, 1996          5          9          0     "	1396	1996-02-07	"Wed"	"Midday"	"590"	5	9	0	14	"59"	"90"	14	9
"1395     Tue. Feb 06, 1996          1          9          8     "	1395	1996-02-06	"Tue"	"Evening"	"198"	1	9	8	18	"19"	"98"	10	17
"1394     Mon. Feb 05, 1996          2          9          4     "	1394	1996-02-05	"Mon"	"Midday"	"294"	2	9	4	15	"29"	"94"	11	13
"1393     Sun. Feb 04, 1996          7          9          7     "	1393	1996-02-04	"Sun"	"Evening"	"797"	7	9	7	23	"79"	"97"	16	16
"1392     Sat. Feb 03, 1996          0          5          6     "	1392	1996-02-03	"Sat"	"Midday"	"056"	0	5	6	11	"05"	"56"	5	11
"1391     Fri. Feb 02, 1996          9          6          5     "	1391	1996-02-02	"Fri"	"Evening"	"965"	9	6	5	20	"96"	"65"	15	11
"1390     Thu. Feb 01, 1996          9          5          9     "	1390	1996-02-01	"Thu"	"Midday"	"959"	9	5	9	23	"95"	"59"	14	14
"1389     Wed. Jan 31, 1996          7          0          0     "	1389	1996-01-31	"Wed"	"Evening"	"700"	7	0	0	7	"70"	"00"	7	0
"1388     Tue. Jan 30, 1996          3          2          3     "	1388	1996-01-30	"Tue"	"Midday"	"323"	3	2	3	8	"32"	"23"	5	5
"1387     Mon. Jan 29, 1996          2          8          6     "	1387	1996-01-29	"Mon"	"Evening"	"286"	2	8	6	16	"28"	"86"	10	14
"1386     Sun. Jan 28, 1996          0          1          6     "	1386	1996-01-28	"Sun"	"Midday"	"016"	0	1	6	7	"01"	"16"	1	7
"1385     Sat. Jan 27, 1996          9          4          4     "	1385	1996-01-27	"Sat"	"Evening"	"944"	9	4	4	17	"94"	"44"	13	8
"1384     Fri. Jan 26, 1996          7          7          2     "	1384	1996-01-26	"Fri"	"Midday"	"772"	7	7	2	16	"77"	"72"	14	9
"1383     Thu. Jan 25, 1996          5          8          0     "	1383	1996-01-25	"Thu"	"Evening"	"580"	5	8	0	13	"58"	"80"	13	8
"1382     Wed. Jan 24, 1996          0          7          2     "	1382	1996-01-24	"Wed"	"Midday"	"072"	0	7	2	9	"07"	"72"	7	9
"1381     Tue. Jan 23, 1996          6          2          6     "	1381	1996-01-23	"Tue"	"Evening"	"626"	6	2	6	14	"62"	"26"	8	8
"1380     Mon. Jan 22, 1996          9          1          4     "	1380	1996-01-22	"Mon"	"Midday"	"914"	9	1	4	14	"91"	"14"	10	5
"1379     Sun. Jan 21, 1996          9          2          3     "	1379	1996-01-21	"Sun"	"Evening"	"923"	9	2	3	14	"92"	"23"	11	5
"1378     Sat. Jan 20, 1996          7          4          5     "	1378	1996-01-20	"Sat"	"Midday"	"745"	7	4	5	16	"74"	"45"	11	9
"1377     Fri. Jan 19, 1996          5          1          1     "	1377	1996-01-19	"Fri"	"Evening"	"511"	5	1	1	7	"51"	"11"	6	2
"1376     Thu. Jan 18, 1996          0          1          4     "	1376	1996-01-18	"Thu"	"Midday"	"014"	0	1	4	5	"01"	"14"	1	5
"1375     Wed. Jan 17, 1996          1          8          3     "	1375	1996-01-17	"Wed"	"Evening"	"183"	1	8	3	12	"18"	"83"	9	11
"1374     Tue. Jan 16, 1996          6          4          2     "	1374	1996-01-16	"Tue"	"Midday"	"642"	6	4	2	12	"64"	"42"	10	6
"1373     Mon. Jan 15, 1996          0          9          0     "	1373	1996-01-15	"Mon"	"Evening"	"090"	0	9	0	9	"09"	"90"	9	9
"1372     Sun. Jan 14, 1996          8          0          3     "	1372	1996-01-14	"Sun"	"Midday"	"803"	8	0	3	11	"80"	"03"	8	3
"1371     Sat. Jan 13, 1996          5          8          2     "	1371	1996-01-13	"Sat"	"Evening"	"582"	5	8	2	15	"58"	"82"	13	10
"1370     Fri. Jan 12, 1996          3          2          1     "	1370	1996-01-12	"Fri"	"Midday"	"321"	3	2	1	6	"32"	"21"	5	3
"1369     Thu. Jan 11, 1996          6          7          1     "	1369	1996-01-11	"Thu"	"Evening"	"671"	6	7	1	14	"67"	"71"	13	8
"1368     Wed. Jan 10, 1996          9          6          1     "	1368	1996-01-10	"Wed"	"Midday"	"961"	9	6	1	16	"96"	"61"	15	7
"1367     Tue. Jan 09, 1996          4          3          6     "	1367	1996-01-09	"Tue"	"Evening"	"436"	4	3	6	13	"43"	"36"	7	9
"1366     Mon. Jan 08, 1996          7          1          0     "	1366	1996-01-08	"Mon"	"Midday"	"710"	7	1	0	8	"71"	"10"	8	1
"1365     Sun. Jan 07, 1996          1          3          8     "	1365	1996-01-07	"Sun"	"Evening"	"138"	1	3	8	12	"13"	"38"	4	11
"1364     Sat. Jan 06, 1996          2          0          0     "	1364	1996-01-06	"Sat"	"Midday"	"200"	2	0	0	2	"20"	"00"	2	0
"1363     Fri. Jan 05, 1996          2          6          0     "	1363	1996-01-05	"Fri"	"Evening"	"260"	2	6	0	8	"26"	"60"	8	6
"1362     Thu. Jan 04, 1996          8          4          5     "	1362	1996-01-04	"Thu"	"Midday"	"845"	8	4	5	17	"84"	"45"	12	9
"1361     Wed. Jan 03, 1996          6          2          0     "	1361	1996-01-03	"Wed"	"Evening"	"620"	6	2	0	8	"62"	"20"	8	2
"1360     Tue. Jan 02, 1996          0          8          2     "	1360	1996-01-02	"Tue"	"Midday"	"082"	0	8	2	10	"08"	"82"	8	10
"1359     Mon. Jan 01, 1996          7          8          1     "	1359	1996-01-01	"Mon"	"Evening"	"781"	7	8	1	16	"78"	"81"	15	9
"1358     Sun. Dec 31, 1995          9          7          7     "	1358	1995-12-31	"Sun"	"Midday"	"977"	9	7	7	23	"97"	"77"	16	14
"1357     Sat. Dec 30, 1995          4          8          5     "	1357	1995-12-30	"Sat"	"Evening"	"485"	4	8	5	17	"48"	"85"	12	13
"1356     Fri. Dec 29, 1995          6          3          8     "	1356	1995-12-29	"Fri"	"Midday"	"638"	6	3	8	17	"63"	"38"	9	11
"1355     Thu. Dec 28, 1995          7          3          7     "	1355	1995-12-28	"Thu"	"Evening"	"737"	7	3	7	17	"73"	"37"	10	10
"1354     Wed. Dec 27, 1995          0          1          7     "	1354	1995-12-27	"Wed"	"Midday"	"017"	0	1	7	8	"01"	"17"	1	8
"1353     Tue. Dec 26, 1995          0          1          8     "	1353	1995-12-26	"Tue"	"Evening"	"018"	0	1	8	9	"01"	"18"	1	9
"1352     Mon. Dec 25, 1995          1          1          7     "	1352	1995-12-25	"Mon"	"Midday"	"117"	1	1	7	9	"11"	"17"	2	8
"1351     Sun. Dec 24, 1995          9          4          1     "	1351	1995-12-24	"Sun"	"Evening"	"941"	9	4	1	14	"94"	"41"	13	5
"1350     Sat. Dec 23, 1995          0          5          4     "	1350	1995-12-23	"Sat"	"Midday"	"054"	0	5	4	9	"05"	"54"	5	9
"1349     Fri. Dec 22, 1995          7          1          8     "	1349	1995-12-22	"Fri"	"Evening"	"718"	7	1	8	16	"71"	"18"	8	9
"1348     Thu. Dec 21, 1995          7          9          2     "	1348	1995-12-21	"Thu"	"Midday"	"792"	7	9	2	18	"79"	"92"	16	11
"1347     Wed. Dec 20, 1995          8          6          9     "	1347	1995-12-20	"Wed"	"Evening"	"869"	8	6	9	23	"86"	"69"	14	15
"1346     Tue. Dec 19, 1995          4          9          3     "	1346	1995-12-19	"Tue"	"Midday"	"493"	4	9	3	16	"49"	"93"	13	12
"1345     Mon. Dec 18, 1995          5          2          7     "	1345	1995-12-18	"Mon"	"Evening"	"527"	5	2	7	14	"52"	"27"	7	9
"1344     Sun. Dec 17, 1995          8          6          4     "	1344	1995-12-17	"Sun"	"Midday"	"864"	8	6	4	18	"86"	"64"	14	10
"1343     Sat. Dec 16, 1995          5          9          9     "	1343	1995-12-16	"Sat"	"Evening"	"599"	5	9	9	23	"59"	"99"	14	18
"1342     Fri. Dec 15, 1995          4          2          0     "	1342	1995-12-15	"Fri"	"Midday"	"420"	4	2	0	6	"42"	"20"	6	2
"1341     Thu. Dec 14, 1995          0          8          1     "	1341	1995-12-14	"Thu"	"Evening"	"081"	0	8	1	9	"08"	"81"	8	9
"1340     Wed. Dec 13, 1995          3          7          4     "	1340	1995-12-13	"Wed"	"Midday"	"374"	3	7	4	14	"37"	"74"	10	11
"1339     Tue. Dec 12, 1995          5          0          5     "	1339	1995-12-12	"Tue"	"Evening"	"505"	5	0	5	10	"50"	"05"	5	5
"1338     Mon. Dec 11, 1995          9          7          4     "	1338	1995-12-11	"Mon"	"Midday"	"974"	9	7	4	20	"97"	"74"	16	11
"1337     Sun. Dec 10, 1995          4          9          1     "	1337	1995-12-10	"Sun"	"Evening"	"491"	4	9	1	14	"49"	"91"	13	10
"1336     Sat. Dec 09, 1995          6          8          2     "	1336	1995-12-09	"Sat"	"Midday"	"682"	6	8	2	16	"68"	"82"	14	10
"1335     Fri. Dec 08, 1995          5          4          2     "	1335	1995-12-08	"Fri"	"Evening"	"542"	5	4	2	11	"54"	"42"	9	6
"1334     Thu. Dec 07, 1995          6          0          5     "	1334	1995-12-07	"Thu"	"Midday"	"605"	6	0	5	11	"60"	"05"	6	5
"1333     Wed. Dec 06, 1995          0          1          9     "	1333	1995-12-06	"Wed"	"Evening"	"019"	0	1	9	10	"01"	"19"	1	10
"1332     Tue. Dec 05, 1995          4          3          8     "	1332	1995-12-05	"Tue"	"Midday"	"438"	4	3	8	15	"43"	"38"	7	11
"1331     Mon. Dec 04, 1995          5          5          5     "	1331	1995-12-04	"Mon"	"Evening"	"555"	5	5	5	15	"55"	"55"	10	10
"1330     Sun. Dec 03, 1995          3          3          6     "	1330	1995-12-03	"Sun"	"Midday"	"336"	3	3	6	12	"33"	"36"	6	9
"1329     Sat. Dec 02, 1995          5          0          3     "	1329	1995-12-02	"Sat"	"Evening"	"503"	5	0	3	8	"50"	"03"	5	3
"1328     Fri. Dec 01, 1995          6          3          8     "	1328	1995-12-01	"Fri"	"Midday"	"638"	6	3	8	17	"63"	"38"	9	11
"1327     Thu. Nov 30, 1995          5          3          6     "	1327	1995-11-30	"Thu"	"Evening"	"536"	5	3	6	14	"53"	"36"	8	9
"1326     Wed. Nov 29, 1995          8          2          4     "	1326	1995-11-29	"Wed"	"Midday"	"824"	8	2	4	14	"82"	"24"	10	6
"1325     Tue. Nov 28, 1995          7          4          8     "	1325	1995-11-28	"Tue"	"Evening"	"748"	7	4	8	19	"74"	"48"	11	12
"1324     Mon. Nov 27, 1995          4          0          4     "	1324	1995-11-27	"Mon"	"Midday"	"404"	4	0	4	8	"40"	"04"	4	4
"1323     Sun. Nov 26, 1995          6          5          5     "	1323	1995-11-26	"Sun"	"Evening"	"655"	6	5	5	16	"65"	"55"	11	10
"1322     Sat. Nov 25, 1995          5          6          2     "	1322	1995-11-25	"Sat"	"Midday"	"562"	5	6	2	13	"56"	"62"	11	8
"1321     Fri. Nov 24, 1995          5          7          1     "	1321	1995-11-24	"Fri"	"Evening"	"571"	5	7	1	13	"57"	"71"	12	8
"1320     Thu. Nov 23, 1995          8          7          0     "	1320	1995-11-23	"Thu"	"Midday"	"870"	8	7	0	15	"87"	"70"	15	7
"1319     Wed. Nov 22, 1995          7          7          7     "	1319	1995-11-22	"Wed"	"Evening"	"777"	7	7	7	21	"77"	"77"	14	14
"1318     Tue. Nov 21, 1995          2          6          7     "	1318	1995-11-21	"Tue"	"Midday"	"267"	2	6	7	15	"26"	"67"	8	13
"1317     Mon. Nov 20, 1995          4          3          2     "	1317	1995-11-20	"Mon"	"Evening"	"432"	4	3	2	9	"43"	"32"	7	5
"1316     Sun. Nov 19, 1995          1          8          4     "	1316	1995-11-19	"Sun"	"Midday"	"184"	1	8	4	13	"18"	"84"	9	12
"1315     Sat. Nov 18, 1995          8          3          5     "	1315	1995-11-18	"Sat"	"Evening"	"835"	8	3	5	16	"83"	"35"	11	8
"1314     Fri. Nov 17, 1995          7          8          7     "	1314	1995-11-17	"Fri"	"Midday"	"787"	7	8	7	22	"78"	"87"	15	15
"1313     Thu. Nov 16, 1995          0          7          3     "	1313	1995-11-16	"Thu"	"Evening"	"073"	0	7	3	10	"07"	"73"	7	10
"1312     Wed. Nov 15, 1995          1          7          3     "	1312	1995-11-15	"Wed"	"Midday"	"173"	1	7	3	11	"17"	"73"	8	10
"1311     Tue. Nov 14, 1995          8          0          4     "	1311	1995-11-14	"Tue"	"Evening"	"804"	8	0	4	12	"80"	"04"	8	4
"1310     Mon. Nov 13, 1995          0          0          4     "	1310	1995-11-13	"Mon"	"Midday"	"004"	0	0	4	4	"00"	"04"	0	4
"1309     Sun. Nov 12, 1995          8          0          1     "	1309	1995-11-12	"Sun"	"Evening"	"801"	8	0	1	9	"80"	"01"	8	1
"1308     Sat. Nov 11, 1995          8          5          9     "	1308	1995-11-11	"Sat"	"Midday"	"859"	8	5	9	22	"85"	"59"	13	14
"1307     Fri. Nov 10, 1995          7          4          8     "	1307	1995-11-10	"Fri"	"Evening"	"748"	7	4	8	19	"74"	"48"	11	12
"1306     Thu. Nov 09, 1995          2          1          5     "	1306	1995-11-09	"Thu"	"Midday"	"215"	2	1	5	8	"21"	"15"	3	6
"1305     Wed. Nov 08, 1995          9          7          2     "	1305	1995-11-08	"Wed"	"Evening"	"972"	9	7	2	18	"97"	"72"	16	9
"1304     Tue. Nov 07, 1995          2          4          9     "	1304	1995-11-07	"Tue"	"Midday"	"249"	2	4	9	15	"24"	"49"	6	13
"1303     Mon. Nov 06, 1995          2          2          0     "	1303	1995-11-06	"Mon"	"Evening"	"220"	2	2	0	4	"22"	"20"	4	2
"1302     Sun. Nov 05, 1995          3          7          4     "	1302	1995-11-05	"Sun"	"Midday"	"374"	3	7	4	14	"37"	"74"	10	11
"1301     Sat. Nov 04, 1995          6          4          4     "	1301	1995-11-04	"Sat"	"Evening"	"644"	6	4	4	14	"64"	"44"	10	8
"1300     Fri. Nov 03, 1995          1          1          7     "	1300	1995-11-03	"Fri"	"Midday"	"117"	1	1	7	9	"11"	"17"	2	8
"1299     Thu. Nov 02, 1995          1          4          7     "	1299	1995-11-02	"Thu"	"Evening"	"147"	1	4	7	12	"14"	"47"	5	11
"1298     Wed. Nov 01, 1995          8          8          4     "	1298	1995-11-01	"Wed"	"Midday"	"884"	8	8	4	20	"88"	"84"	16	12
"1297     Tue. Oct 31, 1995          6          5          4     "	1297	1995-10-31	"Tue"	"Evening"	"654"	6	5	4	15	"65"	"54"	11	9
"1296     Mon. Oct 30, 1995          4          2          2     "	1296	1995-10-30	"Mon"	"Midday"	"422"	4	2	2	8	"42"	"22"	6	4
"1295     Sun. Oct 29, 1995          7          8          3     "	1295	1995-10-29	"Sun"	"Evening"	"783"	7	8	3	18	"78"	"83"	15	11
"1294     Sat. Oct 28, 1995          8          0          9     "	1294	1995-10-28	"Sat"	"Midday"	"809"	8	0	9	17	"80"	"09"	8	9
"1293     Fri. Oct 27, 1995          1          5          1     "	1293	1995-10-27	"Fri"	"Evening"	"151"	1	5	1	7	"15"	"51"	6	6
"1292     Thu. Oct 26, 1995          8          0          9     "	1292	1995-10-26	"Thu"	"Midday"	"809"	8	0	9	17	"80"	"09"	8	9
"1291     Wed. Oct 25, 1995          9          6          1     "	1291	1995-10-25	"Wed"	"Evening"	"961"	9	6	1	16	"96"	"61"	15	7
"1290     Tue. Oct 24, 1995          0          9          8     "	1290	1995-10-24	"Tue"	"Midday"	"098"	0	9	8	17	"09"	"98"	9	17
"1289     Mon. Oct 23, 1995          4          0          6     "	1289	1995-10-23	"Mon"	"Evening"	"406"	4	0	6	10	"40"	"06"	4	6
"1288     Sun. Oct 22, 1995          5          7          4     "	1288	1995-10-22	"Sun"	"Midday"	"574"	5	7	4	16	"57"	"74"	12	11
"1287     Sat. Oct 21, 1995          9          2          0     "	1287	1995-10-21	"Sat"	"Evening"	"920"	9	2	0	11	"92"	"20"	11	2
"1286     Fri. Oct 20, 1995          3          8          1     "	1286	1995-10-20	"Fri"	"Midday"	"381"	3	8	1	12	"38"	"81"	11	9
"1285     Thu. Oct 19, 1995          5          6          0     "	1285	1995-10-19	"Thu"	"Evening"	"560"	5	6	0	11	"56"	"60"	11	6
"1284     Wed. Oct 18, 1995          3          2          0     "	1284	1995-10-18	"Wed"	"Midday"	"320"	3	2	0	5	"32"	"20"	5	2
"1283     Tue. Oct 17, 1995          8          3          4     "	1283	1995-10-17	"Tue"	"Evening"	"834"	8	3	4	15	"83"	"34"	11	7
"1282     Mon. Oct 16, 1995          8          8          0     "	1282	1995-10-16	"Mon"	"Midday"	"880"	8	8	0	16	"88"	"80"	16	8
"1281     Sun. Oct 15, 1995          6          9          8     "	1281	1995-10-15	"Sun"	"Evening"	"698"	6	9	8	23	"69"	"98"	15	17
"1280     Sat. Oct 14, 1995          9          3          1     "	1280	1995-10-14	"Sat"	"Midday"	"931"	9	3	1	13	"93"	"31"	12	4
"1279     Fri. Oct 13, 1995          1          6          0     "	1279	1995-10-13	"Fri"	"Evening"	"160"	1	6	0	7	"16"	"60"	7	6
"1278     Thu. Oct 12, 1995          2          6          6     "	1278	1995-10-12	"Thu"	"Midday"	"266"	2	6	6	14	"26"	"66"	8	12
"1277     Wed. Oct 11, 1995          6          7          0     "	1277	1995-10-11	"Wed"	"Evening"	"670"	6	7	0	13	"67"	"70"	13	7
"1276     Tue. Oct 10, 1995          5          8          7     "	1276	1995-10-10	"Tue"	"Midday"	"587"	5	8	7	20	"58"	"87"	13	15
"1275     Mon. Oct 09, 1995          8          3          0     "	1275	1995-10-09	"Mon"	"Evening"	"830"	8	3	0	11	"83"	"30"	11	3
"1274     Sun. Oct 08, 1995          9          8          9     "	1274	1995-10-08	"Sun"	"Midday"	"989"	9	8	9	26	"98"	"89"	17	17
"1273     Sat. Oct 07, 1995          7          0          0     "	1273	1995-10-07	"Sat"	"Evening"	"700"	7	0	0	7	"70"	"00"	7	0
"1272     Fri. Oct 06, 1995          4          6          7     "	1272	1995-10-06	"Fri"	"Midday"	"467"	4	6	7	17	"46"	"67"	10	13
"1271     Thu. Oct 05, 1995          8          1          0     "	1271	1995-10-05	"Thu"	"Evening"	"810"	8	1	0	9	"81"	"10"	9	1
"1270     Wed. Oct 04, 1995          6          7          6     "	1270	1995-10-04	"Wed"	"Midday"	"676"	6	7	6	19	"67"	"76"	13	13
"1269     Tue. Oct 03, 1995          1          3          9     "	1269	1995-10-03	"Tue"	"Evening"	"139"	1	3	9	13	"13"	"39"	4	12
"1268     Mon. Oct 02, 1995          6          4          0     "	1268	1995-10-02	"Mon"	"Midday"	"640"	6	4	0	10	"64"	"40"	10	4
"1267     Sun. Oct 01, 1995          9          1          1     "	1267	1995-10-01	"Sun"	"Evening"	"911"	9	1	1	11	"91"	"11"	10	2
"1266     Sat. Sep 30, 1995          7          9          5     "	1266	1995-09-30	"Sat"	"Midday"	"795"	7	9	5	21	"79"	"95"	16	14
"1265     Fri. Sep 29, 1995          6          3          1     "	1265	1995-09-29	"Fri"	"Evening"	"631"	6	3	1	10	"63"	"31"	9	4
"1264     Thu. Sep 28, 1995          1          0          1     "	1264	1995-09-28	"Thu"	"Midday"	"101"	1	0	1	2	"10"	"01"	1	1
"1263     Wed. Sep 27, 1995          8          8          1     "	1263	1995-09-27	"Wed"	"Evening"	"881"	8	8	1	17	"88"	"81"	16	9
"1262     Tue. Sep 26, 1995          0          6          6     "	1262	1995-09-26	"Tue"	"Midday"	"066"	0	6	6	12	"06"	"66"	6	12
"1261     Mon. Sep 25, 1995          2          6          5     "	1261	1995-09-25	"Mon"	"Evening"	"265"	2	6	5	13	"26"	"65"	8	11
"1260     Sun. Sep 24, 1995          0          1          3     "	1260	1995-09-24	"Sun"	"Midday"	"013"	0	1	3	4	"01"	"13"	1	4
"1259     Sat. Sep 23, 1995          2          9          9     "	1259	1995-09-23	"Sat"	"Evening"	"299"	2	9	9	20	"29"	"99"	11	18
"1258     Fri. Sep 22, 1995          2          3          0     "	1258	1995-09-22	"Fri"	"Midday"	"230"	2	3	0	5	"23"	"30"	5	3
"1257     Thu. Sep 21, 1995          3          7          7     "	1257	1995-09-21	"Thu"	"Evening"	"377"	3	7	7	17	"37"	"77"	10	14
"1256     Wed. Sep 20, 1995          5          8          5     "	1256	1995-09-20	"Wed"	"Midday"	"585"	5	8	5	18	"58"	"85"	13	13
"1255     Tue. Sep 19, 1995          1          2          0     "	1255	1995-09-19	"Tue"	"Evening"	"120"	1	2	0	3	"12"	"20"	3	2
"1254     Mon. Sep 18, 1995          1          5          9     "	1254	1995-09-18	"Mon"	"Midday"	"159"	1	5	9	15	"15"	"59"	6	14
"1253     Sun. Sep 17, 1995          9          6          0     "	1253	1995-09-17	"Sun"	"Evening"	"960"	9	6	0	15	"96"	"60"	15	6
"1252     Sat. Sep 16, 1995          8          8          5     "	1252	1995-09-16	"Sat"	"Midday"	"885"	8	8	5	21	"88"	"85"	16	13
"1251     Fri. Sep 15, 1995          7          7          6     "	1251	1995-09-15	"Fri"	"Evening"	"776"	7	7	6	20	"77"	"76"	14	13
"1250     Thu. Sep 14, 1995          0          4          5     "	1250	1995-09-14	"Thu"	"Midday"	"045"	0	4	5	9	"04"	"45"	4	9
"1249     Wed. Sep 13, 1995          6          4          9     "	1249	1995-09-13	"Wed"	"Evening"	"649"	6	4	9	19	"64"	"49"	10	13
"1248     Tue. Sep 12, 1995          1          8          1     "	1248	1995-09-12	"Tue"	"Midday"	"181"	1	8	1	10	"18"	"81"	9	9
"1247     Mon. Sep 11, 1995          3          0          6     "	1247	1995-09-11	"Mon"	"Evening"	"306"	3	0	6	9	"30"	"06"	3	6
"1246     Sun. Sep 10, 1995          6          7          9     "	1246	1995-09-10	"Sun"	"Midday"	"679"	6	7	9	22	"67"	"79"	13	16
"1245     Sat. Sep 09, 1995          5          9          4     "	1245	1995-09-09	"Sat"	"Evening"	"594"	5	9	4	18	"59"	"94"	14	13
"1244     Fri. Sep 08, 1995          2          0          6     "	1244	1995-09-08	"Fri"	"Midday"	"206"	2	0	6	8	"20"	"06"	2	6
"1243     Thu. Sep 07, 1995          9          5          2     "	1243	1995-09-07	"Thu"	"Evening"	"952"	9	5	2	16	"95"	"52"	14	7
"1242     Wed. Sep 06, 1995          3          5          9     "	1242	1995-09-06	"Wed"	"Midday"	"359"	3	5	9	17	"35"	"59"	8	14
"1241     Tue. Sep 05, 1995          3          9          7     "	1241	1995-09-05	"Tue"	"Evening"	"397"	3	9	7	19	"39"	"97"	12	16
"1240     Mon. Sep 04, 1995          4          1          9     "	1240	1995-09-04	"Mon"	"Midday"	"419"	4	1	9	14	"41"	"19"	5	10
"1239     Sun. Sep 03, 1995          4          5          0     "	1239	1995-09-03	"Sun"	"Evening"	"450"	4	5	0	9	"45"	"50"	9	5
"1238     Sat. Sep 02, 1995          1          4          5     "	1238	1995-09-02	"Sat"	"Midday"	"145"	1	4	5	10	"14"	"45"	5	9
"1237     Fri. Sep 01, 1995          2          6          9     "	1237	1995-09-01	"Fri"	"Evening"	"269"	2	6	9	17	"26"	"69"	8	15
"1236     Thu. Aug 31, 1995          3          8          0     "	1236	1995-08-31	"Thu"	"Midday"	"380"	3	8	0	11	"38"	"80"	11	8
"1235     Wed. Aug 30, 1995          5          9          1     "	1235	1995-08-30	"Wed"	"Evening"	"591"	5	9	1	15	"59"	"91"	14	10
"1234     Tue. Aug 29, 1995          6          2          1     "	1234	1995-08-29	"Tue"	"Midday"	"621"	6	2	1	9	"62"	"21"	8	3
"1233     Mon. Aug 28, 1995          4          2          6     "	1233	1995-08-28	"Mon"	"Evening"	"426"	4	2	6	12	"42"	"26"	6	8
"1232     Sun. Aug 27, 1995          7          0          4     "	1232	1995-08-27	"Sun"	"Midday"	"704"	7	0	4	11	"70"	"04"	7	4
"1231     Sat. Aug 26, 1995          1          2          6     "	1231	1995-08-26	"Sat"	"Evening"	"126"	1	2	6	9	"12"	"26"	3	8
"1230     Fri. Aug 25, 1995          8          1          8     "	1230	1995-08-25	"Fri"	"Midday"	"818"	8	1	8	17	"81"	"18"	9	9
"1229     Thu. Aug 24, 1995          0          8          9     "	1229	1995-08-24	"Thu"	"Evening"	"089"	0	8	9	17	"08"	"89"	8	17
"1228     Wed. Aug 23, 1995          7          8          3     "	1228	1995-08-23	"Wed"	"Midday"	"783"	7	8	3	18	"78"	"83"	15	11
"1227     Tue. Aug 22, 1995          1          2          4     "	1227	1995-08-22	"Tue"	"Evening"	"124"	1	2	4	7	"12"	"24"	3	6
"1226     Mon. Aug 21, 1995          3          0          3     "	1226	1995-08-21	"Mon"	"Midday"	"303"	3	0	3	6	"30"	"03"	3	3
"1225     Sun. Aug 20, 1995          3          2          6     "	1225	1995-08-20	"Sun"	"Evening"	"326"	3	2	6	11	"32"	"26"	5	8
"1224     Sat. Aug 19, 1995          8          8          6     "	1224	1995-08-19	"Sat"	"Midday"	"886"	8	8	6	22	"88"	"86"	16	14
"1223     Fri. Aug 18, 1995          1          9          4     "	1223	1995-08-18	"Fri"	"Evening"	"194"	1	9	4	14	"19"	"94"	10	13
"1222     Thu. Aug 17, 1995          0          3          3     "	1222	1995-08-17	"Thu"	"Midday"	"033"	0	3	3	6	"03"	"33"	3	6
"1221     Wed. Aug 16, 1995          6          2          6     "	1221	1995-08-16	"Wed"	"Evening"	"626"	6	2	6	14	"62"	"26"	8	8
"1220     Tue. Aug 15, 1995          2          8          7     "	1220	1995-08-15	"Tue"	"Midday"	"287"	2	8	7	17	"28"	"87"	10	15
"1219     Mon. Aug 14, 1995          8          8          5     "	1219	1995-08-14	"Mon"	"Evening"	"885"	8	8	5	21	"88"	"85"	16	13
"1218     Sun. Aug 13, 1995          7          0          3     "	1218	1995-08-13	"Sun"	"Midday"	"703"	7	0	3	10	"70"	"03"	7	3
"1217     Sat. Aug 12, 1995          1          7          8     "	1217	1995-08-12	"Sat"	"Evening"	"178"	1	7	8	16	"17"	"78"	8	15
"1216     Fri. Aug 11, 1995          5          8          0     "	1216	1995-08-11	"Fri"	"Midday"	"580"	5	8	0	13	"58"	"80"	13	8
"1215     Thu. Aug 10, 1995          9          1          3     "	1215	1995-08-10	"Thu"	"Evening"	"913"	9	1	3	13	"91"	"13"	10	4
"1214     Wed. Aug 09, 1995          6          0          7     "	1214	1995-08-09	"Wed"	"Midday"	"607"	6	0	7	13	"60"	"07"	6	7
"1213     Tue. Aug 08, 1995          4          6          1     "	1213	1995-08-08	"Tue"	"Evening"	"461"	4	6	1	11	"46"	"61"	10	7
"1212     Mon. Aug 07, 1995          5          3          8     "	1212	1995-08-07	"Mon"	"Midday"	"538"	5	3	8	16	"53"	"38"	8	11
"1211     Sun. Aug 06, 1995          3          9          6     "	1211	1995-08-06	"Sun"	"Evening"	"396"	3	9	6	18	"39"	"96"	12	15
"1210     Sat. Aug 05, 1995          1          3          5     "	1210	1995-08-05	"Sat"	"Midday"	"135"	1	3	5	9	"13"	"35"	4	8
"1209     Fri. Aug 04, 1995          1          5          4     "	1209	1995-08-04	"Fri"	"Evening"	"154"	1	5	4	10	"15"	"54"	6	9
"1208     Thu. Aug 03, 1995          3          6          0     "	1208	1995-08-03	"Thu"	"Midday"	"360"	3	6	0	9	"36"	"60"	9	6
"1207     Wed. Aug 02, 1995          0          6          7     "	1207	1995-08-02	"Wed"	"Evening"	"067"	0	6	7	13	"06"	"67"	6	13
"1206     Tue. Aug 01, 1995          9          2          4     "	1206	1995-08-01	"Tue"	"Midday"	"924"	9	2	4	15	"92"	"24"	11	6
"1205     Mon. Jul 31, 1995          4          8          1     "	1205	1995-07-31	"Mon"	"Evening"	"481"	4	8	1	13	"48"	"81"	12	9
"1204     Sun. Jul 30, 1995          8          7          5     "	1204	1995-07-30	"Sun"	"Midday"	"875"	8	7	5	20	"87"	"75"	15	12
"1203     Sat. Jul 29, 1995          6          3          4     "	1203	1995-07-29	"Sat"	"Evening"	"634"	6	3	4	13	"63"	"34"	9	7
"1202     Fri. Jul 28, 1995          1          7          0     "	1202	1995-07-28	"Fri"	"Midday"	"170"	1	7	0	8	"17"	"70"	8	7
"1201     Thu. Jul 27, 1995          1          7          9     "	1201	1995-07-27	"Thu"	"Evening"	"179"	1	7	9	17	"17"	"79"	8	16
"1200     Wed. Jul 26, 1995          9          4          4     "	1200	1995-07-26	"Wed"	"Midday"	"944"	9	4	4	17	"94"	"44"	13	8
"1199     Tue. Jul 25, 1995          6          4          9     "	1199	1995-07-25	"Tue"	"Evening"	"649"	6	4	9	19	"64"	"49"	10	13
"1198     Mon. Jul 24, 1995          3          6          5     "	1198	1995-07-24	"Mon"	"Midday"	"365"	3	6	5	14	"36"	"65"	9	11
"1197     Sun. Jul 23, 1995          0          5          8     "	1197	1995-07-23	"Sun"	"Evening"	"058"	0	5	8	13	"05"	"58"	5	13
"1196     Sat. Jul 22, 1995          9          3          8     "	1196	1995-07-22	"Sat"	"Midday"	"938"	9	3	8	20	"93"	"38"	12	11
"1195     Fri. Jul 21, 1995          7          7          0     "	1195	1995-07-21	"Fri"	"Evening"	"770"	7	7	0	14	"77"	"70"	14	7
"1194     Thu. Jul 20, 1995          9          4          9     "	1194	1995-07-20	"Thu"	"Midday"	"949"	9	4	9	22	"94"	"49"	13	13
"1193     Wed. Jul 19, 1995          6          1          8     "	1193	1995-07-19	"Wed"	"Evening"	"618"	6	1	8	15	"61"	"18"	7	9
"1192     Tue. Jul 18, 1995          1          7          1     "	1192	1995-07-18	"Tue"	"Midday"	"171"	1	7	1	9	"17"	"71"	8	8
"1191     Mon. Jul 17, 1995          2          6          1     "	1191	1995-07-17	"Mon"	"Evening"	"261"	2	6	1	9	"26"	"61"	8	7
"1190     Sun. Jul 16, 1995          1          3          0     "	1190	1995-07-16	"Sun"	"Midday"	"130"	1	3	0	4	"13"	"30"	4	3
"1189     Sat. Jul 15, 1995          8          0          6     "	1189	1995-07-15	"Sat"	"Evening"	"806"	8	0	6	14	"80"	"06"	8	6
"1188     Fri. Jul 14, 1995          9          8          4     "	1188	1995-07-14	"Fri"	"Midday"	"984"	9	8	4	21	"98"	"84"	17	12
"1187     Thu. Jul 13, 1995          1          6          5     "	1187	1995-07-13	"Thu"	"Evening"	"165"	1	6	5	12	"16"	"65"	7	11
"1186     Wed. Jul 12, 1995          8          5          1     "	1186	1995-07-12	"Wed"	"Midday"	"851"	8	5	1	14	"85"	"51"	13	6
"1185     Tue. Jul 11, 1995          7          6          5     "	1185	1995-07-11	"Tue"	"Evening"	"765"	7	6	5	18	"76"	"65"	13	11
"1184     Mon. Jul 10, 1995          7          6          0     "	1184	1995-07-10	"Mon"	"Midday"	"760"	7	6	0	13	"76"	"60"	13	6
"1183     Sun. Jul 09, 1995          8          3          5     "	1183	1995-07-09	"Sun"	"Evening"	"835"	8	3	5	16	"83"	"35"	11	8
"1182     Sat. Jul 08, 1995          5          0          6     "	1182	1995-07-08	"Sat"	"Midday"	"506"	5	0	6	11	"50"	"06"	5	6
"1181     Fri. Jul 07, 1995          9          8          0     "	1181	1995-07-07	"Fri"	"Evening"	"980"	9	8	0	17	"98"	"80"	17	8
"1180     Thu. Jul 06, 1995          0          6          5     "	1180	1995-07-06	"Thu"	"Midday"	"065"	0	6	5	11	"06"	"65"	6	11
"1179     Wed. Jul 05, 1995          7          3          9     "	1179	1995-07-05	"Wed"	"Evening"	"739"	7	3	9	19	"73"	"39"	10	12
"1178     Tue. Jul 04, 1995          0          0          2     "	1178	1995-07-04	"Tue"	"Midday"	"002"	0	0	2	2	"00"	"02"	0	2
"1177     Mon. Jul 03, 1995          2          3          1     "	1177	1995-07-03	"Mon"	"Evening"	"231"	2	3	1	6	"23"	"31"	5	4
"1176     Sun. Jul 02, 1995          4          4          9     "	1176	1995-07-02	"Sun"	"Midday"	"449"	4	4	9	17	"44"	"49"	8	13
"1175     Sat. Jul 01, 1995          7          0          6     "	1175	1995-07-01	"Sat"	"Evening"	"706"	7	0	6	13	"70"	"06"	7	6
"1174     Fri. Jun 30, 1995          6          8          2     "	1174	1995-06-30	"Fri"	"Midday"	"682"	6	8	2	16	"68"	"82"	14	10
"1173     Thu. Jun 29, 1995          3          3          9     "	1173	1995-06-29	"Thu"	"Evening"	"339"	3	3	9	15	"33"	"39"	6	12
"1172     Wed. Jun 28, 1995          0          1          1     "	1172	1995-06-28	"Wed"	"Midday"	"011"	0	1	1	2	"01"	"11"	1	2
"1171     Tue. Jun 27, 1995          8          5          8     "	1171	1995-06-27	"Tue"	"Evening"	"858"	8	5	8	21	"85"	"58"	13	13
"1170     Mon. Jun 26, 1995          2          5          4     "	1170	1995-06-26	"Mon"	"Midday"	"254"	2	5	4	11	"25"	"54"	7	9
"1169     Sun. Jun 25, 1995          9          2          9     "	1169	1995-06-25	"Sun"	"Evening"	"929"	9	2	9	20	"92"	"29"	11	11
"1168     Sat. Jun 24, 1995          8          4          7     "	1168	1995-06-24	"Sat"	"Midday"	"847"	8	4	7	19	"84"	"47"	12	11
"1167     Fri. Jun 23, 1995          9          1          5     "	1167	1995-06-23	"Fri"	"Evening"	"915"	9	1	5	15	"91"	"15"	10	6
"1166     Thu. Jun 22, 1995          3          8          4     "	1166	1995-06-22	"Thu"	"Midday"	"384"	3	8	4	15	"38"	"84"	11	12
"1165     Wed. Jun 21, 1995          5          8          7     "	1165	1995-06-21	"Wed"	"Evening"	"587"	5	8	7	20	"58"	"87"	13	15
"1164     Tue. Jun 20, 1995          5          2          9     "	1164	1995-06-20	"Tue"	"Midday"	"529"	5	2	9	16	"52"	"29"	7	11
"1163     Mon. Jun 19, 1995          7          3          2     "	1163	1995-06-19	"Mon"	"Evening"	"732"	7	3	2	12	"73"	"32"	10	5
"1162     Sun. Jun 18, 1995          5          6          2     "	1162	1995-06-18	"Sun"	"Midday"	"562"	5	6	2	13	"56"	"62"	11	8
"1161     Sat. Jun 17, 1995          5          1          9     "	1161	1995-06-17	"Sat"	"Evening"	"519"	5	1	9	15	"51"	"19"	6	10
"1160     Fri. Jun 16, 1995          7          0          2     "	1160	1995-06-16	"Fri"	"Midday"	"702"	7	0	2	9	"70"	"02"	7	2
"1159     Thu. Jun 15, 1995          9          4          7     "	1159	1995-06-15	"Thu"	"Evening"	"947"	9	4	7	20	"94"	"47"	13	11
"1158     Wed. Jun 14, 1995          8          5          8     "	1158	1995-06-14	"Wed"	"Midday"	"858"	8	5	8	21	"85"	"58"	13	13
"1157     Tue. Jun 13, 1995          0          6          2     "	1157	1995-06-13	"Tue"	"Evening"	"062"	0	6	2	8	"06"	"62"	6	8
"1156     Mon. Jun 12, 1995          7          0          5     "	1156	1995-06-12	"Mon"	"Midday"	"705"	7	0	5	12	"70"	"05"	7	5
"1155     Sun. Jun 11, 1995          1          2          6     "	1155	1995-06-11	"Sun"	"Evening"	"126"	1	2	6	9	"12"	"26"	3	8
"1154     Sat. Jun 10, 1995          2          3          9     "	1154	1995-06-10	"Sat"	"Midday"	"239"	2	3	9	14	"23"	"39"	5	12
"1153     Fri. Jun 09, 1995          4          8          1     "	1153	1995-06-09	"Fri"	"Evening"	"481"	4	8	1	13	"48"	"81"	12	9
"1152     Thu. Jun 08, 1995          8          5          8     "	1152	1995-06-08	"Thu"	"Midday"	"858"	8	5	8	21	"85"	"58"	13	13
"1151     Wed. Jun 07, 1995          0          0          7     "	1151	1995-06-07	"Wed"	"Evening"	"007"	0	0	7	7	"00"	"07"	0	7
"1150     Tue. Jun 06, 1995          4          0          8     "	1150	1995-06-06	"Tue"	"Midday"	"408"	4	0	8	12	"40"	"08"	4	8
"1149     Mon. Jun 05, 1995          6          1          9     "	1149	1995-06-05	"Mon"	"Evening"	"619"	6	1	9	16	"61"	"19"	7	10
"1148     Sun. Jun 04, 1995          9          5          6     "	1148	1995-06-04	"Sun"	"Midday"	"956"	9	5	6	20	"95"	"56"	14	11
"1147     Sat. Jun 03, 1995          2          6          5     "	1147	1995-06-03	"Sat"	"Evening"	"265"	2	6	5	13	"26"	"65"	8	11
"1146     Fri. Jun 02, 1995          5          0          3     "	1146	1995-06-02	"Fri"	"Midday"	"503"	5	0	3	8	"50"	"03"	5	3
"1145     Thu. Jun 01, 1995          8          5          4     "	1145	1995-06-01	"Thu"	"Evening"	"854"	8	5	4	17	"85"	"54"	13	9
"1144     Wed. May 31, 1995          2          8          8     "	1144	1995-05-31	"Wed"	"Midday"	"288"	2	8	8	18	"28"	"88"	10	16
"1143     Tue. May 30, 1995          3          4          5     "	1143	1995-05-30	"Tue"	"Evening"	"345"	3	4	5	12	"34"	"45"	7	9
"1142     Mon. May 29, 1995          6          4          3     "	1142	1995-05-29	"Mon"	"Midday"	"643"	6	4	3	13	"64"	"43"	10	7
"1141     Sun. May 28, 1995          4          1          2     "	1141	1995-05-28	"Sun"	"Evening"	"412"	4	1	2	7	"41"	"12"	5	3
"1140     Sat. May 27, 1995          8          0          1     "	1140	1995-05-27	"Sat"	"Midday"	"801"	8	0	1	9	"80"	"01"	8	1
"1139     Fri. May 26, 1995          0          4          6     "	1139	1995-05-26	"Fri"	"Evening"	"046"	0	4	6	10	"04"	"46"	4	10
"1138     Thu. May 25, 1995          8          6          2     "	1138	1995-05-25	"Thu"	"Midday"	"862"	8	6	2	16	"86"	"62"	14	8
"1137     Wed. May 24, 1995          7          5          9     "	1137	1995-05-24	"Wed"	"Evening"	"759"	7	5	9	21	"75"	"59"	12	14
"1136     Tue. May 23, 1995          5          0          9     "	1136	1995-05-23	"Tue"	"Midday"	"509"	5	0	9	14	"50"	"09"	5	9
"1135     Mon. May 22, 1995          2          5          1     "	1135	1995-05-22	"Mon"	"Evening"	"251"	2	5	1	8	"25"	"51"	7	6
"1134     Sun. May 21, 1995          8          8          7     "	1134	1995-05-21	"Sun"	"Midday"	"887"	8	8	7	23	"88"	"87"	16	15
"1133     Sat. May 20, 1995          0          5          3     "	1133	1995-05-20	"Sat"	"Evening"	"053"	0	5	3	8	"05"	"53"	5	8
"1132     Fri. May 19, 1995          7          5          0     "	1132	1995-05-19	"Fri"	"Midday"	"750"	7	5	0	12	"75"	"50"	12	5
"1131     Thu. May 18, 1995          0          8          5     "	1131	1995-05-18	"Thu"	"Evening"	"085"	0	8	5	13	"08"	"85"	8	13
"1130     Wed. May 17, 1995          3          7          6     "	1130	1995-05-17	"Wed"	"Midday"	"376"	3	7	6	16	"37"	"76"	10	13
"1129     Tue. May 16, 1995          1          4          6     "	1129	1995-05-16	"Tue"	"Evening"	"146"	1	4	6	11	"14"	"46"	5	10
"1128     Mon. May 15, 1995          4          8          0     "	1128	1995-05-15	"Mon"	"Midday"	"480"	4	8	0	12	"48"	"80"	12	8
"1127     Sun. May 14, 1995          7          1          3     "	1127	1995-05-14	"Sun"	"Evening"	"713"	7	1	3	11	"71"	"13"	8	4
"1126     Sat. May 13, 1995          7          0          7     "	1126	1995-05-13	"Sat"	"Midday"	"707"	7	0	7	14	"70"	"07"	7	7
"1125     Fri. May 12, 1995          1          7          4     "	1125	1995-05-12	"Fri"	"Evening"	"174"	1	7	4	12	"17"	"74"	8	11
"1124     Thu. May 11, 1995          0          8          8     "	1124	1995-05-11	"Thu"	"Midday"	"088"	0	8	8	16	"08"	"88"	8	16
"1123     Wed. May 10, 1995          0          6          3     "	1123	1995-05-10	"Wed"	"Evening"	"063"	0	6	3	9	"06"	"63"	6	9
"1122     Tue. May 09, 1995          1          7          1     "	1122	1995-05-09	"Tue"	"Midday"	"171"	1	7	1	9	"17"	"71"	8	8
"1121     Mon. May 08, 1995          3          6          3     "	1121	1995-05-08	"Mon"	"Evening"	"363"	3	6	3	12	"36"	"63"	9	9
"1120     Sun. May 07, 1995          0          1          3     "	1120	1995-05-07	"Sun"	"Midday"	"013"	0	1	3	4	"01"	"13"	1	4
"1119     Sat. May 06, 1995          8          0          2     "	1119	1995-05-06	"Sat"	"Evening"	"802"	8	0	2	10	"80"	"02"	8	2
"1118     Fri. May 05, 1995          9          1          9     "	1118	1995-05-05	"Fri"	"Midday"	"919"	9	1	9	19	"91"	"19"	10	10
"1117     Thu. May 04, 1995          9          8          0     "	1117	1995-05-04	"Thu"	"Evening"	"980"	9	8	0	17	"98"	"80"	17	8
"1116     Wed. May 03, 1995          1          5          9     "	1116	1995-05-03	"Wed"	"Midday"	"159"	1	5	9	15	"15"	"59"	6	14
"1115     Tue. May 02, 1995          0          5          2     "	1115	1995-05-02	"Tue"	"Evening"	"052"	0	5	2	7	"05"	"52"	5	7
"1114     Mon. May 01, 1995          8          5          0     "	1114	1995-05-01	"Mon"	"Midday"	"850"	8	5	0	13	"85"	"50"	13	5
"1113     Sun. Apr 30, 1995          5          5          9     "	1113	1995-04-30	"Sun"	"Evening"	"559"	5	5	9	19	"55"	"59"	10	14
"1112     Sat. Apr 29, 1995          9          3          5     "	1112	1995-04-29	"Sat"	"Midday"	"935"	9	3	5	17	"93"	"35"	12	8
"1111     Fri. Apr 28, 1995          4          1          1     "	1111	1995-04-28	"Fri"	"Evening"	"411"	4	1	1	6	"41"	"11"	5	2
"1110     Thu. Apr 27, 1995          0          4          9     "	1110	1995-04-27	"Thu"	"Midday"	"049"	0	4	9	13	"04"	"49"	4	13
"1109     Wed. Apr 26, 1995          2          4          4     "	1109	1995-04-26	"Wed"	"Evening"	"244"	2	4	4	10	"24"	"44"	6	8
"1108     Tue. Apr 25, 1995          8          8          7     "	1108	1995-04-25	"Tue"	"Midday"	"887"	8	8	7	23	"88"	"87"	16	15
"1107     Mon. Apr 24, 1995          1          6          3     "	1107	1995-04-24	"Mon"	"Evening"	"163"	1	6	3	10	"16"	"63"	7	9
"1106     Sun. Apr 23, 1995          6          9          8     "	1106	1995-04-23	"Sun"	"Midday"	"698"	6	9	8	23	"69"	"98"	15	17
"1105     Sat. Apr 22, 1995          9          2          6     "	1105	1995-04-22	"Sat"	"Evening"	"926"	9	2	6	17	"92"	"26"	11	8
"1104     Fri. Apr 21, 1995          5          3          5     "	1104	1995-04-21	"Fri"	"Midday"	"535"	5	3	5	13	"53"	"35"	8	8
"1103     Thu. Apr 20, 1995          1          9          3     "	1103	1995-04-20	"Thu"	"Evening"	"193"	1	9	3	13	"19"	"93"	10	12
"1102     Wed. Apr 19, 1995          9          2          0     "	1102	1995-04-19	"Wed"	"Midday"	"920"	9	2	0	11	"92"	"20"	11	2
"1101     Tue. Apr 18, 1995          4          1          8     "	1101	1995-04-18	"Tue"	"Evening"	"418"	4	1	8	13	"41"	"18"	5	9
"1100     Mon. Apr 17, 1995          1          6          8     "	1100	1995-04-17	"Mon"	"Midday"	"168"	1	6	8	15	"16"	"68"	7	14
"1099     Sun. Apr 16, 1995          2          3          9     "	1099	1995-04-16	"Sun"	"Evening"	"239"	2	3	9	14	"23"	"39"	5	12
"1098     Sat. Apr 15, 1995          1          0          8     "	1098	1995-04-15	"Sat"	"Midday"	"108"	1	0	8	9	"10"	"08"	1	8
"1097     Fri. Apr 14, 1995          2          7          6     "	1097	1995-04-14	"Fri"	"Evening"	"276"	2	7	6	15	"27"	"76"	9	13
"1096     Thu. Apr 13, 1995          6          4          6     "	1096	1995-04-13	"Thu"	"Midday"	"646"	6	4	6	16	"64"	"46"	10	10
"1095     Wed. Apr 12, 1995          9          4          7     "	1095	1995-04-12	"Wed"	"Evening"	"947"	9	4	7	20	"94"	"47"	13	11
"1094     Tue. Apr 11, 1995          8          7          4     "	1094	1995-04-11	"Tue"	"Midday"	"874"	8	7	4	19	"87"	"74"	15	11
"1093     Mon. Apr 10, 1995          1          9          0     "	1093	1995-04-10	"Mon"	"Evening"	"190"	1	9	0	10	"19"	"90"	10	9
"1092     Sun. Apr 09, 1995          9          3          2     "	1092	1995-04-09	"Sun"	"Midday"	"932"	9	3	2	14	"93"	"32"	12	5
"1091     Sat. Apr 08, 1995          8          2          5     "	1091	1995-04-08	"Sat"	"Evening"	"825"	8	2	5	15	"82"	"25"	10	7
"1090     Fri. Apr 07, 1995          2          0          1     "	1090	1995-04-07	"Fri"	"Midday"	"201"	2	0	1	3	"20"	"01"	2	1
"1089     Thu. Apr 06, 1995          0          8          1     "	1089	1995-04-06	"Thu"	"Evening"	"081"	0	8	1	9	"08"	"81"	8	9
"1088     Wed. Apr 05, 1995          5          7          3     "	1088	1995-04-05	"Wed"	"Midday"	"573"	5	7	3	15	"57"	"73"	12	10
"1087     Tue. Apr 04, 1995          2          3          9     "	1087	1995-04-04	"Tue"	"Evening"	"239"	2	3	9	14	"23"	"39"	5	12
"1086     Mon. Apr 03, 1995          5          3          1     "	1086	1995-04-03	"Mon"	"Midday"	"531"	5	3	1	9	"53"	"31"	8	4
"1085     Sun. Apr 02, 1995          7          8          9     "	1085	1995-04-02	"Sun"	"Evening"	"789"	7	8	9	24	"78"	"89"	15	17
"1084     Sat. Apr 01, 1995          0          3          7     "	1084	1995-04-01	"Sat"	"Midday"	"037"	0	3	7	10	"03"	"37"	3	10
"1083     Fri. Mar 31, 1995          3          5          4     "	1083	1995-03-31	"Fri"	"Evening"	"354"	3	5	4	12	"35"	"54"	8	9
"1082     Thu. Mar 30, 1995          6          5          5     "	1082	1995-03-30	"Thu"	"Midday"	"655"	6	5	5	16	"65"	"55"	11	10
"1081     Wed. Mar 29, 1995          0          1          1     "	1081	1995-03-29	"Wed"	"Evening"	"011"	0	1	1	2	"01"	"11"	1	2
"1080     Tue. Mar 28, 1995          2          4          4     "	1080	1995-03-28	"Tue"	"Midday"	"244"	2	4	4	10	"24"	"44"	6	8
"1079     Mon. Mar 27, 1995          3          1          6     "	1079	1995-03-27	"Mon"	"Evening"	"316"	3	1	6	10	"31"	"16"	4	7
"1078     Sun. Mar 26, 1995          6          6          7     "	1078	1995-03-26	"Sun"	"Midday"	"667"	6	6	7	19	"66"	"67"	12	13
"1077     Sat. Mar 25, 1995          3          8          2     "	1077	1995-03-25	"Sat"	"Evening"	"382"	3	8	2	13	"38"	"82"	11	10
"1076     Fri. Mar 24, 1995          2          9          4     "	1076	1995-03-24	"Fri"	"Midday"	"294"	2	9	4	15	"29"	"94"	11	13
"1075     Thu. Mar 23, 1995          0          0          2     "	1075	1995-03-23	"Thu"	"Evening"	"002"	0	0	2	2	"00"	"02"	0	2
"1074     Wed. Mar 22, 1995          9          4          9     "	1074	1995-03-22	"Wed"	"Midday"	"949"	9	4	9	22	"94"	"49"	13	13
"1073     Tue. Mar 21, 1995          7          9          2     "	1073	1995-03-21	"Tue"	"Evening"	"792"	7	9	2	18	"79"	"92"	16	11
"1072     Mon. Mar 20, 1995          0          5          3     "	1072	1995-03-20	"Mon"	"Midday"	"053"	0	5	3	8	"05"	"53"	5	8
"1071     Sun. Mar 19, 1995          7          6          9     "	1071	1995-03-19	"Sun"	"Evening"	"769"	7	6	9	22	"76"	"69"	13	15
"1070     Sat. Mar 18, 1995          7          4          0     "	1070	1995-03-18	"Sat"	"Midday"	"740"	7	4	0	11	"74"	"40"	11	4
"1069     Fri. Mar 17, 1995          4          7          2     "	1069	1995-03-17	"Fri"	"Evening"	"472"	4	7	2	13	"47"	"72"	11	9
"1068     Thu. Mar 16, 1995          6          0          9     "	1068	1995-03-16	"Thu"	"Midday"	"609"	6	0	9	15	"60"	"09"	6	9
"1067     Wed. Mar 15, 1995          5          3          2     "	1067	1995-03-15	"Wed"	"Evening"	"532"	5	3	2	10	"53"	"32"	8	5
"1066     Tue. Mar 14, 1995          5          7          1     "	1066	1995-03-14	"Tue"	"Midday"	"571"	5	7	1	13	"57"	"71"	12	8
"1065     Mon. Mar 13, 1995          2          8          2     "	1065	1995-03-13	"Mon"	"Evening"	"282"	2	8	2	12	"28"	"82"	10	10
"1064     Sun. Mar 12, 1995          5          1          3     "	1064	1995-03-12	"Sun"	"Midday"	"513"	5	1	3	9	"51"	"13"	6	4
"1063     Sat. Mar 11, 1995          2          9          0     "	1063	1995-03-11	"Sat"	"Evening"	"290"	2	9	0	11	"29"	"90"	11	9
"1062     Fri. Mar 10, 1995          2          3          3     "	1062	1995-03-10	"Fri"	"Midday"	"233"	2	3	3	8	"23"	"33"	5	6
"1061     Thu. Mar 09, 1995          6          7          5     "	1061	1995-03-09	"Thu"	"Evening"	"675"	6	7	5	18	"67"	"75"	13	12
"1060     Wed. Mar 08, 1995          7          3          4     "	1060	1995-03-08	"Wed"	"Midday"	"734"	7	3	4	14	"73"	"34"	10	7
"1059     Tue. Mar 07, 1995          3          0          4     "	1059	1995-03-07	"Tue"	"Evening"	"304"	3	0	4	7	"30"	"04"	3	4
"1058     Mon. Mar 06, 1995          7          2          7     "	1058	1995-03-06	"Mon"	"Midday"	"727"	7	2	7	16	"72"	"27"	9	9
"1057     Sun. Mar 05, 1995          9          1          3     "	1057	1995-03-05	"Sun"	"Evening"	"913"	9	1	3	13	"91"	"13"	10	4
"1056     Sat. Mar 04, 1995          5          9          5     "	1056	1995-03-04	"Sat"	"Midday"	"595"	5	9	5	19	"59"	"95"	14	14
"1055     Fri. Mar 03, 1995          1          8          0     "	1055	1995-03-03	"Fri"	"Evening"	"180"	1	8	0	9	"18"	"80"	9	8
"1054     Thu. Mar 02, 1995          3          8          7     "	1054	1995-03-02	"Thu"	"Midday"	"387"	3	8	7	18	"38"	"87"	11	15
"1053     Wed. Mar 01, 1995          7          7          4     "	1053	1995-03-01	"Wed"	"Evening"	"774"	7	7	4	18	"77"	"74"	14	11
"1052     Tue. Feb 28, 1995          1          1          8     "	1052	1995-02-28	"Tue"	"Midday"	"118"	1	1	8	10	"11"	"18"	2	9
"1051     Mon. Feb 27, 1995          1          4          8     "	1051	1995-02-27	"Mon"	"Evening"	"148"	1	4	8	13	"14"	"48"	5	12
"1050     Sun. Feb 26, 1995          8          5          5     "	1050	1995-02-26	"Sun"	"Midday"	"855"	8	5	5	18	"85"	"55"	13	10
"1049     Sat. Feb 25, 1995          4          1          0     "	1049	1995-02-25	"Sat"	"Evening"	"410"	4	1	0	5	"41"	"10"	5	1
"1048     Fri. Feb 24, 1995          3          2          8     "	1048	1995-02-24	"Fri"	"Midday"	"328"	3	2	8	13	"32"	"28"	5	10
"1047     Thu. Feb 23, 1995          9          5          7     "	1047	1995-02-23	"Thu"	"Evening"	"957"	9	5	7	21	"95"	"57"	14	12
"1046     Wed. Feb 22, 1995          7          4          0     "	1046	1995-02-22	"Wed"	"Midday"	"740"	7	4	0	11	"74"	"40"	11	4
"1045     Tue. Feb 21, 1995          7          3          6     "	1045	1995-02-21	"Tue"	"Evening"	"736"	7	3	6	16	"73"	"36"	10	9
"1044     Mon. Feb 20, 1995          7          8          4     "	1044	1995-02-20	"Mon"	"Midday"	"784"	7	8	4	19	"78"	"84"	15	12
"1043     Sun. Feb 19, 1995          0          3          1     "	1043	1995-02-19	"Sun"	"Evening"	"031"	0	3	1	4	"03"	"31"	3	4
"1042     Sat. Feb 18, 1995          0          2          0     "	1042	1995-02-18	"Sat"	"Midday"	"020"	0	2	0	2	"02"	"20"	2	2
"1041     Fri. Feb 17, 1995          7          4          1     "	1041	1995-02-17	"Fri"	"Evening"	"741"	7	4	1	12	"74"	"41"	11	5
"1040     Thu. Feb 16, 1995          4          5          0     "	1040	1995-02-16	"Thu"	"Midday"	"450"	4	5	0	9	"45"	"50"	9	5
"1039     Wed. Feb 15, 1995          6          2          2     "	1039	1995-02-15	"Wed"	"Evening"	"622"	6	2	2	10	"62"	"22"	8	4
"1038     Tue. Feb 14, 1995          3          1          9     "	1038	1995-02-14	"Tue"	"Midday"	"319"	3	1	9	13	"31"	"19"	4	10
"1037     Mon. Feb 13, 1995          4          7          8     "	1037	1995-02-13	"Mon"	"Evening"	"478"	4	7	8	19	"47"	"78"	11	15
"1036     Sun. Feb 12, 1995          2          5          4     "	1036	1995-02-12	"Sun"	"Midday"	"254"	2	5	4	11	"25"	"54"	7	9
"1035     Sat. Feb 11, 1995          4          8          8     "	1035	1995-02-11	"Sat"	"Evening"	"488"	4	8	8	20	"48"	"88"	12	16
"1034     Fri. Feb 10, 1995          2          8          7     "	1034	1995-02-10	"Fri"	"Midday"	"287"	2	8	7	17	"28"	"87"	10	15
"1033     Thu. Feb 09, 1995          0          6          6     "	1033	1995-02-09	"Thu"	"Evening"	"066"	0	6	6	12	"06"	"66"	6	12
"1032     Wed. Feb 08, 1995          2          6          7     "	1032	1995-02-08	"Wed"	"Midday"	"267"	2	6	7	15	"26"	"67"	8	13
"1031     Tue. Feb 07, 1995          5          4          7     "	1031	1995-02-07	"Tue"	"Evening"	"547"	5	4	7	16	"54"	"47"	9	11
"1030     Mon. Feb 06, 1995          4          0          9     "	1030	1995-02-06	"Mon"	"Midday"	"409"	4	0	9	13	"40"	"09"	4	9
"1029     Sun. Feb 05, 1995          7          3          8     "	1029	1995-02-05	"Sun"	"Evening"	"738"	7	3	8	18	"73"	"38"	10	11
"1028     Sat. Feb 04, 1995          6          6          6     "	1028	1995-02-04	"Sat"	"Midday"	"666"	6	6	6	18	"66"	"66"	12	12
"1027     Fri. Feb 03, 1995          6          5          3     "	1027	1995-02-03	"Fri"	"Evening"	"653"	6	5	3	14	"65"	"53"	11	8
"1026     Thu. Feb 02, 1995          9          4          6     "	1026	1995-02-02	"Thu"	"Midday"	"946"	9	4	6	19	"94"	"46"	13	10
"1025     Wed. Feb 01, 1995          9          2          2     "	1025	1995-02-01	"Wed"	"Evening"	"922"	9	2	2	13	"92"	"22"	11	4
"1024     Tue. Jan 31, 1995          4          4          2     "	1024	1995-01-31	"Tue"	"Midday"	"442"	4	4	2	10	"44"	"42"	8	6
"1023     Mon. Jan 30, 1995          2          3          8     "	1023	1995-01-30	"Mon"	"Evening"	"238"	2	3	8	13	"23"	"38"	5	11
"1022     Sun. Jan 29, 1995          8          8          4     "	1022	1995-01-29	"Sun"	"Midday"	"884"	8	8	4	20	"88"	"84"	16	12
"1021     Sat. Jan 28, 1995          0          6          6     "	1021	1995-01-28	"Sat"	"Evening"	"066"	0	6	6	12	"06"	"66"	6	12
"1020     Fri. Jan 27, 1995          8          4          4     "	1020	1995-01-27	"Fri"	"Midday"	"844"	8	4	4	16	"84"	"44"	12	8
"1019     Thu. Jan 26, 1995          0          6          2     "	1019	1995-01-26	"Thu"	"Evening"	"062"	0	6	2	8	"06"	"62"	6	8
"1018     Wed. Jan 25, 1995          0          8          4     "	1018	1995-01-25	"Wed"	"Midday"	"084"	0	8	4	12	"08"	"84"	8	12
"1017     Tue. Jan 24, 1995          0          3          2     "	1017	1995-01-24	"Tue"	"Evening"	"032"	0	3	2	5	"03"	"32"	3	5
"1016     Mon. Jan 23, 1995          9          2          7     "	1016	1995-01-23	"Mon"	"Midday"	"927"	9	2	7	18	"92"	"27"	11	9
"1015     Sun. Jan 22, 1995          3          5          4     "	1015	1995-01-22	"Sun"	"Evening"	"354"	3	5	4	12	"35"	"54"	8	9
"1014     Sat. Jan 21, 1995          5          4          4     "	1014	1995-01-21	"Sat"	"Midday"	"544"	5	4	4	13	"54"	"44"	9	8
"1013     Fri. Jan 20, 1995          5          4          0     "	1013	1995-01-20	"Fri"	"Evening"	"540"	5	4	0	9	"54"	"40"	9	4
"1012     Thu. Jan 19, 1995          6          4          2     "	1012	1995-01-19	"Thu"	"Midday"	"642"	6	4	2	12	"64"	"42"	10	6
"1011     Wed. Jan 18, 1995          4          8          0     "	1011	1995-01-18	"Wed"	"Evening"	"480"	4	8	0	12	"48"	"80"	12	8
"1010     Tue. Jan 17, 1995          4          3          8     "	1010	1995-01-17	"Tue"	"Midday"	"438"	4	3	8	15	"43"	"38"	7	11
"1009     Mon. Jan 16, 1995          9          4          6     "	1009	1995-01-16	"Mon"	"Evening"	"946"	9	4	6	19	"94"	"46"	13	10
"1008     Sun. Jan 15, 1995          0          0          2     "	1008	1995-01-15	"Sun"	"Midday"	"002"	0	0	2	2	"00"	"02"	0	2
"1007     Sat. Jan 14, 1995          1          2          4     "	1007	1995-01-14	"Sat"	"Evening"	"124"	1	2	4	7	"12"	"24"	3	6
"1006     Fri. Jan 13, 1995          7          9          4     "	1006	1995-01-13	"Fri"	"Midday"	"794"	7	9	4	20	"79"	"94"	16	13
"1005     Thu. Jan 12, 1995          0          6          5     "	1005	1995-01-12	"Thu"	"Evening"	"065"	0	6	5	11	"06"	"65"	6	11
"1004     Wed. Jan 11, 1995          6          9          8     "	1004	1995-01-11	"Wed"	"Midday"	"698"	6	9	8	23	"69"	"98"	15	17
"1003     Tue. Jan 10, 1995          5          4          3     "	1003	1995-01-10	"Tue"	"Evening"	"543"	5	4	3	12	"54"	"43"	9	7
"1002     Mon. Jan 09, 1995          1          1          2     "	1002	1995-01-09	"Mon"	"Midday"	"112"	1	1	2	4	"11"	"12"	2	3
"1001     Sun. Jan 08, 1995          0          6          8     "	1001	1995-01-08	"Sun"	"Evening"	"068"	0	6	8	14	"06"	"68"	6	14
"1000     Sat. Jan 07, 1995          5          6          3     "	1000	1995-01-07	"Sat"	"Midday"	"563"	5	6	3	14	"56"	"63"	11	9
"999     Fri. Jan 06, 1995          2          4          7     "	999	1995-01-06	"Fri"	"Evening"	"247"	2	4	7	13	"24"	"47"	6	11
"998     Thu. Jan 05, 1995          6          2          6     "	998	1995-01-05	"Thu"	"Midday"	"626"	6	2	6	14	"62"	"26"	8	8
"997     Wed. Jan 04, 1995          9          1          3     "	997	1995-01-04	"Wed"	"Evening"	"913"	9	1	3	13	"91"	"13"	10	4
"996     Tue. Jan 03, 1995          4          8          9     "	996	1995-01-03	"Tue"	"Midday"	"489"	4	8	9	21	"48"	"89"	12	17
"995     Mon. Jan 02, 1995          0          4          0     "	995	1995-01-02	"Mon"	"Evening"	"040"	0	4	0	4	"04"	"40"	4	4
"994     Sun. Jan 01, 1995          9          1          5     "	994	1995-01-01	"Sun"	"Midday"	"915"	9	1	5	15	"91"	"15"	10	6
"993     Sat. Dec 31, 1994          4          8          9     "	993	1994-12-31	"Sat"	"Evening"	"489"	4	8	9	21	"48"	"89"	12	17
"992     Fri. Dec 30, 1994          7          8          5     "	992	1994-12-30	"Fri"	"Midday"	"785"	7	8	5	20	"78"	"85"	15	13
"991     Thu. Dec 29, 1994          0          3          5     "	991	1994-12-29	"Thu"	"Evening"	"035"	0	3	5	8	"03"	"35"	3	8
"990     Wed. Dec 28, 1994          5          9          6     "	990	1994-12-28	"Wed"	"Midday"	"596"	5	9	6	20	"59"	"96"	14	15
"989     Tue. Dec 27, 1994          6          0          2     "	989	1994-12-27	"Tue"	"Evening"	"602"	6	0	2	8	"60"	"02"	6	2
"988     Mon. Dec 26, 1994          9          6          8     "	988	1994-12-26	"Mon"	"Midday"	"968"	9	6	8	23	"96"	"68"	15	14
"987     Sun. Dec 25, 1994          9          4          2     "	987	1994-12-25	"Sun"	"Evening"	"942"	9	4	2	15	"94"	"42"	13	6
"986     Sat. Dec 24, 1994          2          9          3     "	986	1994-12-24	"Sat"	"Midday"	"293"	2	9	3	14	"29"	"93"	11	12
"985     Fri. Dec 23, 1994          7          4          4     "	985	1994-12-23	"Fri"	"Evening"	"744"	7	4	4	15	"74"	"44"	11	8
"984     Thu. Dec 22, 1994          4          0          5     "	984	1994-12-22	"Thu"	"Midday"	"405"	4	0	5	9	"40"	"05"	4	5
"983     Wed. Dec 21, 1994          0          6          8     "	983	1994-12-21	"Wed"	"Evening"	"068"	0	6	8	14	"06"	"68"	6	14
"982     Tue. Dec 20, 1994          6          4          6     "	982	1994-12-20	"Tue"	"Midday"	"646"	6	4	6	16	"64"	"46"	10	10
"981     Mon. Dec 19, 1994          0          0          3     "	981	1994-12-19	"Mon"	"Evening"	"003"	0	0	3	3	"00"	"03"	0	3
"980     Sun. Dec 18, 1994          0          9          4     "	980	1994-12-18	"Sun"	"Midday"	"094"	0	9	4	13	"09"	"94"	9	13
"979     Sat. Dec 17, 1994          1          2          3     "	979	1994-12-17	"Sat"	"Evening"	"123"	1	2	3	6	"12"	"23"	3	5
"978     Fri. Dec 16, 1994          3          5          5     "	978	1994-12-16	"Fri"	"Midday"	"355"	3	5	5	13	"35"	"55"	8	10
"977     Thu. Dec 15, 1994          4          8          8     "	977	1994-12-15	"Thu"	"Evening"	"488"	4	8	8	20	"48"	"88"	12	16
"976     Wed. Dec 14, 1994          4          3          0     "	976	1994-12-14	"Wed"	"Midday"	"430"	4	3	0	7	"43"	"30"	7	3
"975     Tue. Dec 13, 1994          5          7          9     "	975	1994-12-13	"Tue"	"Evening"	"579"	5	7	9	21	"57"	"79"	12	16
"974     Mon. Dec 12, 1994          3          7          0     "	974	1994-12-12	"Mon"	"Midday"	"370"	3	7	0	10	"37"	"70"	10	7
"973     Sun. Dec 11, 1994          1          9          1     "	973	1994-12-11	"Sun"	"Evening"	"191"	1	9	1	11	"19"	"91"	10	10
"972     Sat. Dec 10, 1994          1          1          6     "	972	1994-12-10	"Sat"	"Midday"	"116"	1	1	6	8	"11"	"16"	2	7
"971     Fri. Dec 09, 1994          6          9          7     "	971	1994-12-09	"Fri"	"Evening"	"697"	6	9	7	22	"69"	"97"	15	16
"970     Thu. Dec 08, 1994          9          2          6     "	970	1994-12-08	"Thu"	"Midday"	"926"	9	2	6	17	"92"	"26"	11	8
"969     Wed. Dec 07, 1994          3          9          9     "	969	1994-12-07	"Wed"	"Evening"	"399"	3	9	9	21	"39"	"99"	12	18
"968     Tue. Dec 06, 1994          9          8          5     "	968	1994-12-06	"Tue"	"Midday"	"985"	9	8	5	22	"98"	"85"	17	13
"967     Mon. Dec 05, 1994          1          9          7     "	967	1994-12-05	"Mon"	"Evening"	"197"	1	9	7	17	"19"	"97"	10	16
"966     Sun. Dec 04, 1994          4          3          3     "	966	1994-12-04	"Sun"	"Midday"	"433"	4	3	3	10	"43"	"33"	7	6
"965     Sat. Dec 03, 1994          5          2          5     "	965	1994-12-03	"Sat"	"Evening"	"525"	5	2	5	12	"52"	"25"	7	7
"964     Fri. Dec 02, 1994          4          1          3     "	964	1994-12-02	"Fri"	"Midday"	"413"	4	1	3	8	"41"	"13"	5	4
"963     Thu. Dec 01, 1994          7          7          9     "	963	1994-12-01	"Thu"	"Evening"	"779"	7	7	9	23	"77"	"79"	14	16
"962     Wed. Nov 30, 1994          3          4          3     "	962	1994-11-30	"Wed"	"Midday"	"343"	3	4	3	10	"34"	"43"	7	7
"961     Tue. Nov 29, 1994          6          4          8     "	961	1994-11-29	"Tue"	"Evening"	"648"	6	4	8	18	"64"	"48"	10	12
"960     Mon. Nov 28, 1994          2          2          8     "	960	1994-11-28	"Mon"	"Midday"	"228"	2	2	8	12	"22"	"28"	4	10
"959     Sun. Nov 27, 1994          3          6          3     "	959	1994-11-27	"Sun"	"Evening"	"363"	3	6	3	12	"36"	"63"	9	9
"958     Sat. Nov 26, 1994          9          3          7     "	958	1994-11-26	"Sat"	"Midday"	"937"	9	3	7	19	"93"	"37"	12	10
"957     Fri. Nov 25, 1994          8          5          1     "	957	1994-11-25	"Fri"	"Evening"	"851"	8	5	1	14	"85"	"51"	13	6
"956     Thu. Nov 24, 1994          3          4          4     "	956	1994-11-24	"Thu"	"Midday"	"344"	3	4	4	11	"34"	"44"	7	8
"955     Wed. Nov 23, 1994          0          9          2     "	955	1994-11-23	"Wed"	"Evening"	"092"	0	9	2	11	"09"	"92"	9	11
"954     Tue. Nov 22, 1994          9          5          6     "	954	1994-11-22	"Tue"	"Midday"	"956"	9	5	6	20	"95"	"56"	14	11
"953     Mon. Nov 21, 1994          6          6          4     "	953	1994-11-21	"Mon"	"Evening"	"664"	6	6	4	16	"66"	"64"	12	10
"952     Sun. Nov 20, 1994          1          9          1     "	952	1994-11-20	"Sun"	"Midday"	"191"	1	9	1	11	"19"	"91"	10	10
"951     Sat. Nov 19, 1994          3          1          5     "	951	1994-11-19	"Sat"	"Evening"	"315"	3	1	5	9	"31"	"15"	4	6
"950     Fri. Nov 18, 1994          1          1          5     "	950	1994-11-18	"Fri"	"Midday"	"115"	1	1	5	7	"11"	"15"	2	6
"949     Thu. Nov 17, 1994          1          4          8     "	949	1994-11-17	"Thu"	"Evening"	"148"	1	4	8	13	"14"	"48"	5	12
"948     Wed. Nov 16, 1994          9          6          1     "	948	1994-11-16	"Wed"	"Midday"	"961"	9	6	1	16	"96"	"61"	15	7
"947     Tue. Nov 15, 1994          4          8          2     "	947	1994-11-15	"Tue"	"Evening"	"482"	4	8	2	14	"48"	"82"	12	10
"946     Mon. Nov 14, 1994          1          9          9     "	946	1994-11-14	"Mon"	"Midday"	"199"	1	9	9	19	"19"	"99"	10	18
"945     Sun. Nov 13, 1994          8          2          9     "	945	1994-11-13	"Sun"	"Evening"	"829"	8	2	9	19	"82"	"29"	10	11
"944     Sat. Nov 12, 1994          2          6          2     "	944	1994-11-12	"Sat"	"Midday"	"262"	2	6	2	10	"26"	"62"	8	8
"943     Fri. Nov 11, 1994          4          9          5     "	943	1994-11-11	"Fri"	"Evening"	"495"	4	9	5	18	"49"	"95"	13	14
"942     Thu. Nov 10, 1994          9          6          3     "	942	1994-11-10	"Thu"	"Midday"	"963"	9	6	3	18	"96"	"63"	15	9
"941     Wed. Nov 09, 1994          2          0          5     "	941	1994-11-09	"Wed"	"Evening"	"205"	2	0	5	7	"20"	"05"	2	5
"940     Tue. Nov 08, 1994          0          0          6     "	940	1994-11-08	"Tue"	"Midday"	"006"	0	0	6	6	"00"	"06"	0	6
"939     Mon. Nov 07, 1994          9          4          6     "	939	1994-11-07	"Mon"	"Evening"	"946"	9	4	6	19	"94"	"46"	13	10
"938     Sun. Nov 06, 1994          7          8          3     "	938	1994-11-06	"Sun"	"Midday"	"783"	7	8	3	18	"78"	"83"	15	11
"937     Sat. Nov 05, 1994          0          9          9     "	937	1994-11-05	"Sat"	"Evening"	"099"	0	9	9	18	"09"	"99"	9	18
"936     Fri. Nov 04, 1994          4          6          2     "	936	1994-11-04	"Fri"	"Midday"	"462"	4	6	2	12	"46"	"62"	10	8
"935     Thu. Nov 03, 1994          8          6          9     "	935	1994-11-03	"Thu"	"Evening"	"869"	8	6	9	23	"86"	"69"	14	15
"934     Wed. Nov 02, 1994          3          0          7     "	934	1994-11-02	"Wed"	"Midday"	"307"	3	0	7	10	"30"	"07"	3	7
"933     Tue. Nov 01, 1994          1          6          2     "	933	1994-11-01	"Tue"	"Evening"	"162"	1	6	2	9	"16"	"62"	7	8
"932     Mon. Oct 31, 1994          2          2          6     "	932	1994-10-31	"Mon"	"Midday"	"226"	2	2	6	10	"22"	"26"	4	8
"931     Sun. Oct 30, 1994          7          4          2     "	931	1994-10-30	"Sun"	"Evening"	"742"	7	4	2	13	"74"	"42"	11	6
"930     Sat. Oct 29, 1994          1          9          4     "	930	1994-10-29	"Sat"	"Midday"	"194"	1	9	4	14	"19"	"94"	10	13
"929     Fri. Oct 28, 1994          3          6          8     "	929	1994-10-28	"Fri"	"Evening"	"368"	3	6	8	17	"36"	"68"	9	14
"928     Thu. Oct 27, 1994          3          1          4     "	928	1994-10-27	"Thu"	"Midday"	"314"	3	1	4	8	"31"	"14"	4	5
"927     Wed. Oct 26, 1994          3          7          8     "	927	1994-10-26	"Wed"	"Evening"	"378"	3	7	8	18	"37"	"78"	10	15
"926     Tue. Oct 25, 1994          0          9          9     "	926	1994-10-25	"Tue"	"Midday"	"099"	0	9	9	18	"09"	"99"	9	18
"925     Mon. Oct 24, 1994          7          9          7     "	925	1994-10-24	"Mon"	"Evening"	"797"	7	9	7	23	"79"	"97"	16	16
"924     Sun. Oct 23, 1994          2          7          6     "	924	1994-10-23	"Sun"	"Midday"	"276"	2	7	6	15	"27"	"76"	9	13
"923     Sat. Oct 22, 1994          3          8          7     "	923	1994-10-22	"Sat"	"Evening"	"387"	3	8	7	18	"38"	"87"	11	15
"922     Fri. Oct 21, 1994          2          2          4     "	922	1994-10-21	"Fri"	"Midday"	"224"	2	2	4	8	"22"	"24"	4	6
"921     Thu. Oct 20, 1994          2          4          1     "	921	1994-10-20	"Thu"	"Evening"	"241"	2	4	1	7	"24"	"41"	6	5
"920     Wed. Oct 19, 1994          3          5          5     "	920	1994-10-19	"Wed"	"Midday"	"355"	3	5	5	13	"35"	"55"	8	10
"919     Tue. Oct 18, 1994          1          0          4     "	919	1994-10-18	"Tue"	"Evening"	"104"	1	0	4	5	"10"	"04"	1	4
"918     Mon. Oct 17, 1994          4          9          4     "	918	1994-10-17	"Mon"	"Midday"	"494"	4	9	4	17	"49"	"94"	13	13
"917     Sun. Oct 16, 1994          1          8          6     "	917	1994-10-16	"Sun"	"Evening"	"186"	1	8	6	15	"18"	"86"	9	14
"916     Sat. Oct 15, 1994          1          2          2     "	916	1994-10-15	"Sat"	"Midday"	"122"	1	2	2	5	"12"	"22"	3	4
"915     Fri. Oct 14, 1994          4          5          8     "	915	1994-10-14	"Fri"	"Evening"	"458"	4	5	8	17	"45"	"58"	9	13
"914     Thu. Oct 13, 1994          3          7          0     "	914	1994-10-13	"Thu"	"Midday"	"370"	3	7	0	10	"37"	"70"	10	7
"913     Wed. Oct 12, 1994          2          7          4     "	913	1994-10-12	"Wed"	"Evening"	"274"	2	7	4	13	"27"	"74"	9	11
"912     Tue. Oct 11, 1994          1          6          7     "	912	1994-10-11	"Tue"	"Midday"	"167"	1	6	7	14	"16"	"67"	7	13
"911     Mon. Oct 10, 1994          3          1          4     "	911	1994-10-10	"Mon"	"Evening"	"314"	3	1	4	8	"31"	"14"	4	5
"910     Sun. Oct 09, 1994          6          6          6     "	910	1994-10-09	"Sun"	"Midday"	"666"	6	6	6	18	"66"	"66"	12	12
"909     Sat. Oct 08, 1994          2          5          3     "	909	1994-10-08	"Sat"	"Evening"	"253"	2	5	3	10	"25"	"53"	7	8
"908     Fri. Oct 07, 1994          7          2          4     "	908	1994-10-07	"Fri"	"Midday"	"724"	7	2	4	13	"72"	"24"	9	6
"907     Thu. Oct 06, 1994          9          5          0     "	907	1994-10-06	"Thu"	"Evening"	"950"	9	5	0	14	"95"	"50"	14	5
"906     Wed. Oct 05, 1994          6          3          9     "	906	1994-10-05	"Wed"	"Midday"	"639"	6	3	9	18	"63"	"39"	9	12
"905     Tue. Oct 04, 1994          4          6          0     "	905	1994-10-04	"Tue"	"Evening"	"460"	4	6	0	10	"46"	"60"	10	6
"904     Mon. Oct 03, 1994          1          8          5     "	904	1994-10-03	"Mon"	"Midday"	"185"	1	8	5	14	"18"	"85"	9	13
"903     Sun. Oct 02, 1994          5          7          2     "	903	1994-10-02	"Sun"	"Evening"	"572"	5	7	2	14	"57"	"72"	12	9
"902     Sat. Oct 01, 1994          9          5          3     "	902	1994-10-01	"Sat"	"Midday"	"953"	9	5	3	17	"95"	"53"	14	8
"901     Fri. Sep 30, 1994          4          0          4     "	901	1994-09-30	"Fri"	"Evening"	"404"	4	0	4	8	"40"	"04"	4	4
"900     Thu. Sep 29, 1994          2          7          8     "	900	1994-09-29	"Thu"	"Midday"	"278"	2	7	8	17	"27"	"78"	9	15
"899     Wed. Sep 28, 1994          0          4          6     "	899	1994-09-28	"Wed"	"Evening"	"046"	0	4	6	10	"04"	"46"	4	10
"898     Tue. Sep 27, 1994          3          2          1     "	898	1994-09-27	"Tue"	"Midday"	"321"	3	2	1	6	"32"	"21"	5	3
"897     Mon. Sep 26, 1994          8          2          1     "	897	1994-09-26	"Mon"	"Evening"	"821"	8	2	1	11	"82"	"21"	10	3
"896     Sun. Sep 25, 1994          9          7          0     "	896	1994-09-25	"Sun"	"Midday"	"970"	9	7	0	16	"97"	"70"	16	7
"895     Sat. Sep 24, 1994          6          6          5     "	895	1994-09-24	"Sat"	"Evening"	"665"	6	6	5	17	"66"	"65"	12	11
"894     Fri. Sep 23, 1994          5          9          4     "	894	1994-09-23	"Fri"	"Midday"	"594"	5	9	4	18	"59"	"94"	14	13
"893     Thu. Sep 22, 1994          6          1          5     "	893	1994-09-22	"Thu"	"Evening"	"615"	6	1	5	12	"61"	"15"	7	6
"892     Wed. Sep 21, 1994          2          7          7     "	892	1994-09-21	"Wed"	"Midday"	"277"	2	7	7	16	"27"	"77"	9	14
"891     Tue. Sep 20, 1994          5          0          4     "	891	1994-09-20	"Tue"	"Evening"	"504"	5	0	4	9	"50"	"04"	5	4
"890     Mon. Sep 19, 1994          0          3          0     "	890	1994-09-19	"Mon"	"Midday"	"030"	0	3	0	3	"03"	"30"	3	3
"889     Sun. Sep 18, 1994          2          7          5     "	889	1994-09-18	"Sun"	"Evening"	"275"	2	7	5	14	"27"	"75"	9	12
"888     Sat. Sep 17, 1994          1          0          8     "	888	1994-09-17	"Sat"	"Midday"	"108"	1	0	8	9	"10"	"08"	1	8
"887     Fri. Sep 16, 1994          4          6          0     "	887	1994-09-16	"Fri"	"Evening"	"460"	4	6	0	10	"46"	"60"	10	6
"886     Thu. Sep 15, 1994          5          4          0     "	886	1994-09-15	"Thu"	"Midday"	"540"	5	4	0	9	"54"	"40"	9	4
"885     Wed. Sep 14, 1994          2          2          5     "	885	1994-09-14	"Wed"	"Evening"	"225"	2	2	5	9	"22"	"25"	4	7
"884     Tue. Sep 13, 1994          4          3          5     "	884	1994-09-13	"Tue"	"Midday"	"435"	4	3	5	12	"43"	"35"	7	8
"883     Mon. Sep 12, 1994          4          8          8     "	883	1994-09-12	"Mon"	"Evening"	"488"	4	8	8	20	"48"	"88"	12	16
"882     Sun. Sep 11, 1994          7          2          5     "	882	1994-09-11	"Sun"	"Midday"	"725"	7	2	5	14	"72"	"25"	9	7
"881     Sat. Sep 10, 1994          8          9          9     "	881	1994-09-10	"Sat"	"Evening"	"899"	8	9	9	26	"89"	"99"	17	18
"880     Fri. Sep 09, 1994          6          4          7     "	880	1994-09-09	"Fri"	"Midday"	"647"	6	4	7	17	"64"	"47"	10	11
"879     Thu. Sep 08, 1994          8          2          3     "	879	1994-09-08	"Thu"	"Evening"	"823"	8	2	3	13	"82"	"23"	10	5
"878     Wed. Sep 07, 1994          9          2          3     "	878	1994-09-07	"Wed"	"Midday"	"923"	9	2	3	14	"92"	"23"	11	5
"877     Tue. Sep 06, 1994          7          0          0     "	877	1994-09-06	"Tue"	"Evening"	"700"	7	0	0	7	"70"	"00"	7	0
"876     Mon. Sep 05, 1994          5          8          1     "	876	1994-09-05	"Mon"	"Midday"	"581"	5	8	1	14	"58"	"81"	13	9
"875     Sun. Sep 04, 1994          2          4          9     "	875	1994-09-04	"Sun"	"Evening"	"249"	2	4	9	15	"24"	"49"	6	13
"874     Sat. Sep 03, 1994          6          9          7     "	874	1994-09-03	"Sat"	"Midday"	"697"	6	9	7	22	"69"	"97"	15	16
"873     Fri. Sep 02, 1994          3          6          7     "	873	1994-09-02	"Fri"	"Evening"	"367"	3	6	7	16	"36"	"67"	9	13
"872     Thu. Sep 01, 1994          1          4          7     "	872	1994-09-01	"Thu"	"Midday"	"147"	1	4	7	12	"14"	"47"	5	11
"871     Wed. Aug 31, 1994          0          9          2     "	871	1994-08-31	"Wed"	"Evening"	"092"	0	9	2	11	"09"	"92"	9	11
"870     Tue. Aug 30, 1994          1          1          3     "	870	1994-08-30	"Tue"	"Midday"	"113"	1	1	3	5	"11"	"13"	2	4
"869     Mon. Aug 29, 1994          4          9          7     "	869	1994-08-29	"Mon"	"Evening"	"497"	4	9	7	20	"49"	"97"	13	16
"868     Sun. Aug 28, 1994          0          4          2     "	868	1994-08-28	"Sun"	"Midday"	"042"	0	4	2	6	"04"	"42"	4	6
"867     Sat. Aug 27, 1994          2          9          7     "	867	1994-08-27	"Sat"	"Evening"	"297"	2	9	7	18	"29"	"97"	11	16
"866     Fri. Aug 26, 1994          6          9          4     "	866	1994-08-26	"Fri"	"Midday"	"694"	6	9	4	19	"69"	"94"	15	13
"865     Thu. Aug 25, 1994          7          1          0     "	865	1994-08-25	"Thu"	"Evening"	"710"	7	1	0	8	"71"	"10"	8	1
"864     Wed. Aug 24, 1994          4          4          1     "	864	1994-08-24	"Wed"	"Midday"	"441"	4	4	1	9	"44"	"41"	8	5
"863     Tue. Aug 23, 1994          2          7          1     "	863	1994-08-23	"Tue"	"Evening"	"271"	2	7	1	10	"27"	"71"	9	8
"862     Mon. Aug 22, 1994          3          5          5     "	862	1994-08-22	"Mon"	"Midday"	"355"	3	5	5	13	"35"	"55"	8	10
"861     Sun. Aug 21, 1994          8          3          0     "	861	1994-08-21	"Sun"	"Evening"	"830"	8	3	0	11	"83"	"30"	11	3
"860     Sat. Aug 20, 1994          2          7          8     "	860	1994-08-20	"Sat"	"Midday"	"278"	2	7	8	17	"27"	"78"	9	15
"859     Fri. Aug 19, 1994          5          6          8     "	859	1994-08-19	"Fri"	"Evening"	"568"	5	6	8	19	"56"	"68"	11	14
"858     Thu. Aug 18, 1994          0          2          4     "	858	1994-08-18	"Thu"	"Midday"	"024"	0	2	4	6	"02"	"24"	2	6
"857     Wed. Aug 17, 1994          4          5          3     "	857	1994-08-17	"Wed"	"Evening"	"453"	4	5	3	12	"45"	"53"	9	8
"856     Tue. Aug 16, 1994          9          6          7     "	856	1994-08-16	"Tue"	"Midday"	"967"	9	6	7	22	"96"	"67"	15	13
"855     Mon. Aug 15, 1994          6          0          9     "	855	1994-08-15	"Mon"	"Evening"	"609"	6	0	9	15	"60"	"09"	6	9
"854     Sun. Aug 14, 1994          0          2          4     "	854	1994-08-14	"Sun"	"Midday"	"024"	0	2	4	6	"02"	"24"	2	6
"853     Sat. Aug 13, 1994          9          5          2     "	853	1994-08-13	"Sat"	"Evening"	"952"	9	5	2	16	"95"	"52"	14	7
"852     Fri. Aug 12, 1994          8          3          0     "	852	1994-08-12	"Fri"	"Midday"	"830"	8	3	0	11	"83"	"30"	11	3
"851     Thu. Aug 11, 1994          3          3          0     "	851	1994-08-11	"Thu"	"Evening"	"330"	3	3	0	6	"33"	"30"	6	3
"850     Wed. Aug 10, 1994          1          8          9     "	850	1994-08-10	"Wed"	"Midday"	"189"	1	8	9	18	"18"	"89"	9	17
"849     Tue. Aug 09, 1994          4          2          4     "	849	1994-08-09	"Tue"	"Evening"	"424"	4	2	4	10	"42"	"24"	6	6
"848     Mon. Aug 08, 1994          7          7          3     "	848	1994-08-08	"Mon"	"Midday"	"773"	7	7	3	17	"77"	"73"	14	10
"847     Sun. Aug 07, 1994          0          1          2     "	847	1994-08-07	"Sun"	"Evening"	"012"	0	1	2	3	"01"	"12"	1	3
"846     Sat. Aug 06, 1994          0          8          8     "	846	1994-08-06	"Sat"	"Midday"	"088"	0	8	8	16	"08"	"88"	8	16
"845     Fri. Aug 05, 1994          4          3          1     "	845	1994-08-05	"Fri"	"Evening"	"431"	4	3	1	8	"43"	"31"	7	4
"844     Thu. Aug 04, 1994          6          7          0     "	844	1994-08-04	"Thu"	"Midday"	"670"	6	7	0	13	"67"	"70"	13	7
"843     Wed. Aug 03, 1994          8          6          7     "	843	1994-08-03	"Wed"	"Evening"	"867"	8	6	7	21	"86"	"67"	14	13
"842     Tue. Aug 02, 1994          7          5          0     "	842	1994-08-02	"Tue"	"Midday"	"750"	7	5	0	12	"75"	"50"	12	5
"841     Mon. Aug 01, 1994          2          7          6     "	841	1994-08-01	"Mon"	"Evening"	"276"	2	7	6	15	"27"	"76"	9	13
"840     Sun. Jul 31, 1994          9          0          9     "	840	1994-07-31	"Sun"	"Midday"	"909"	9	0	9	18	"90"	"09"	9	9
"839     Sat. Jul 30, 1994          6          6          9     "	839	1994-07-30	"Sat"	"Evening"	"669"	6	6	9	21	"66"	"69"	12	15
"838     Fri. Jul 29, 1994          2          3          8     "	838	1994-07-29	"Fri"	"Midday"	"238"	2	3	8	13	"23"	"38"	5	11
"837     Thu. Jul 28, 1994          7          8          5     "	837	1994-07-28	"Thu"	"Evening"	"785"	7	8	5	20	"78"	"85"	15	13
"836     Wed. Jul 27, 1994          3          7          1     "	836	1994-07-27	"Wed"	"Midday"	"371"	3	7	1	11	"37"	"71"	10	8
"835     Tue. Jul 26, 1994          9          2          9     "	835	1994-07-26	"Tue"	"Evening"	"929"	9	2	9	20	"92"	"29"	11	11
"834     Mon. Jul 25, 1994          0          3          9     "	834	1994-07-25	"Mon"	"Midday"	"039"	0	3	9	12	"03"	"39"	3	12
"833     Sun. Jul 24, 1994          8          8          2     "	833	1994-07-24	"Sun"	"Evening"	"882"	8	8	2	18	"88"	"82"	16	10
"832     Sat. Jul 23, 1994          2          3          7     "	832	1994-07-23	"Sat"	"Midday"	"237"	2	3	7	12	"23"	"37"	5	10
"831     Fri. Jul 22, 1994          2          2          7     "	831	1994-07-22	"Fri"	"Evening"	"227"	2	2	7	11	"22"	"27"	4	9
"830     Thu. Jul 21, 1994          5          6          9     "	830	1994-07-21	"Thu"	"Midday"	"569"	5	6	9	20	"56"	"69"	11	15
"829     Wed. Jul 20, 1994          4          8          9     "	829	1994-07-20	"Wed"	"Evening"	"489"	4	8	9	21	"48"	"89"	12	17
"828     Tue. Jul 19, 1994          4          3          8     "	828	1994-07-19	"Tue"	"Midday"	"438"	4	3	8	15	"43"	"38"	7	11
"827     Mon. Jul 18, 1994          9          6          1     "	827	1994-07-18	"Mon"	"Evening"	"961"	9	6	1	16	"96"	"61"	15	7
"826     Sun. Jul 17, 1994          6          9          1     "	826	1994-07-17	"Sun"	"Midday"	"691"	6	9	1	16	"69"	"91"	15	10
"825     Sat. Jul 16, 1994          1          7          1     "	825	1994-07-16	"Sat"	"Evening"	"171"	1	7	1	9	"17"	"71"	8	8
"824     Fri. Jul 15, 1994          3          2          5     "	824	1994-07-15	"Fri"	"Midday"	"325"	3	2	5	10	"32"	"25"	5	7
"823     Thu. Jul 14, 1994          0          1          5     "	823	1994-07-14	"Thu"	"Evening"	"015"	0	1	5	6	"01"	"15"	1	6
"822     Wed. Jul 13, 1994          8          3          2     "	822	1994-07-13	"Wed"	"Midday"	"832"	8	3	2	13	"83"	"32"	11	5
"821     Tue. Jul 12, 1994          0          7          3     "	821	1994-07-12	"Tue"	"Evening"	"073"	0	7	3	10	"07"	"73"	7	10
"820     Mon. Jul 11, 1994          7          7          7     "	820	1994-07-11	"Mon"	"Midday"	"777"	7	7	7	21	"77"	"77"	14	14
"819     Sun. Jul 10, 1994          6          1          1     "	819	1994-07-10	"Sun"	"Evening"	"611"	6	1	1	8	"61"	"11"	7	2
"818     Sat. Jul 09, 1994          4          9          8     "	818	1994-07-09	"Sat"	"Midday"	"498"	4	9	8	21	"49"	"98"	13	17
"817     Fri. Jul 08, 1994          1          6          5     "	817	1994-07-08	"Fri"	"Evening"	"165"	1	6	5	12	"16"	"65"	7	11
"816     Thu. Jul 07, 1994          4          2          4     "	816	1994-07-07	"Thu"	"Midday"	"424"	4	2	4	10	"42"	"24"	6	6
"815     Wed. Jul 06, 1994          5          4          9     "	815	1994-07-06	"Wed"	"Evening"	"549"	5	4	9	18	"54"	"49"	9	13
"814     Tue. Jul 05, 1994          3          2          1     "	814	1994-07-05	"Tue"	"Midday"	"321"	3	2	1	6	"32"	"21"	5	3
"813     Mon. Jul 04, 1994          6          8          1     "	813	1994-07-04	"Mon"	"Evening"	"681"	6	8	1	15	"68"	"81"	14	9
"812     Sun. Jul 03, 1994          4          2          4     "	812	1994-07-03	"Sun"	"Midday"	"424"	4	2	4	10	"42"	"24"	6	6
"811     Sat. Jul 02, 1994          6          4          4     "	811	1994-07-02	"Sat"	"Evening"	"644"	6	4	4	14	"64"	"44"	10	8
"810     Fri. Jul 01, 1994          0          0          3     "	810	1994-07-01	"Fri"	"Midday"	"003"	0	0	3	3	"00"	"03"	0	3
"809     Thu. Jun 30, 1994          5          0          5     "	809	1994-06-30	"Thu"	"Evening"	"505"	5	0	5	10	"50"	"05"	5	5
"808     Wed. Jun 29, 1994          6          6          9     "	808	1994-06-29	"Wed"	"Midday"	"669"	6	6	9	21	"66"	"69"	12	15
"807     Tue. Jun 28, 1994          2          1          7     "	807	1994-06-28	"Tue"	"Evening"	"217"	2	1	7	10	"21"	"17"	3	8
"806     Mon. Jun 27, 1994          9          9          4     "	806	1994-06-27	"Mon"	"Midday"	"994"	9	9	4	22	"99"	"94"	18	13
"805     Sun. Jun 26, 1994          6          6          2     "	805	1994-06-26	"Sun"	"Evening"	"662"	6	6	2	14	"66"	"62"	12	8
"804     Sat. Jun 25, 1994          4          7          4     "	804	1994-06-25	"Sat"	"Midday"	"474"	4	7	4	15	"47"	"74"	11	11
"803     Fri. Jun 24, 1994          8          8          8     "	803	1994-06-24	"Fri"	"Evening"	"888"	8	8	8	24	"88"	"88"	16	16
"802     Thu. Jun 23, 1994          6          1          0     "	802	1994-06-23	"Thu"	"Midday"	"610"	6	1	0	7	"61"	"10"	7	1
"801     Wed. Jun 22, 1994          4          9          2     "	801	1994-06-22	"Wed"	"Evening"	"492"	4	9	2	15	"49"	"92"	13	11
"800     Tue. Jun 21, 1994          5          9          0     "	800	1994-06-21	"Tue"	"Midday"	"590"	5	9	0	14	"59"	"90"	14	9
"799     Mon. Jun 20, 1994          7          7          6     "	799	1994-06-20	"Mon"	"Evening"	"776"	7	7	6	20	"77"	"76"	14	13
"798     Sun. Jun 19, 1994          0          0          0     "	798	1994-06-19	"Sun"	"Midday"	"000"	0	0	0	0	"00"	"00"	0	0
"797     Sat. Jun 18, 1994          6          5          6     "	797	1994-06-18	"Sat"	"Evening"	"656"	6	5	6	17	"65"	"56"	11	11
"796     Fri. Jun 17, 1994          5          7          8     "	796	1994-06-17	"Fri"	"Midday"	"578"	5	7	8	20	"57"	"78"	12	15
"795     Thu. Jun 16, 1994          9          7          8     "	795	1994-06-16	"Thu"	"Evening"	"978"	9	7	8	24	"97"	"78"	16	15
"794     Wed. Jun 15, 1994          3          4          6     "	794	1994-06-15	"Wed"	"Midday"	"346"	3	4	6	13	"34"	"46"	7	10
"793     Tue. Jun 14, 1994          8          3          4     "	793	1994-06-14	"Tue"	"Evening"	"834"	8	3	4	15	"83"	"34"	11	7
"792     Mon. Jun 13, 1994          2          9          9     "	792	1994-06-13	"Mon"	"Midday"	"299"	2	9	9	20	"29"	"99"	11	18
"791     Sun. Jun 12, 1994          3          6          3     "	791	1994-06-12	"Sun"	"Evening"	"363"	3	6	3	12	"36"	"63"	9	9
"790     Sat. Jun 11, 1994          5          5          6     "	790	1994-06-11	"Sat"	"Midday"	"556"	5	5	6	16	"55"	"56"	10	11
"789     Fri. Jun 10, 1994          6          4          3     "	789	1994-06-10	"Fri"	"Evening"	"643"	6	4	3	13	"64"	"43"	10	7
"788     Thu. Jun 09, 1994          4          3          5     "	788	1994-06-09	"Thu"	"Midday"	"435"	4	3	5	12	"43"	"35"	7	8
"787     Wed. Jun 08, 1994          2          7          3     "	787	1994-06-08	"Wed"	"Evening"	"273"	2	7	3	12	"27"	"73"	9	10
"786     Tue. Jun 07, 1994          2          6          5     "	786	1994-06-07	"Tue"	"Midday"	"265"	2	6	5	13	"26"	"65"	8	11
"785     Mon. Jun 06, 1994          0          2          9     "	785	1994-06-06	"Mon"	"Evening"	"029"	0	2	9	11	"02"	"29"	2	11
"784     Sun. Jun 05, 1994          3          9          3     "	784	1994-06-05	"Sun"	"Midday"	"393"	3	9	3	15	"39"	"93"	12	12
"783     Sat. Jun 04, 1994          2          9          3     "	783	1994-06-04	"Sat"	"Evening"	"293"	2	9	3	14	"29"	"93"	11	12
"782     Fri. Jun 03, 1994          7          6          1     "	782	1994-06-03	"Fri"	"Midday"	"761"	7	6	1	14	"76"	"61"	13	7
"781     Thu. Jun 02, 1994          9          8          0     "	781	1994-06-02	"Thu"	"Evening"	"980"	9	8	0	17	"98"	"80"	17	8
"780     Wed. Jun 01, 1994          6          0          5     "	780	1994-06-01	"Wed"	"Midday"	"605"	6	0	5	11	"60"	"05"	6	5
"779     Tue. May 31, 1994          2          7          8     "	779	1994-05-31	"Tue"	"Evening"	"278"	2	7	8	17	"27"	"78"	9	15
"778     Mon. May 30, 1994          1          7          7     "	778	1994-05-30	"Mon"	"Midday"	"177"	1	7	7	15	"17"	"77"	8	14
"777     Sun. May 29, 1994          7          3          2     "	777	1994-05-29	"Sun"	"Evening"	"732"	7	3	2	12	"73"	"32"	10	5
"776     Sat. May 28, 1994          0          1          2     "	776	1994-05-28	"Sat"	"Midday"	"012"	0	1	2	3	"01"	"12"	1	3
"775     Fri. May 27, 1994          5          8          0     "	775	1994-05-27	"Fri"	"Evening"	"580"	5	8	0	13	"58"	"80"	13	8
"774     Thu. May 26, 1994          6          9          5     "	774	1994-05-26	"Thu"	"Midday"	"695"	6	9	5	20	"69"	"95"	15	14
"773     Wed. May 25, 1994          3          5          6     "	773	1994-05-25	"Wed"	"Evening"	"356"	3	5	6	14	"35"	"56"	8	11
"772     Tue. May 24, 1994          0          6          8     "	772	1994-05-24	"Tue"	"Midday"	"068"	0	6	8	14	"06"	"68"	6	14
"771     Mon. May 23, 1994          8          8          0     "	771	1994-05-23	"Mon"	"Evening"	"880"	8	8	0	16	"88"	"80"	16	8
"770     Sun. May 22, 1994          7          5          0     "	770	1994-05-22	"Sun"	"Midday"	"750"	7	5	0	12	"75"	"50"	12	5
"769     Sat. May 21, 1994          6          0          7     "	769	1994-05-21	"Sat"	"Evening"	"607"	6	0	7	13	"60"	"07"	6	7
"768     Fri. May 20, 1994          5          5          2     "	768	1994-05-20	"Fri"	"Midday"	"552"	5	5	2	12	"55"	"52"	10	7
"767     Thu. May 19, 1994          0          3          5     "	767	1994-05-19	"Thu"	"Evening"	"035"	0	3	5	8	"03"	"35"	3	8
"766     Wed. May 18, 1994          2          5          2     "	766	1994-05-18	"Wed"	"Midday"	"252"	2	5	2	9	"25"	"52"	7	7
"765     Tue. May 17, 1994          0          1          4     "	765	1994-05-17	"Tue"	"Evening"	"014"	0	1	4	5	"01"	"14"	1	5
"764     Mon. May 16, 1994          0          0          8     "	764	1994-05-16	"Mon"	"Midday"	"008"	0	0	8	8	"00"	"08"	0	8
"763     Sun. May 15, 1994          2          3          1     "	763	1994-05-15	"Sun"	"Evening"	"231"	2	3	1	6	"23"	"31"	5	4
"762     Sat. May 14, 1994          0          4          3     "	762	1994-05-14	"Sat"	"Midday"	"043"	0	4	3	7	"04"	"43"	4	7
"761     Fri. May 13, 1994          5          7          8     "	761	1994-05-13	"Fri"	"Evening"	"578"	5	7	8	20	"57"	"78"	12	15
"760     Thu. May 12, 1994          0          0          9     "	760	1994-05-12	"Thu"	"Midday"	"009"	0	0	9	9	"00"	"09"	0	9
"759     Wed. May 11, 1994          2          1          9     "	759	1994-05-11	"Wed"	"Evening"	"219"	2	1	9	12	"21"	"19"	3	10
"758     Tue. May 10, 1994          4          6          5     "	758	1994-05-10	"Tue"	"Midday"	"465"	4	6	5	15	"46"	"65"	10	11
"757     Mon. May 09, 1994          3          1          0     "	757	1994-05-09	"Mon"	"Evening"	"310"	3	1	0	4	"31"	"10"	4	1
"756     Sun. May 08, 1994          7          2          4     "	756	1994-05-08	"Sun"	"Midday"	"724"	7	2	4	13	"72"	"24"	9	6
"755     Sat. May 07, 1994          5          4          3     "	755	1994-05-07	"Sat"	"Evening"	"543"	5	4	3	12	"54"	"43"	9	7
"754     Fri. May 06, 1994          0          2          5     "	754	1994-05-06	"Fri"	"Midday"	"025"	0	2	5	7	"02"	"25"	2	7
"753     Thu. May 05, 1994          1          3          3     "	753	1994-05-05	"Thu"	"Evening"	"133"	1	3	3	7	"13"	"33"	4	6
"752     Wed. May 04, 1994          6          9          6     "	752	1994-05-04	"Wed"	"Midday"	"696"	6	9	6	21	"69"	"96"	15	15
"751     Tue. May 03, 1994          9          2          6     "	751	1994-05-03	"Tue"	"Evening"	"926"	9	2	6	17	"92"	"26"	11	8
"750     Mon. May 02, 1994          5          9          8     "	750	1994-05-02	"Mon"	"Midday"	"598"	5	9	8	22	"59"	"98"	14	17
"749     Sun. May 01, 1994          7          9          0     "	749	1994-05-01	"Sun"	"Evening"	"790"	7	9	0	16	"79"	"90"	16	9
"748     Sat. Apr 30, 1994          0          2          2     "	748	1994-04-30	"Sat"	"Midday"	"022"	0	2	2	4	"02"	"22"	2	4
"747     Fri. Apr 29, 1994          9          2          7     "	747	1994-04-29	"Fri"	"Evening"	"927"	9	2	7	18	"92"	"27"	11	9
"746     Thu. Apr 28, 1994          1          0          7     "	746	1994-04-28	"Thu"	"Midday"	"107"	1	0	7	8	"10"	"07"	1	7
"745     Wed. Apr 27, 1994          4          9          2     "	745	1994-04-27	"Wed"	"Evening"	"492"	4	9	2	15	"49"	"92"	13	11
"744     Tue. Apr 26, 1994          9          3          2     "	744	1994-04-26	"Tue"	"Midday"	"932"	9	3	2	14	"93"	"32"	12	5
"743     Mon. Apr 25, 1994          6          1          9     "	743	1994-04-25	"Mon"	"Evening"	"619"	6	1	9	16	"61"	"19"	7	10
"742     Sun. Apr 24, 1994          8          7          1     "	742	1994-04-24	"Sun"	"Midday"	"871"	8	7	1	16	"87"	"71"	15	8
"741     Sat. Apr 23, 1994          4          0          7     "	741	1994-04-23	"Sat"	"Evening"	"407"	4	0	7	11	"40"	"07"	4	7
"740     Fri. Apr 22, 1994          2          6          7     "	740	1994-04-22	"Fri"	"Midday"	"267"	2	6	7	15	"26"	"67"	8	13
"739     Thu. Apr 21, 1994          4          2          0     "	739	1994-04-21	"Thu"	"Evening"	"420"	4	2	0	6	"42"	"20"	6	2
"738     Wed. Apr 20, 1994          9          0          5     "	738	1994-04-20	"Wed"	"Midday"	"905"	9	0	5	14	"90"	"05"	9	5
"737     Tue. Apr 19, 1994          1          1          2     "	737	1994-04-19	"Tue"	"Evening"	"112"	1	1	2	4	"11"	"12"	2	3
"736     Mon. Apr 18, 1994          8          0          6     "	736	1994-04-18	"Mon"	"Midday"	"806"	8	0	6	14	"80"	"06"	8	6
"735     Sun. Apr 17, 1994          5          2          4     "	735	1994-04-17	"Sun"	"Evening"	"524"	5	2	4	11	"52"	"24"	7	6
"734     Sat. Apr 16, 1994          6          7          9     "	734	1994-04-16	"Sat"	"Midday"	"679"	6	7	9	22	"67"	"79"	13	16
"733     Fri. Apr 15, 1994          2          4          5     "	733	1994-04-15	"Fri"	"Evening"	"245"	2	4	5	11	"24"	"45"	6	9
"732     Thu. Apr 14, 1994          2          4          1     "	732	1994-04-14	"Thu"	"Midday"	"241"	2	4	1	7	"24"	"41"	6	5
"731     Wed. Apr 13, 1994          9          0          7     "	731	1994-04-13	"Wed"	"Evening"	"907"	9	0	7	16	"90"	"07"	9	7
"730     Tue. Apr 12, 1994          2          6          5     "	730	1994-04-12	"Tue"	"Midday"	"265"	2	6	5	13	"26"	"65"	8	11
"729     Mon. Apr 11, 1994          6          5          5     "	729	1994-04-11	"Mon"	"Evening"	"655"	6	5	5	16	"65"	"55"	11	10
"728     Sun. Apr 10, 1994          3          7          7     "	728	1994-04-10	"Sun"	"Midday"	"377"	3	7	7	17	"37"	"77"	10	14
"727     Sat. Apr 09, 1994          8          6          9     "	727	1994-04-09	"Sat"	"Evening"	"869"	8	6	9	23	"86"	"69"	14	15
"726     Fri. Apr 08, 1994          6          6          4     "	726	1994-04-08	"Fri"	"Midday"	"664"	6	6	4	16	"66"	"64"	12	10
"725     Thu. Apr 07, 1994          4          1          3     "	725	1994-04-07	"Thu"	"Evening"	"413"	4	1	3	8	"41"	"13"	5	4
"724     Wed. Apr 06, 1994          6          3          9     "	724	1994-04-06	"Wed"	"Midday"	"639"	6	3	9	18	"63"	"39"	9	12
"723     Tue. Apr 05, 1994          7          4          5     "	723	1994-04-05	"Tue"	"Evening"	"745"	7	4	5	16	"74"	"45"	11	9
"722     Mon. Apr 04, 1994          3          6          6     "	722	1994-04-04	"Mon"	"Midday"	"366"	3	6	6	15	"36"	"66"	9	12
"721     Sun. Apr 03, 1994          2          9          4     "	721	1994-04-03	"Sun"	"Evening"	"294"	2	9	4	15	"29"	"94"	11	13
"720     Sat. Apr 02, 1994          6          4          5     "	720	1994-04-02	"Sat"	"Midday"	"645"	6	4	5	15	"64"	"45"	10	9
"719     Fri. Apr 01, 1994          0          9          7     "	719	1994-04-01	"Fri"	"Evening"	"097"	0	9	7	16	"09"	"97"	9	16
"718     Thu. Mar 31, 1994          4          7          4     "	718	1994-03-31	"Thu"	"Midday"	"474"	4	7	4	15	"47"	"74"	11	11
"717     Wed. Mar 30, 1994          7          4          1     "	717	1994-03-30	"Wed"	"Evening"	"741"	7	4	1	12	"74"	"41"	11	5
"716     Tue. Mar 29, 1994          0          1          6     "	716	1994-03-29	"Tue"	"Midday"	"016"	0	1	6	7	"01"	"16"	1	7
"715     Mon. Mar 28, 1994          1          2          2     "	715	1994-03-28	"Mon"	"Evening"	"122"	1	2	2	5	"12"	"22"	3	4
"714     Sun. Mar 27, 1994          6          1          2     "	714	1994-03-27	"Sun"	"Midday"	"612"	6	1	2	9	"61"	"12"	7	3
"713     Sat. Mar 26, 1994          7          9          2     "	713	1994-03-26	"Sat"	"Evening"	"792"	7	9	2	18	"79"	"92"	16	11
"712     Fri. Mar 25, 1994          9          7          0     "	712	1994-03-25	"Fri"	"Midday"	"970"	9	7	0	16	"97"	"70"	16	7
"711     Thu. Mar 24, 1994          8          2          3     "	711	1994-03-24	"Thu"	"Evening"	"823"	8	2	3	13	"82"	"23"	10	5
"710     Wed. Mar 23, 1994          6          4          6     "	710	1994-03-23	"Wed"	"Midday"	"646"	6	4	6	16	"64"	"46"	10	10
"709     Tue. Mar 22, 1994          2          8          7     "	709	1994-03-22	"Tue"	"Evening"	"287"	2	8	7	17	"28"	"87"	10	15
"708     Mon. Mar 21, 1994          4          1          3     "	708	1994-03-21	"Mon"	"Midday"	"413"	4	1	3	8	"41"	"13"	5	4
"707     Sun. Mar 20, 1994          8          5          1     "	707	1994-03-20	"Sun"	"Evening"	"851"	8	5	1	14	"85"	"51"	13	6
"706     Sat. Mar 19, 1994          1          2          6     "	706	1994-03-19	"Sat"	"Midday"	"126"	1	2	6	9	"12"	"26"	3	8
"705     Fri. Mar 18, 1994          3          6          0     "	705	1994-03-18	"Fri"	"Evening"	"360"	3	6	0	9	"36"	"60"	9	6
"704     Thu. Mar 17, 1994          5          2          8     "	704	1994-03-17	"Thu"	"Midday"	"528"	5	2	8	15	"52"	"28"	7	10
"703     Wed. Mar 16, 1994          0          2          5     "	703	1994-03-16	"Wed"	"Evening"	"025"	0	2	5	7	"02"	"25"	2	7
"702     Tue. Mar 15, 1994          2          0          7     "	702	1994-03-15	"Tue"	"Midday"	"207"	2	0	7	9	"20"	"07"	2	7
"701     Mon. Mar 14, 1994          1          5          0     "	701	1994-03-14	"Mon"	"Evening"	"150"	1	5	0	6	"15"	"50"	6	5
"700     Sun. Mar 13, 1994          6          3          4     "	700	1994-03-13	"Sun"	"Midday"	"634"	6	3	4	13	"63"	"34"	9	7
"699     Sat. Mar 12, 1994          9          6          4     "	699	1994-03-12	"Sat"	"Evening"	"964"	9	6	4	19	"96"	"64"	15	10
"698     Fri. Mar 11, 1994          7          9          8     "	698	1994-03-11	"Fri"	"Midday"	"798"	7	9	8	24	"79"	"98"	16	17
"697     Thu. Mar 10, 1994          5          4          0     "	697	1994-03-10	"Thu"	"Evening"	"540"	5	4	0	9	"54"	"40"	9	4
"696     Wed. Mar 09, 1994          7          8          8     "	696	1994-03-09	"Wed"	"Midday"	"788"	7	8	8	23	"78"	"88"	15	16
"695     Tue. Mar 08, 1994          0          7          4     "	695	1994-03-08	"Tue"	"Evening"	"074"	0	7	4	11	"07"	"74"	7	11
"694     Mon. Mar 07, 1994          4          0          5     "	694	1994-03-07	"Mon"	"Midday"	"405"	4	0	5	9	"40"	"05"	4	5
"693     Sun. Mar 06, 1994          4          3          8     "	693	1994-03-06	"Sun"	"Evening"	"438"	4	3	8	15	"43"	"38"	7	11
"692     Sat. Mar 05, 1994          1          8          9     "	692	1994-03-05	"Sat"	"Midday"	"189"	1	8	9	18	"18"	"89"	9	17
"691     Fri. Mar 04, 1994          5          6          0     "	691	1994-03-04	"Fri"	"Evening"	"560"	5	6	0	11	"56"	"60"	11	6
"690     Thu. Mar 03, 1994          3          4          5     "	690	1994-03-03	"Thu"	"Midday"	"345"	3	4	5	12	"34"	"45"	7	9
"689     Wed. Mar 02, 1994          3          8          9     "	689	1994-03-02	"Wed"	"Evening"	"389"	3	8	9	20	"38"	"89"	11	17
"688     Tue. Mar 01, 1994          4          6          4     "	688	1994-03-01	"Tue"	"Midday"	"464"	4	6	4	14	"46"	"64"	10	10
"687     Mon. Feb 28, 1994          6          7          0     "	687	1994-02-28	"Mon"	"Evening"	"670"	6	7	0	13	"67"	"70"	13	7
"686     Sun. Feb 27, 1994          1          7          6     "	686	1994-02-27	"Sun"	"Midday"	"176"	1	7	6	14	"17"	"76"	8	13
"685     Sat. Feb 26, 1994          7          1          4     "	685	1994-02-26	"Sat"	"Evening"	"714"	7	1	4	12	"71"	"14"	8	5
"684     Fri. Feb 25, 1994          4          1          0     "	684	1994-02-25	"Fri"	"Midday"	"410"	4	1	0	5	"41"	"10"	5	1
"683     Thu. Feb 24, 1994          4          0          1     "	683	1994-02-24	"Thu"	"Evening"	"401"	4	0	1	5	"40"	"01"	4	1
"682     Wed. Feb 23, 1994          5          7          8     "	682	1994-02-23	"Wed"	"Midday"	"578"	5	7	8	20	"57"	"78"	12	15
"681     Tue. Feb 22, 1994          3          7          9     "	681	1994-02-22	"Tue"	"Evening"	"379"	3	7	9	19	"37"	"79"	10	16
"680     Mon. Feb 21, 1994          1          9          4     "	680	1994-02-21	"Mon"	"Midday"	"194"	1	9	4	14	"19"	"94"	10	13
"679     Sun. Feb 20, 1994          5          0          0     "	679	1994-02-20	"Sun"	"Evening"	"500"	5	0	0	5	"50"	"00"	5	0
"678     Sat. Feb 19, 1994          8          3          6     "	678	1994-02-19	"Sat"	"Midday"	"836"	8	3	6	17	"83"	"36"	11	9
"677     Fri. Feb 18, 1994          3          4          4     "	677	1994-02-18	"Fri"	"Evening"	"344"	3	4	4	11	"34"	"44"	7	8
"676     Thu. Feb 17, 1994          7          2          0     "	676	1994-02-17	"Thu"	"Midday"	"720"	7	2	0	9	"72"	"20"	9	2
"675     Wed. Feb 16, 1994          2          2          9     "	675	1994-02-16	"Wed"	"Evening"	"229"	2	2	9	13	"22"	"29"	4	11
"674     Tue. Feb 15, 1994          5          0          4     "	674	1994-02-15	"Tue"	"Midday"	"504"	5	0	4	9	"50"	"04"	5	4
"673     Mon. Feb 14, 1994          3          8          9     "	673	1994-02-14	"Mon"	"Evening"	"389"	3	8	9	20	"38"	"89"	11	17
"672     Sun. Feb 13, 1994          5          8          9     "	672	1994-02-13	"Sun"	"Midday"	"589"	5	8	9	22	"58"	"89"	13	17
"671     Sat. Feb 12, 1994          9          7          3     "	671	1994-02-12	"Sat"	"Evening"	"973"	9	7	3	19	"97"	"73"	16	10
"670     Fri. Feb 11, 1994          4          9          0     "	670	1994-02-11	"Fri"	"Midday"	"490"	4	9	0	13	"49"	"90"	13	9
"669     Thu. Feb 10, 1994          4          8          4     "	669	1994-02-10	"Thu"	"Evening"	"484"	4	8	4	16	"48"	"84"	12	12
"668     Wed. Feb 09, 1994          6          5          0     "	668	1994-02-09	"Wed"	"Midday"	"650"	6	5	0	11	"65"	"50"	11	5
"667     Tue. Feb 08, 1994          4          7          0     "	667	1994-02-08	"Tue"	"Evening"	"470"	4	7	0	11	"47"	"70"	11	7
"666     Mon. Feb 07, 1994          4          4          9     "	666	1994-02-07	"Mon"	"Midday"	"449"	4	4	9	17	"44"	"49"	8	13
"665     Sun. Feb 06, 1994          2          3          2     "	665	1994-02-06	"Sun"	"Evening"	"232"	2	3	2	7	"23"	"32"	5	5
"664     Sat. Feb 05, 1994          6          8          9     "	664	1994-02-05	"Sat"	"Midday"	"689"	6	8	9	23	"68"	"89"	14	17
"663     Fri. Feb 04, 1994          9          2          3     "	663	1994-02-04	"Fri"	"Evening"	"923"	9	2	3	14	"92"	"23"	11	5
"662     Thu. Feb 03, 1994          7          1          2     "	662	1994-02-03	"Thu"	"Midday"	"712"	7	1	2	10	"71"	"12"	8	3
"661     Wed. Feb 02, 1994          3          0          2     "	661	1994-02-02	"Wed"	"Evening"	"302"	3	0	2	5	"30"	"02"	3	2
"660     Tue. Feb 01, 1994          7          1          8     "	660	1994-02-01	"Tue"	"Midday"	"718"	7	1	8	16	"71"	"18"	8	9
"659     Mon. Jan 31, 1994          1          8          7     "	659	1994-01-31	"Mon"	"Evening"	"187"	1	8	7	16	"18"	"87"	9	15
"658     Sun. Jan 30, 1994          1          1          2     "	658	1994-01-30	"Sun"	"Midday"	"112"	1	1	2	4	"11"	"12"	2	3
"657     Sat. Jan 29, 1994          0          7          2     "	657	1994-01-29	"Sat"	"Evening"	"072"	0	7	2	9	"07"	"72"	7	9
"656     Fri. Jan 28, 1994          5          7          2     "	656	1994-01-28	"Fri"	"Midday"	"572"	5	7	2	14	"57"	"72"	12	9
"655     Thu. Jan 27, 1994          3          3          2     "	655	1994-01-27	"Thu"	"Evening"	"332"	3	3	2	8	"33"	"32"	6	5
"654     Wed. Jan 26, 1994          2          3          9     "	654	1994-01-26	"Wed"	"Midday"	"239"	2	3	9	14	"23"	"39"	5	12
"653     Tue. Jan 25, 1994          3          6          1     "	653	1994-01-25	"Tue"	"Evening"	"361"	3	6	1	10	"36"	"61"	9	7
"652     Mon. Jan 24, 1994          4          8          1     "	652	1994-01-24	"Mon"	"Midday"	"481"	4	8	1	13	"48"	"81"	12	9
"651     Sun. Jan 23, 1994          5          2          9     "	651	1994-01-23	"Sun"	"Evening"	"529"	5	2	9	16	"52"	"29"	7	11
"650     Sat. Jan 22, 1994          5          9          8     "	650	1994-01-22	"Sat"	"Midday"	"598"	5	9	8	22	"59"	"98"	14	17
"649     Fri. Jan 21, 1994          5          5          6     "	649	1994-01-21	"Fri"	"Evening"	"556"	5	5	6	16	"55"	"56"	10	11
"648     Thu. Jan 20, 1994          5          0          5     "	648	1994-01-20	"Thu"	"Midday"	"505"	5	0	5	10	"50"	"05"	5	5
"647     Wed. Jan 19, 1994          4          5          2     "	647	1994-01-19	"Wed"	"Evening"	"452"	4	5	2	11	"45"	"52"	9	7
"646     Tue. Jan 18, 1994          1          6          9     "	646	1994-01-18	"Tue"	"Midday"	"169"	1	6	9	16	"16"	"69"	7	15
"645     Mon. Jan 17, 1994          0          8          1     "	645	1994-01-17	"Mon"	"Evening"	"081"	0	8	1	9	"08"	"81"	8	9
"644     Sun. Jan 16, 1994          9          8          0     "	644	1994-01-16	"Sun"	"Midday"	"980"	9	8	0	17	"98"	"80"	17	8
"643     Sat. Jan 15, 1994          1          5          6     "	643	1994-01-15	"Sat"	"Evening"	"156"	1	5	6	12	"15"	"56"	6	11
"642     Fri. Jan 14, 1994          7          3          7     "	642	1994-01-14	"Fri"	"Midday"	"737"	7	3	7	17	"73"	"37"	10	10
"641     Thu. Jan 13, 1994          6          8          3     "	641	1994-01-13	"Thu"	"Evening"	"683"	6	8	3	17	"68"	"83"	14	11
"640     Wed. Jan 12, 1994          7          2          8     "	640	1994-01-12	"Wed"	"Midday"	"728"	7	2	8	17	"72"	"28"	9	10
"639     Tue. Jan 11, 1994          9          2          4     "	639	1994-01-11	"Tue"	"Evening"	"924"	9	2	4	15	"92"	"24"	11	6
"638     Mon. Jan 10, 1994          8          4          3     "	638	1994-01-10	"Mon"	"Midday"	"843"	8	4	3	15	"84"	"43"	12	7
"637     Sun. Jan 09, 1994          1          6          1     "	637	1994-01-09	"Sun"	"Evening"	"161"	1	6	1	8	"16"	"61"	7	7
"636     Sat. Jan 08, 1994          9          2          4     "	636	1994-01-08	"Sat"	"Midday"	"924"	9	2	4	15	"92"	"24"	11	6
"635     Fri. Jan 07, 1994          0          5          5     "	635	1994-01-07	"Fri"	"Evening"	"055"	0	5	5	10	"05"	"55"	5	10
"634     Thu. Jan 06, 1994          0          7          8     "	634	1994-01-06	"Thu"	"Midday"	"078"	0	7	8	15	"07"	"78"	7	15
"633     Wed. Jan 05, 1994          3          0          5     "	633	1994-01-05	"Wed"	"Evening"	"305"	3	0	5	8	"30"	"05"	3	5
"632     Tue. Jan 04, 1994          3          1          7     "	632	1994-01-04	"Tue"	"Midday"	"317"	3	1	7	11	"31"	"17"	4	8
"631     Mon. Jan 03, 1994          6          6          1     "	631	1994-01-03	"Mon"	"Evening"	"661"	6	6	1	13	"66"	"61"	12	7
"630     Sun. Jan 02, 1994          5          3          2     "	630	1994-01-02	"Sun"	"Midday"	"532"	5	3	2	10	"53"	"32"	8	5
"629     Sat. Jan 01, 1994          9          9          5     "	629	1994-01-01	"Sat"	"Evening"	"995"	9	9	5	23	"99"	"95"	18	14
"628     Fri. Dec 31, 1993          3          1          3     "	628	1993-12-31	"Fri"	"Midday"	"313"	3	1	3	7	"31"	"13"	4	4
"627     Thu. Dec 30, 1993          6          7          3     "	627	1993-12-30	"Thu"	"Evening"	"673"	6	7	3	16	"67"	"73"	13	10
"626     Wed. Dec 29, 1993          4          1          8     "	626	1993-12-29	"Wed"	"Midday"	"418"	4	1	8	13	"41"	"18"	5	9
"625     Tue. Dec 28, 1993          4          2          7     "	625	1993-12-28	"Tue"	"Evening"	"427"	4	2	7	13	"42"	"27"	6	9
"624     Mon. Dec 27, 1993          4          9          5     "	624	1993-12-27	"Mon"	"Midday"	"495"	4	9	5	18	"49"	"95"	13	14
"623     Sun. Dec 26, 1993          5          1          7     "	623	1993-12-26	"Sun"	"Evening"	"517"	5	1	7	13	"51"	"17"	6	8
"622     Sat. Dec 25, 1993          9          1          2     "	622	1993-12-25	"Sat"	"Midday"	"912"	9	1	2	12	"91"	"12"	10	3
"621     Fri. Dec 24, 1993          4          6          0     "	621	1993-12-24	"Fri"	"Evening"	"460"	4	6	0	10	"46"	"60"	10	6
"620     Thu. Dec 23, 1993          8          5          3     "	620	1993-12-23	"Thu"	"Midday"	"853"	8	5	3	16	"85"	"53"	13	8
"619     Wed. Dec 22, 1993          2          1          7     "	619	1993-12-22	"Wed"	"Evening"	"217"	2	1	7	10	"21"	"17"	3	8
"618     Tue. Dec 21, 1993          2          4          5     "	618	1993-12-21	"Tue"	"Midday"	"245"	2	4	5	11	"24"	"45"	6	9
"617     Mon. Dec 20, 1993          9          1          0     "	617	1993-12-20	"Mon"	"Evening"	"910"	9	1	0	10	"91"	"10"	10	1
"616     Sun. Dec 19, 1993          4          1          1     "	616	1993-12-19	"Sun"	"Midday"	"411"	4	1	1	6	"41"	"11"	5	2
"615     Sat. Dec 18, 1993          2          9          2     "	615	1993-12-18	"Sat"	"Evening"	"292"	2	9	2	13	"29"	"92"	11	11
"614     Fri. Dec 17, 1993          1          1          4     "	614	1993-12-17	"Fri"	"Midday"	"114"	1	1	4	6	"11"	"14"	2	5
"613     Thu. Dec 16, 1993          9          0          3     "	613	1993-12-16	"Thu"	"Evening"	"903"	9	0	3	12	"90"	"03"	9	3
"612     Wed. Dec 15, 1993          0          7          1     "	612	1993-12-15	"Wed"	"Midday"	"071"	0	7	1	8	"07"	"71"	7	8
"611     Tue. Dec 14, 1993          8          9          6     "	611	1993-12-14	"Tue"	"Evening"	"896"	8	9	6	23	"89"	"96"	17	15
"610     Mon. Dec 13, 1993          2          7          9     "	610	1993-12-13	"Mon"	"Midday"	"279"	2	7	9	18	"27"	"79"	9	16
"609     Sun. Dec 12, 1993          7          4          1     "	609	1993-12-12	"Sun"	"Evening"	"741"	7	4	1	12	"74"	"41"	11	5
"608     Sat. Dec 11, 1993          8          7          9     "	608	1993-12-11	"Sat"	"Midday"	"879"	8	7	9	24	"87"	"79"	15	16
"607     Fri. Dec 10, 1993          5          3          9     "	607	1993-12-10	"Fri"	"Evening"	"539"	5	3	9	17	"53"	"39"	8	12
"606     Thu. Dec 09, 1993          2          0          1     "	606	1993-12-09	"Thu"	"Midday"	"201"	2	0	1	3	"20"	"01"	2	1
"605     Wed. Dec 08, 1993          9          1          3     "	605	1993-12-08	"Wed"	"Evening"	"913"	9	1	3	13	"91"	"13"	10	4
"604     Tue. Dec 07, 1993          7          5          0     "	604	1993-12-07	"Tue"	"Midday"	"750"	7	5	0	12	"75"	"50"	12	5
"603     Mon. Dec 06, 1993          2          7          9     "	603	1993-12-06	"Mon"	"Evening"	"279"	2	7	9	18	"27"	"79"	9	16
"602     Sun. Dec 05, 1993          4          3          4     "	602	1993-12-05	"Sun"	"Midday"	"434"	4	3	4	11	"43"	"34"	7	7
"601     Sat. Dec 04, 1993          4          6          0     "	601	1993-12-04	"Sat"	"Evening"	"460"	4	6	0	10	"46"	"60"	10	6
"600     Fri. Dec 03, 1993          1          1          0     "	600	1993-12-03	"Fri"	"Midday"	"110"	1	1	0	2	"11"	"10"	2	1
"599     Thu. Dec 02, 1993          1          0          0     "	599	1993-12-02	"Thu"	"Evening"	"100"	1	0	0	1	"10"	"00"	1	0
"598     Wed. Dec 01, 1993          4          6          3     "	598	1993-12-01	"Wed"	"Midday"	"463"	4	6	3	13	"46"	"63"	10	9
"597     Tue. Nov 30, 1993          2          3          8     "	597	1993-11-30	"Tue"	"Evening"	"238"	2	3	8	13	"23"	"38"	5	11
"596     Mon. Nov 29, 1993          7          8          3     "	596	1993-11-29	"Mon"	"Midday"	"783"	7	8	3	18	"78"	"83"	15	11
"595     Sun. Nov 28, 1993          8          8          4     "	595	1993-11-28	"Sun"	"Evening"	"884"	8	8	4	20	"88"	"84"	16	12
"594     Sat. Nov 27, 1993          7          0          6     "	594	1993-11-27	"Sat"	"Midday"	"706"	7	0	6	13	"70"	"06"	7	6
"593     Fri. Nov 26, 1993          2          8          5     "	593	1993-11-26	"Fri"	"Evening"	"285"	2	8	5	15	"28"	"85"	10	13
"592     Thu. Nov 25, 1993          2          9          2     "	592	1993-11-25	"Thu"	"Midday"	"292"	2	9	2	13	"29"	"92"	11	11
"591     Wed. Nov 24, 1993          1          1          8     "	591	1993-11-24	"Wed"	"Evening"	"118"	1	1	8	10	"11"	"18"	2	9
"590     Tue. Nov 23, 1993          7          5          0     "	590	1993-11-23	"Tue"	"Midday"	"750"	7	5	0	12	"75"	"50"	12	5
"589     Mon. Nov 22, 1993          2          0          0     "	589	1993-11-22	"Mon"	"Evening"	"200"	2	0	0	2	"20"	"00"	2	0
"588     Sun. Nov 21, 1993          5          8          4     "	588	1993-11-21	"Sun"	"Midday"	"584"	5	8	4	17	"58"	"84"	13	12
"587     Sat. Nov 20, 1993          1          3          1     "	587	1993-11-20	"Sat"	"Evening"	"131"	1	3	1	5	"13"	"31"	4	4
"586     Fri. Nov 19, 1993          3          9          2     "	586	1993-11-19	"Fri"	"Midday"	"392"	3	9	2	14	"39"	"92"	12	11
"585     Thu. Nov 18, 1993          6          7          2     "	585	1993-11-18	"Thu"	"Evening"	"672"	6	7	2	15	"67"	"72"	13	9
"584     Wed. Nov 17, 1993          7          0          7     "	584	1993-11-17	"Wed"	"Midday"	"707"	7	0	7	14	"70"	"07"	7	7
"583     Tue. Nov 16, 1993          4          0          8     "	583	1993-11-16	"Tue"	"Evening"	"408"	4	0	8	12	"40"	"08"	4	8
"582     Mon. Nov 15, 1993          4          5          8     "	582	1993-11-15	"Mon"	"Midday"	"458"	4	5	8	17	"45"	"58"	9	13
"581     Sun. Nov 14, 1993          9          9          7     "	581	1993-11-14	"Sun"	"Evening"	"997"	9	9	7	25	"99"	"97"	18	16
"580     Sat. Nov 13, 1993          4          3          9     "	580	1993-11-13	"Sat"	"Midday"	"439"	4	3	9	16	"43"	"39"	7	12
"579     Fri. Nov 12, 1993          9          0          8     "	579	1993-11-12	"Fri"	"Evening"	"908"	9	0	8	17	"90"	"08"	9	8
"578     Thu. Nov 11, 1993          0          6          0     "	578	1993-11-11	"Thu"	"Midday"	"060"	0	6	0	6	"06"	"60"	6	6
"577     Wed. Nov 10, 1993          8          2          4     "	577	1993-11-10	"Wed"	"Evening"	"824"	8	2	4	14	"82"	"24"	10	6
"576     Tue. Nov 09, 1993          0          6          7     "	576	1993-11-09	"Tue"	"Midday"	"067"	0	6	7	13	"06"	"67"	6	13
"575     Mon. Nov 08, 1993          1          0          1     "	575	1993-11-08	"Mon"	"Evening"	"101"	1	0	1	2	"10"	"01"	1	1
"574     Sun. Nov 07, 1993          5          6          1     "	574	1993-11-07	"Sun"	"Midday"	"561"	5	6	1	12	"56"	"61"	11	7
"573     Sat. Nov 06, 1993          1          0          1     "	573	1993-11-06	"Sat"	"Evening"	"101"	1	0	1	2	"10"	"01"	1	1
"572     Fri. Nov 05, 1993          4          6          7     "	572	1993-11-05	"Fri"	"Midday"	"467"	4	6	7	17	"46"	"67"	10	13
"571     Thu. Nov 04, 1993          4          5          1     "	571	1993-11-04	"Thu"	"Evening"	"451"	4	5	1	10	"45"	"51"	9	6
"570     Wed. Nov 03, 1993          6          3          6     "	570	1993-11-03	"Wed"	"Midday"	"636"	6	3	6	15	"63"	"36"	9	9
"569     Tue. Nov 02, 1993          4          5          0     "	569	1993-11-02	"Tue"	"Evening"	"450"	4	5	0	9	"45"	"50"	9	5
"568     Mon. Nov 01, 1993          9          1          8     "	568	1993-11-01	"Mon"	"Midday"	"918"	9	1	8	18	"91"	"18"	10	9
"567     Sun. Oct 31, 1993          6          2          3     "	567	1993-10-31	"Sun"	"Evening"	"623"	6	2	3	11	"62"	"23"	8	5
"566     Sat. Oct 30, 1993          1          1          8     "	566	1993-10-30	"Sat"	"Midday"	"118"	1	1	8	10	"11"	"18"	2	9
"565     Fri. Oct 29, 1993          7          5          0     "	565	1993-10-29	"Fri"	"Evening"	"750"	7	5	0	12	"75"	"50"	12	5
"564     Thu. Oct 28, 1993          1          2          6     "	564	1993-10-28	"Thu"	"Midday"	"126"	1	2	6	9	"12"	"26"	3	8
"563     Wed. Oct 27, 1993          3          0          4     "	563	1993-10-27	"Wed"	"Evening"	"304"	3	0	4	7	"30"	"04"	3	4
"562     Tue. Oct 26, 1993          8          5          2     "	562	1993-10-26	"Tue"	"Midday"	"852"	8	5	2	15	"85"	"52"	13	7
"561     Mon. Oct 25, 1993          6          9          7     "	561	1993-10-25	"Mon"	"Evening"	"697"	6	9	7	22	"69"	"97"	15	16
"560     Sun. Oct 24, 1993          3          2          6     "	560	1993-10-24	"Sun"	"Midday"	"326"	3	2	6	11	"32"	"26"	5	8
"559     Sat. Oct 23, 1993          9          5          4     "	559	1993-10-23	"Sat"	"Evening"	"954"	9	5	4	18	"95"	"54"	14	9
"558     Fri. Oct 22, 1993          3          8          7     "	558	1993-10-22	"Fri"	"Midday"	"387"	3	8	7	18	"38"	"87"	11	15
"557     Thu. Oct 21, 1993          0          7          1     "	557	1993-10-21	"Thu"	"Evening"	"071"	0	7	1	8	"07"	"71"	7	8
"556     Wed. Oct 20, 1993          7          2          7     "	556	1993-10-20	"Wed"	"Midday"	"727"	7	2	7	16	"72"	"27"	9	9
"555     Tue. Oct 19, 1993          7          0          2     "	555	1993-10-19	"Tue"	"Evening"	"702"	7	0	2	9	"70"	"02"	7	2
"554     Mon. Oct 18, 1993          9          9          2     "	554	1993-10-18	"Mon"	"Midday"	"992"	9	9	2	20	"99"	"92"	18	11
"553     Sun. Oct 17, 1993          3          9          1     "	553	1993-10-17	"Sun"	"Evening"	"391"	3	9	1	13	"39"	"91"	12	10
"552     Sat. Oct 16, 1993          0          3          9     "	552	1993-10-16	"Sat"	"Midday"	"039"	0	3	9	12	"03"	"39"	3	12
"551     Fri. Oct 15, 1993          5          3          6     "	551	1993-10-15	"Fri"	"Evening"	"536"	5	3	6	14	"53"	"36"	8	9
"550     Thu. Oct 14, 1993          5          3          8     "	550	1993-10-14	"Thu"	"Midday"	"538"	5	3	8	16	"53"	"38"	8	11
"549     Wed. Oct 13, 1993          9          2          8     "	549	1993-10-13	"Wed"	"Evening"	"928"	9	2	8	19	"92"	"28"	11	10
"548     Tue. Oct 12, 1993          2          3          9     "	548	1993-10-12	"Tue"	"Midday"	"239"	2	3	9	14	"23"	"39"	5	12
"547     Mon. Oct 11, 1993          3          3          2     "	547	1993-10-11	"Mon"	"Evening"	"332"	3	3	2	8	"33"	"32"	6	5
"546     Sun. Oct 10, 1993          6          2          1     "	546	1993-10-10	"Sun"	"Midday"	"621"	6	2	1	9	"62"	"21"	8	3
"545     Sat. Oct 09, 1993          8          0          7     "	545	1993-10-09	"Sat"	"Evening"	"807"	8	0	7	15	"80"	"07"	8	7
"544     Fri. Oct 08, 1993          3          0          5     "	544	1993-10-08	"Fri"	"Midday"	"305"	3	0	5	8	"30"	"05"	3	5
"543     Thu. Oct 07, 1993          0          4          8     "	543	1993-10-07	"Thu"	"Evening"	"048"	0	4	8	12	"04"	"48"	4	12
"542     Wed. Oct 06, 1993          4          3          5     "	542	1993-10-06	"Wed"	"Midday"	"435"	4	3	5	12	"43"	"35"	7	8
"541     Tue. Oct 05, 1993          4          6          2     "	541	1993-10-05	"Tue"	"Evening"	"462"	4	6	2	12	"46"	"62"	10	8
"540     Mon. Oct 04, 1993          8          3          7     "	540	1993-10-04	"Mon"	"Midday"	"837"	8	3	7	18	"83"	"37"	11	10
"539     Sun. Oct 03, 1993          1          4          9     "	539	1993-10-03	"Sun"	"Evening"	"149"	1	4	9	14	"14"	"49"	5	13
"538     Sat. Oct 02, 1993          9          9          7     "	538	1993-10-02	"Sat"	"Midday"	"997"	9	9	7	25	"99"	"97"	18	16
"537     Fri. Oct 01, 1993          9          2          1     "	537	1993-10-01	"Fri"	"Evening"	"921"	9	2	1	12	"92"	"21"	11	3
"536     Thu. Sep 30, 1993          5          1          9     "	536	1993-09-30	"Thu"	"Midday"	"519"	5	1	9	15	"51"	"19"	6	10
"535     Wed. Sep 29, 1993          0          0          9     "	535	1993-09-29	"Wed"	"Evening"	"009"	0	0	9	9	"00"	"09"	0	9
"534     Tue. Sep 28, 1993          2          0          9     "	534	1993-09-28	"Tue"	"Midday"	"209"	2	0	9	11	"20"	"09"	2	9
"533     Mon. Sep 27, 1993          7          3          7     "	533	1993-09-27	"Mon"	"Evening"	"737"	7	3	7	17	"73"	"37"	10	10
"532     Sun. Sep 26, 1993          1          7          4     "	532	1993-09-26	"Sun"	"Midday"	"174"	1	7	4	12	"17"	"74"	8	11
"531     Sat. Sep 25, 1993          0          6          8     "	531	1993-09-25	"Sat"	"Evening"	"068"	0	6	8	14	"06"	"68"	6	14
"530     Fri. Sep 24, 1993          8          9          5     "	530	1993-09-24	"Fri"	"Midday"	"895"	8	9	5	22	"89"	"95"	17	14
"529     Thu. Sep 23, 1993          4          9          4     "	529	1993-09-23	"Thu"	"Evening"	"494"	4	9	4	17	"49"	"94"	13	13
"528     Wed. Sep 22, 1993          3          6          0     "	528	1993-09-22	"Wed"	"Midday"	"360"	3	6	0	9	"36"	"60"	9	6
"527     Tue. Sep 21, 1993          7          2          0     "	527	1993-09-21	"Tue"	"Evening"	"720"	7	2	0	9	"72"	"20"	9	2
"526     Mon. Sep 20, 1993          5          1          2     "	526	1993-09-20	"Mon"	"Midday"	"512"	5	1	2	8	"51"	"12"	6	3
"525     Sun. Sep 19, 1993          9          1          3     "	525	1993-09-19	"Sun"	"Evening"	"913"	9	1	3	13	"91"	"13"	10	4
"524     Sat. Sep 18, 1993          7          7          3     "	524	1993-09-18	"Sat"	"Midday"	"773"	7	7	3	17	"77"	"73"	14	10
"523     Fri. Sep 17, 1993          0          2          2     "	523	1993-09-17	"Fri"	"Evening"	"022"	0	2	2	4	"02"	"22"	2	4
"522     Thu. Sep 16, 1993          9          4          8     "	522	1993-09-16	"Thu"	"Midday"	"948"	9	4	8	21	"94"	"48"	13	12
"521     Wed. Sep 15, 1993          4          6          4     "	521	1993-09-15	"Wed"	"Evening"	"464"	4	6	4	14	"46"	"64"	10	10
"520     Tue. Sep 14, 1993          6          2          8     "	520	1993-09-14	"Tue"	"Midday"	"628"	6	2	8	16	"62"	"28"	8	10
"519     Mon. Sep 13, 1993          4          7          0     "	519	1993-09-13	"Mon"	"Evening"	"470"	4	7	0	11	"47"	"70"	11	7
"518     Sun. Sep 12, 1993          9          0          8     "	518	1993-09-12	"Sun"	"Midday"	"908"	9	0	8	17	"90"	"08"	9	8
"517     Sat. Sep 11, 1993          3          1          2     "	517	1993-09-11	"Sat"	"Evening"	"312"	3	1	2	6	"31"	"12"	4	3
"516     Fri. Sep 10, 1993          4          0          8     "	516	1993-09-10	"Fri"	"Midday"	"408"	4	0	8	12	"40"	"08"	4	8
"515     Thu. Sep 09, 1993          6          4          8     "	515	1993-09-09	"Thu"	"Evening"	"648"	6	4	8	18	"64"	"48"	10	12
"514     Wed. Sep 08, 1993          1          8          3     "	514	1993-09-08	"Wed"	"Midday"	"183"	1	8	3	12	"18"	"83"	9	11
"513     Tue. Sep 07, 1993          7          5          0     "	513	1993-09-07	"Tue"	"Evening"	"750"	7	5	0	12	"75"	"50"	12	5
"512     Mon. Sep 06, 1993          0          5          7     "	512	1993-09-06	"Mon"	"Midday"	"057"	0	5	7	12	"05"	"57"	5	12
"511     Sun. Sep 05, 1993          5          9          2     "	511	1993-09-05	"Sun"	"Evening"	"592"	5	9	2	16	"59"	"92"	14	11
"510     Sat. Sep 04, 1993          5          8          7     "	510	1993-09-04	"Sat"	"Midday"	"587"	5	8	7	20	"58"	"87"	13	15
"509     Fri. Sep 03, 1993          7          9          6     "	509	1993-09-03	"Fri"	"Evening"	"796"	7	9	6	22	"79"	"96"	16	15
"508     Thu. Sep 02, 1993          9          4          1     "	508	1993-09-02	"Thu"	"Midday"	"941"	9	4	1	14	"94"	"41"	13	5
"507     Wed. Sep 01, 1993          9          0          5     "	507	1993-09-01	"Wed"	"Evening"	"905"	9	0	5	14	"90"	"05"	9	5
"506     Tue. Aug 31, 1993          9          0          1     "	506	1993-08-31	"Tue"	"Midday"	"901"	9	0	1	10	"90"	"01"	9	1
"505     Mon. Aug 30, 1993          6          7          0     "	505	1993-08-30	"Mon"	"Evening"	"670"	6	7	0	13	"67"	"70"	13	7
"504     Sun. Aug 29, 1993          4          2          6     "	504	1993-08-29	"Sun"	"Midday"	"426"	4	2	6	12	"42"	"26"	6	8
"503     Sat. Aug 28, 1993          9          0          0     "	503	1993-08-28	"Sat"	"Evening"	"900"	9	0	0	9	"90"	"00"	9	0
"502     Fri. Aug 27, 1993          4          7          9     "	502	1993-08-27	"Fri"	"Midday"	"479"	4	7	9	20	"47"	"79"	11	16
"501     Thu. Aug 26, 1993          4          6          8     "	501	1993-08-26	"Thu"	"Evening"	"468"	4	6	8	18	"46"	"68"	10	14
"500     Wed. Aug 25, 1993          6          9          5     "	500	1993-08-25	"Wed"	"Midday"	"695"	6	9	5	20	"69"	"95"	15	14
"499     Tue. Aug 24, 1993          0          2          7     "	499	1993-08-24	"Tue"	"Evening"	"027"	0	2	7	9	"02"	"27"	2	9
"498     Mon. Aug 23, 1993          6          8          3     "	498	1993-08-23	"Mon"	"Midday"	"683"	6	8	3	17	"68"	"83"	14	11
"497     Sun. Aug 22, 1993          8          0          5     "	497	1993-08-22	"Sun"	"Evening"	"805"	8	0	5	13	"80"	"05"	8	5
"496     Sat. Aug 21, 1993          2          0          3     "	496	1993-08-21	"Sat"	"Midday"	"203"	2	0	3	5	"20"	"03"	2	3
"495     Fri. Aug 20, 1993          4          9          6     "	495	1993-08-20	"Fri"	"Evening"	"496"	4	9	6	19	"49"	"96"	13	15
"494     Thu. Aug 19, 1993          9          3          4     "	494	1993-08-19	"Thu"	"Midday"	"934"	9	3	4	16	"93"	"34"	12	7
"493     Wed. Aug 18, 1993          8          5          6     "	493	1993-08-18	"Wed"	"Evening"	"856"	8	5	6	19	"85"	"56"	13	11
"492     Tue. Aug 17, 1993          8          0          5     "	492	1993-08-17	"Tue"	"Midday"	"805"	8	0	5	13	"80"	"05"	8	5
"491     Mon. Aug 16, 1993          6          9          2     "	491	1993-08-16	"Mon"	"Evening"	"692"	6	9	2	17	"69"	"92"	15	11
"490     Sun. Aug 15, 1993          3          4          1     "	490	1993-08-15	"Sun"	"Midday"	"341"	3	4	1	8	"34"	"41"	7	5
"489     Sat. Aug 14, 1993          2          5          1     "	489	1993-08-14	"Sat"	"Evening"	"251"	2	5	1	8	"25"	"51"	7	6
"488     Fri. Aug 13, 1993          4          8          1     "	488	1993-08-13	"Fri"	"Midday"	"481"	4	8	1	13	"48"	"81"	12	9
"487     Thu. Aug 12, 1993          9          8          9     "	487	1993-08-12	"Thu"	"Evening"	"989"	9	8	9	26	"98"	"89"	17	17
"486     Wed. Aug 11, 1993          1          1          5     "	486	1993-08-11	"Wed"	"Midday"	"115"	1	1	5	7	"11"	"15"	2	6
"485     Tue. Aug 10, 1993          9          4          2     "	485	1993-08-10	"Tue"	"Evening"	"942"	9	4	2	15	"94"	"42"	13	6
"484     Mon. Aug 09, 1993          2          8          4     "	484	1993-08-09	"Mon"	"Midday"	"284"	2	8	4	14	"28"	"84"	10	12
"483     Sun. Aug 08, 1993          4          5          2     "	483	1993-08-08	"Sun"	"Evening"	"452"	4	5	2	11	"45"	"52"	9	7
"482     Sat. Aug 07, 1993          5          5          5     "	482	1993-08-07	"Sat"	"Midday"	"555"	5	5	5	15	"55"	"55"	10	10
"481     Fri. Aug 06, 1993          6          4          4     "	481	1993-08-06	"Fri"	"Evening"	"644"	6	4	4	14	"64"	"44"	10	8
"480     Thu. Aug 05, 1993          7          4          6     "	480	1993-08-05	"Thu"	"Midday"	"746"	7	4	6	17	"74"	"46"	11	10
"479     Wed. Aug 04, 1993          3          4          0     "	479	1993-08-04	"Wed"	"Evening"	"340"	3	4	0	7	"34"	"40"	7	4
"478     Tue. Aug 03, 1993          4          1          7     "	478	1993-08-03	"Tue"	"Midday"	"417"	4	1	7	12	"41"	"17"	5	8
"477     Mon. Aug 02, 1993          0          2          9     "	477	1993-08-02	"Mon"	"Evening"	"029"	0	2	9	11	"02"	"29"	2	11
"476     Sun. Aug 01, 1993          4          4          8     "	476	1993-08-01	"Sun"	"Midday"	"448"	4	4	8	16	"44"	"48"	8	12
"475     Sat. Jul 31, 1993          9          5          3     "	475	1993-07-31	"Sat"	"Evening"	"953"	9	5	3	17	"95"	"53"	14	8
"474     Fri. Jul 30, 1993          3          6          1     "	474	1993-07-30	"Fri"	"Midday"	"361"	3	6	1	10	"36"	"61"	9	7
"473     Thu. Jul 29, 1993          7          5          7     "	473	1993-07-29	"Thu"	"Evening"	"757"	7	5	7	19	"75"	"57"	12	12
"472     Wed. Jul 28, 1993          1          0          3     "	472	1993-07-28	"Wed"	"Midday"	"103"	1	0	3	4	"10"	"03"	1	3
"471     Tue. Jul 27, 1993          0          8          6     "	471	1993-07-27	"Tue"	"Evening"	"086"	0	8	6	14	"08"	"86"	8	14
"470     Mon. Jul 26, 1993          8          9          2     "	470	1993-07-26	"Mon"	"Midday"	"892"	8	9	2	19	"89"	"92"	17	11
"469     Sun. Jul 25, 1993          5          7          9     "	469	1993-07-25	"Sun"	"Evening"	"579"	5	7	9	21	"57"	"79"	12	16
"468     Sat. Jul 24, 1993          2          3          3     "	468	1993-07-24	"Sat"	"Midday"	"233"	2	3	3	8	"23"	"33"	5	6
"467     Fri. Jul 23, 1993          7          3          9     "	467	1993-07-23	"Fri"	"Evening"	"739"	7	3	9	19	"73"	"39"	10	12
"466     Thu. Jul 22, 1993          4          7          5     "	466	1993-07-22	"Thu"	"Midday"	"475"	4	7	5	16	"47"	"75"	11	12
"465     Wed. Jul 21, 1993          6          5          5     "	465	1993-07-21	"Wed"	"Evening"	"655"	6	5	5	16	"65"	"55"	11	10
"464     Tue. Jul 20, 1993          2          0          8     "	464	1993-07-20	"Tue"	"Midday"	"208"	2	0	8	10	"20"	"08"	2	8
"463     Mon. Jul 19, 1993          1          4          5     "	463	1993-07-19	"Mon"	"Evening"	"145"	1	4	5	10	"14"	"45"	5	9
"462     Sun. Jul 18, 1993          0          8          9     "	462	1993-07-18	"Sun"	"Midday"	"089"	0	8	9	17	"08"	"89"	8	17
"461     Sat. Jul 17, 1993          0          7          8     "	461	1993-07-17	"Sat"	"Evening"	"078"	0	7	8	15	"07"	"78"	7	15
"460     Fri. Jul 16, 1993          2          9          2     "	460	1993-07-16	"Fri"	"Midday"	"292"	2	9	2	13	"29"	"92"	11	11
"459     Thu. Jul 15, 1993          8          5          0     "	459	1993-07-15	"Thu"	"Evening"	"850"	8	5	0	13	"85"	"50"	13	5
"458     Wed. Jul 14, 1993          3          5          0     "	458	1993-07-14	"Wed"	"Midday"	"350"	3	5	0	8	"35"	"50"	8	5
"457     Tue. Jul 13, 1993          4          5          8     "	457	1993-07-13	"Tue"	"Evening"	"458"	4	5	8	17	"45"	"58"	9	13
"456     Mon. Jul 12, 1993          1          0          8     "	456	1993-07-12	"Mon"	"Midday"	"108"	1	0	8	9	"10"	"08"	1	8
"455     Sun. Jul 11, 1993          3          1          3     "	455	1993-07-11	"Sun"	"Evening"	"313"	3	1	3	7	"31"	"13"	4	4
"454     Sat. Jul 10, 1993          7          3          6     "	454	1993-07-10	"Sat"	"Midday"	"736"	7	3	6	16	"73"	"36"	10	9
"453     Fri. Jul 09, 1993          9          0          3     "	453	1993-07-09	"Fri"	"Evening"	"903"	9	0	3	12	"90"	"03"	9	3
"452     Thu. Jul 08, 1993          8          7          8     "	452	1993-07-08	"Thu"	"Midday"	"878"	8	7	8	23	"87"	"78"	15	15
"451     Wed. Jul 07, 1993          9          9          0     "	451	1993-07-07	"Wed"	"Evening"	"990"	9	9	0	18	"99"	"90"	18	9
"450     Tue. Jul 06, 1993          4          1          5     "	450	1993-07-06	"Tue"	"Midday"	"415"	4	1	5	10	"41"	"15"	5	6
"449     Mon. Jul 05, 1993          3          9          0     "	449	1993-07-05	"Mon"	"Evening"	"390"	3	9	0	12	"39"	"90"	12	9
"448     Sun. Jul 04, 1993          5          7          2     "	448	1993-07-04	"Sun"	"Midday"	"572"	5	7	2	14	"57"	"72"	12	9
"447     Sat. Jul 03, 1993          7          8          6     "	447	1993-07-03	"Sat"	"Evening"	"786"	7	8	6	21	"78"	"86"	15	14
"446     Fri. Jul 02, 1993          0          7          1     "	446	1993-07-02	"Fri"	"Midday"	"071"	0	7	1	8	"07"	"71"	7	8
"445     Thu. Jul 01, 1993          8          0          6     "	445	1993-07-01	"Thu"	"Evening"	"806"	8	0	6	14	"80"	"06"	8	6
"444     Wed. Jun 30, 1993          0          4          1     "	444	1993-06-30	"Wed"	"Midday"	"041"	0	4	1	5	"04"	"41"	4	5
"443     Tue. Jun 29, 1993          2          9          2     "	443	1993-06-29	"Tue"	"Evening"	"292"	2	9	2	13	"29"	"92"	11	11
"442     Mon. Jun 28, 1993          2          9          5     "	442	1993-06-28	"Mon"	"Midday"	"295"	2	9	5	16	"29"	"95"	11	14
"441     Sun. Jun 27, 1993          8          5          9     "	441	1993-06-27	"Sun"	"Evening"	"859"	8	5	9	22	"85"	"59"	13	14
"440     Sat. Jun 26, 1993          4          2          6     "	440	1993-06-26	"Sat"	"Midday"	"426"	4	2	6	12	"42"	"26"	6	8
"439     Fri. Jun 25, 1993          7          9          6     "	439	1993-06-25	"Fri"	"Evening"	"796"	7	9	6	22	"79"	"96"	16	15
"438     Thu. Jun 24, 1993          5          9          2     "	438	1993-06-24	"Thu"	"Midday"	"592"	5	9	2	16	"59"	"92"	14	11
"437     Wed. Jun 23, 1993          5          4          7     "	437	1993-06-23	"Wed"	"Evening"	"547"	5	4	7	16	"54"	"47"	9	11
"436     Tue. Jun 22, 1993          8          4          1     "	436	1993-06-22	"Tue"	"Midday"	"841"	8	4	1	13	"84"	"41"	12	5
"435     Mon. Jun 21, 1993          6          6          8     "	435	1993-06-21	"Mon"	"Evening"	"668"	6	6	8	20	"66"	"68"	12	14
"434     Sun. Jun 20, 1993          6          3          2     "	434	1993-06-20	"Sun"	"Midday"	"632"	6	3	2	11	"63"	"32"	9	5
"433     Sat. Jun 19, 1993          9          4          0     "	433	1993-06-19	"Sat"	"Evening"	"940"	9	4	0	13	"94"	"40"	13	4
"432     Fri. Jun 18, 1993          8          4          4     "	432	1993-06-18	"Fri"	"Midday"	"844"	8	4	4	16	"84"	"44"	12	8
"431     Thu. Jun 17, 1993          9          1          7     "	431	1993-06-17	"Thu"	"Evening"	"917"	9	1	7	17	"91"	"17"	10	8
"430     Wed. Jun 16, 1993          6          8          1     "	430	1993-06-16	"Wed"	"Midday"	"681"	6	8	1	15	"68"	"81"	14	9
"429     Tue. Jun 15, 1993          0          0          3     "	429	1993-06-15	"Tue"	"Evening"	"003"	0	0	3	3	"00"	"03"	0	3
"428     Mon. Jun 14, 1993          4          0          4     "	428	1993-06-14	"Mon"	"Midday"	"404"	4	0	4	8	"40"	"04"	4	4
"427     Sun. Jun 13, 1993          5          8          1     "	427	1993-06-13	"Sun"	"Evening"	"581"	5	8	1	14	"58"	"81"	13	9
"426     Sat. Jun 12, 1993          7          3          6     "	426	1993-06-12	"Sat"	"Midday"	"736"	7	3	6	16	"73"	"36"	10	9
"425     Fri. Jun 11, 1993          9          9          3     "	425	1993-06-11	"Fri"	"Evening"	"993"	9	9	3	21	"99"	"93"	18	12
"424     Thu. Jun 10, 1993          6          5          0     "	424	1993-06-10	"Thu"	"Midday"	"650"	6	5	0	11	"65"	"50"	11	5
"423     Wed. Jun 09, 1993          1          9          9     "	423	1993-06-09	"Wed"	"Evening"	"199"	1	9	9	19	"19"	"99"	10	18
"422     Tue. Jun 08, 1993          4          5          9     "	422	1993-06-08	"Tue"	"Midday"	"459"	4	5	9	18	"45"	"59"	9	14
"421     Mon. Jun 07, 1993          4          0          3     "	421	1993-06-07	"Mon"	"Evening"	"403"	4	0	3	7	"40"	"03"	4	3
"420     Sun. Jun 06, 1993          3          4          9     "	420	1993-06-06	"Sun"	"Midday"	"349"	3	4	9	16	"34"	"49"	7	13
"419     Sat. Jun 05, 1993          3          2          3     "	419	1993-06-05	"Sat"	"Evening"	"323"	3	2	3	8	"32"	"23"	5	5
"418     Fri. Jun 04, 1993          1          7          8     "	418	1993-06-04	"Fri"	"Midday"	"178"	1	7	8	16	"17"	"78"	8	15
"417     Thu. Jun 03, 1993          0          6          1     "	417	1993-06-03	"Thu"	"Evening"	"061"	0	6	1	7	"06"	"61"	6	7
"416     Wed. Jun 02, 1993          8          2          4     "	416	1993-06-02	"Wed"	"Midday"	"824"	8	2	4	14	"82"	"24"	10	6
"415     Tue. Jun 01, 1993          9          2          1     "	415	1993-06-01	"Tue"	"Evening"	"921"	9	2	1	12	"92"	"21"	11	3
"414     Mon. May 31, 1993          8          1          9     "	414	1993-05-31	"Mon"	"Midday"	"819"	8	1	9	18	"81"	"19"	9	10
"413     Sun. May 30, 1993          0          1          0     "	413	1993-05-30	"Sun"	"Evening"	"010"	0	1	0	1	"01"	"10"	1	1
"412     Sat. May 29, 1993          4          8          3     "	412	1993-05-29	"Sat"	"Midday"	"483"	4	8	3	15	"48"	"83"	12	11
"411     Fri. May 28, 1993          8          7          4     "	411	1993-05-28	"Fri"	"Evening"	"874"	8	7	4	19	"87"	"74"	15	11
"410     Thu. May 27, 1993          9          1          7     "	410	1993-05-27	"Thu"	"Midday"	"917"	9	1	7	17	"91"	"17"	10	8
"409     Wed. May 26, 1993          8          0          1     "	409	1993-05-26	"Wed"	"Evening"	"801"	8	0	1	9	"80"	"01"	8	1
"408     Tue. May 25, 1993          1          2          0     "	408	1993-05-25	"Tue"	"Midday"	"120"	1	2	0	3	"12"	"20"	3	2
"407     Mon. May 24, 1993          9          0          5     "	407	1993-05-24	"Mon"	"Evening"	"905"	9	0	5	14	"90"	"05"	9	5
"406     Sun. May 23, 1993          0          6          9     "	406	1993-05-23	"Sun"	"Midday"	"069"	0	6	9	15	"06"	"69"	6	15
"405     Sat. May 22, 1993          1          1          4     "	405	1993-05-22	"Sat"	"Evening"	"114"	1	1	4	6	"11"	"14"	2	5
"404     Fri. May 21, 1993          9          3          5     "	404	1993-05-21	"Fri"	"Midday"	"935"	9	3	5	17	"93"	"35"	12	8
"403     Thu. May 20, 1993          6          7          1     "	403	1993-05-20	"Thu"	"Evening"	"671"	6	7	1	14	"67"	"71"	13	8
"402     Wed. May 19, 1993          5          3          0     "	402	1993-05-19	"Wed"	"Midday"	"530"	5	3	0	8	"53"	"30"	8	3
"401     Tue. May 18, 1993          8          3          3     "	401	1993-05-18	"Tue"	"Evening"	"833"	8	3	3	14	"83"	"33"	11	6
"400     Mon. May 17, 1993          0          2          7     "	400	1993-05-17	"Mon"	"Midday"	"027"	0	2	7	9	"02"	"27"	2	9
"399     Sun. May 16, 1993          7          3          6     "	399	1993-05-16	"Sun"	"Evening"	"736"	7	3	6	16	"73"	"36"	10	9
"398     Sat. May 15, 1993          9          6          3     "	398	1993-05-15	"Sat"	"Midday"	"963"	9	6	3	18	"96"	"63"	15	9
"397     Fri. May 14, 1993          6          7          2     "	397	1993-05-14	"Fri"	"Evening"	"672"	6	7	2	15	"67"	"72"	13	9
"396     Thu. May 13, 1993          1          6          3     "	396	1993-05-13	"Thu"	"Midday"	"163"	1	6	3	10	"16"	"63"	7	9
"395     Wed. May 12, 1993          0          1          2     "	395	1993-05-12	"Wed"	"Evening"	"012"	0	1	2	3	"01"	"12"	1	3
"394     Tue. May 11, 1993          7          9          3     "	394	1993-05-11	"Tue"	"Midday"	"793"	7	9	3	19	"79"	"93"	16	12
"393     Mon. May 10, 1993          2          8          6     "	393	1993-05-10	"Mon"	"Evening"	"286"	2	8	6	16	"28"	"86"	10	14
"392     Sun. May 09, 1993          0          3          1     "	392	1993-05-09	"Sun"	"Midday"	"031"	0	3	1	4	"03"	"31"	3	4
"391     Sat. May 08, 1993          2          5          1     "	391	1993-05-08	"Sat"	"Evening"	"251"	2	5	1	8	"25"	"51"	7	6
"390     Fri. May 07, 1993          2          7          6     "	390	1993-05-07	"Fri"	"Midday"	"276"	2	7	6	15	"27"	"76"	9	13
"389     Thu. May 06, 1993          8          4          1     "	389	1993-05-06	"Thu"	"Evening"	"841"	8	4	1	13	"84"	"41"	12	5
"388     Wed. May 05, 1993          3          9          4     "	388	1993-05-05	"Wed"	"Midday"	"394"	3	9	4	16	"39"	"94"	12	13
"387     Tue. May 04, 1993          2          7          4     "	387	1993-05-04	"Tue"	"Evening"	"274"	2	7	4	13	"27"	"74"	9	11
"386     Mon. May 03, 1993          5          1          9     "	386	1993-05-03	"Mon"	"Midday"	"519"	5	1	9	15	"51"	"19"	6	10
"385     Sun. May 02, 1993          2          8          3     "	385	1993-05-02	"Sun"	"Evening"	"283"	2	8	3	13	"28"	"83"	10	11
"384     Sat. May 01, 1993          3          9          2     "	384	1993-05-01	"Sat"	"Midday"	"392"	3	9	2	14	"39"	"92"	12	11
"383     Fri. Apr 30, 1993          4          2          1     "	383	1993-04-30	"Fri"	"Evening"	"421"	4	2	1	7	"42"	"21"	6	3
"382     Thu. Apr 29, 1993          2          7          0     "	382	1993-04-29	"Thu"	"Midday"	"270"	2	7	0	9	"27"	"70"	9	7
"381     Wed. Apr 28, 1993          0          4          6     "	381	1993-04-28	"Wed"	"Evening"	"046"	0	4	6	10	"04"	"46"	4	10
"380     Tue. Apr 27, 1993          3          2          1     "	380	1993-04-27	"Tue"	"Midday"	"321"	3	2	1	6	"32"	"21"	5	3
"379     Mon. Apr 26, 1993          0          0          1     "	379	1993-04-26	"Mon"	"Evening"	"001"	0	0	1	1	"00"	"01"	0	1
"378     Sun. Apr 25, 1993          9          6          3     "	378	1993-04-25	"Sun"	"Midday"	"963"	9	6	3	18	"96"	"63"	15	9
"377     Sat. Apr 24, 1993          8          5          7     "	377	1993-04-24	"Sat"	"Evening"	"857"	8	5	7	20	"85"	"57"	13	12
"376     Fri. Apr 23, 1993          2          4          3     "	376	1993-04-23	"Fri"	"Midday"	"243"	2	4	3	9	"24"	"43"	6	7
"375     Thu. Apr 22, 1993          2          7          9     "	375	1993-04-22	"Thu"	"Evening"	"279"	2	7	9	18	"27"	"79"	9	16
"374     Wed. Apr 21, 1993          8          2          9     "	374	1993-04-21	"Wed"	"Midday"	"829"	8	2	9	19	"82"	"29"	10	11
"373     Tue. Apr 20, 1993          0          0          1     "	373	1993-04-20	"Tue"	"Evening"	"001"	0	0	1	1	"00"	"01"	0	1
"372     Mon. Apr 19, 1993          7          6          9     "	372	1993-04-19	"Mon"	"Midday"	"769"	7	6	9	22	"76"	"69"	13	15
"371     Sun. Apr 18, 1993          2          8          3     "	371	1993-04-18	"Sun"	"Evening"	"283"	2	8	3	13	"28"	"83"	10	11
"370     Sat. Apr 17, 1993          4          4          6     "	370	1993-04-17	"Sat"	"Midday"	"446"	4	4	6	14	"44"	"46"	8	10
"369     Fri. Apr 16, 1993          3          7          2     "	369	1993-04-16	"Fri"	"Evening"	"372"	3	7	2	12	"37"	"72"	10	9
"368     Thu. Apr 15, 1993          2          2          6     "	368	1993-04-15	"Thu"	"Midday"	"226"	2	2	6	10	"22"	"26"	4	8
"367     Wed. Apr 14, 1993          9          4          7     "	367	1993-04-14	"Wed"	"Evening"	"947"	9	4	7	20	"94"	"47"	13	11
"366     Tue. Apr 13, 1993          6          8          7     "	366	1993-04-13	"Tue"	"Midday"	"687"	6	8	7	21	"68"	"87"	14	15
"365     Mon. Apr 12, 1993          3          2          2     "	365	1993-04-12	"Mon"	"Evening"	"322"	3	2	2	7	"32"	"22"	5	4
"364     Sun. Apr 11, 1993          2          4          3     "	364	1993-04-11	"Sun"	"Midday"	"243"	2	4	3	9	"24"	"43"	6	7
"363     Sat. Apr 10, 1993          0          7          0     "	363	1993-04-10	"Sat"	"Evening"	"070"	0	7	0	7	"07"	"70"	7	7
"362     Fri. Apr 09, 1993          8          0          2     "	362	1993-04-09	"Fri"	"Midday"	"802"	8	0	2	10	"80"	"02"	8	2
"361     Thu. Apr 08, 1993          4          2          7     "	361	1993-04-08	"Thu"	"Evening"	"427"	4	2	7	13	"42"	"27"	6	9
"360     Wed. Apr 07, 1993          7          4          7     "	360	1993-04-07	"Wed"	"Midday"	"747"	7	4	7	18	"74"	"47"	11	11
"359     Tue. Apr 06, 1993          7          1          5     "	359	1993-04-06	"Tue"	"Evening"	"715"	7	1	5	13	"71"	"15"	8	6
"358     Mon. Apr 05, 1993          7          1          6     "	358	1993-04-05	"Mon"	"Midday"	"716"	7	1	6	14	"71"	"16"	8	7
"357     Sun. Apr 04, 1993          8          9          4     "	357	1993-04-04	"Sun"	"Evening"	"894"	8	9	4	21	"89"	"94"	17	13
"356     Sat. Apr 03, 1993          0          8          6     "	356	1993-04-03	"Sat"	"Midday"	"086"	0	8	6	14	"08"	"86"	8	14
"355     Fri. Apr 02, 1993          1          9          3     "	355	1993-04-02	"Fri"	"Evening"	"193"	1	9	3	13	"19"	"93"	10	12
"354     Thu. Apr 01, 1993          8          6          2     "	354	1993-04-01	"Thu"	"Midday"	"862"	8	6	2	16	"86"	"62"	14	8
"353     Wed. Mar 31, 1993          9          7          6     "	353	1993-03-31	"Wed"	"Evening"	"976"	9	7	6	22	"97"	"76"	16	13
"352     Tue. Mar 30, 1993          0          4          9     "	352	1993-03-30	"Tue"	"Midday"	"049"	0	4	9	13	"04"	"49"	4	13
"351     Mon. Mar 29, 1993          1          4          1     "	351	1993-03-29	"Mon"	"Evening"	"141"	1	4	1	6	"14"	"41"	5	5
"350     Sun. Mar 28, 1993          2          4          8     "	350	1993-03-28	"Sun"	"Midday"	"248"	2	4	8	14	"24"	"48"	6	12
"349     Sat. Mar 27, 1993          6          0          1     "	349	1993-03-27	"Sat"	"Evening"	"601"	6	0	1	7	"60"	"01"	6	1
"348     Fri. Mar 26, 1993          7          7          7     "	348	1993-03-26	"Fri"	"Midday"	"777"	7	7	7	21	"77"	"77"	14	14
"347     Thu. Mar 25, 1993          4          1          0     "	347	1993-03-25	"Thu"	"Evening"	"410"	4	1	0	5	"41"	"10"	5	1
"346     Wed. Mar 24, 1993          7          5          5     "	346	1993-03-24	"Wed"	"Midday"	"755"	7	5	5	17	"75"	"55"	12	10
"345     Tue. Mar 23, 1993          1          1          2     "	345	1993-03-23	"Tue"	"Evening"	"112"	1	1	2	4	"11"	"12"	2	3
"344     Mon. Mar 22, 1993          7          0          7     "	344	1993-03-22	"Mon"	"Midday"	"707"	7	0	7	14	"70"	"07"	7	7
"343     Sun. Mar 21, 1993          3          8          7     "	343	1993-03-21	"Sun"	"Evening"	"387"	3	8	7	18	"38"	"87"	11	15
"342     Sat. Mar 20, 1993          1          1          1     "	342	1993-03-20	"Sat"	"Midday"	"111"	1	1	1	3	"11"	"11"	2	2
"341     Fri. Mar 19, 1993          7          3          2     "	341	1993-03-19	"Fri"	"Evening"	"732"	7	3	2	12	"73"	"32"	10	5
"340     Thu. Mar 18, 1993          7          7          3     "	340	1993-03-18	"Thu"	"Midday"	"773"	7	7	3	17	"77"	"73"	14	10
"339     Wed. Mar 17, 1993          7          7          4     "	339	1993-03-17	"Wed"	"Evening"	"774"	7	7	4	18	"77"	"74"	14	11
"338     Tue. Mar 16, 1993          8          0          7     "	338	1993-03-16	"Tue"	"Midday"	"807"	8	0	7	15	"80"	"07"	8	7
"337     Mon. Mar 15, 1993          1          3          2     "	337	1993-03-15	"Mon"	"Evening"	"132"	1	3	2	6	"13"	"32"	4	5
"336     Sun. Mar 14, 1993          4          5          4     "	336	1993-03-14	"Sun"	"Midday"	"454"	4	5	4	13	"45"	"54"	9	9
"335     Sat. Mar 13, 1993          8          1          7     "	335	1993-03-13	"Sat"	"Evening"	"817"	8	1	7	16	"81"	"17"	9	8
"334     Fri. Mar 12, 1993          5          3          9     "	334	1993-03-12	"Fri"	"Midday"	"539"	5	3	9	17	"53"	"39"	8	12
"333     Thu. Mar 11, 1993          4          5          9     "	333	1993-03-11	"Thu"	"Evening"	"459"	4	5	9	18	"45"	"59"	9	14
"332     Wed. Mar 10, 1993          2          1          1     "	332	1993-03-10	"Wed"	"Midday"	"211"	2	1	1	4	"21"	"11"	3	2
"331     Tue. Mar 09, 1993          5          8          9     "	331	1993-03-09	"Tue"	"Evening"	"589"	5	8	9	22	"58"	"89"	13	17
"330     Mon. Mar 08, 1993          2          6          4     "	330	1993-03-08	"Mon"	"Midday"	"264"	2	6	4	12	"26"	"64"	8	10
"329     Sun. Mar 07, 1993          7          6          6     "	329	1993-03-07	"Sun"	"Evening"	"766"	7	6	6	19	"76"	"66"	13	12
"328     Sat. Mar 06, 1993          1          4          7     "	328	1993-03-06	"Sat"	"Midday"	"147"	1	4	7	12	"14"	"47"	5	11
"327     Fri. Mar 05, 1993          1          6          8     "	327	1993-03-05	"Fri"	"Evening"	"168"	1	6	8	15	"16"	"68"	7	14
"326     Thu. Mar 04, 1993          4          3          2     "	326	1993-03-04	"Thu"	"Midday"	"432"	4	3	2	9	"43"	"32"	7	5
"325     Wed. Mar 03, 1993          1          3          5     "	325	1993-03-03	"Wed"	"Evening"	"135"	1	3	5	9	"13"	"35"	4	8
"324     Tue. Mar 02, 1993          8          4          8     "	324	1993-03-02	"Tue"	"Midday"	"848"	8	4	8	20	"84"	"48"	12	12
"323     Mon. Mar 01, 1993          3          5          8     "	323	1993-03-01	"Mon"	"Evening"	"358"	3	5	8	16	"35"	"58"	8	13
"322     Sun. Feb 28, 1993          0          4          0     "	322	1993-02-28	"Sun"	"Midday"	"040"	0	4	0	4	"04"	"40"	4	4
"321     Sat. Feb 27, 1993          1          2          4     "	321	1993-02-27	"Sat"	"Evening"	"124"	1	2	4	7	"12"	"24"	3	6
"320     Fri. Feb 26, 1993          1          6          8     "	320	1993-02-26	"Fri"	"Midday"	"168"	1	6	8	15	"16"	"68"	7	14
"319     Thu. Feb 25, 1993          0          8          1     "	319	1993-02-25	"Thu"	"Evening"	"081"	0	8	1	9	"08"	"81"	8	9
"318     Wed. Feb 24, 1993          7          7          3     "	318	1993-02-24	"Wed"	"Midday"	"773"	7	7	3	17	"77"	"73"	14	10
"317     Tue. Feb 23, 1993          1          1          3     "	317	1993-02-23	"Tue"	"Evening"	"113"	1	1	3	5	"11"	"13"	2	4
"316     Mon. Feb 22, 1993          4          3          8     "	316	1993-02-22	"Mon"	"Midday"	"438"	4	3	8	15	"43"	"38"	7	11
"315     Sun. Feb 21, 1993          1          1          5     "	315	1993-02-21	"Sun"	"Evening"	"115"	1	1	5	7	"11"	"15"	2	6
"314     Sat. Feb 20, 1993          1          3          0     "	314	1993-02-20	"Sat"	"Midday"	"130"	1	3	0	4	"13"	"30"	4	3
"313     Fri. Feb 19, 1993          4          4          1     "	313	1993-02-19	"Fri"	"Evening"	"441"	4	4	1	9	"44"	"41"	8	5
"312     Thu. Feb 18, 1993          5          6          3     "	312	1993-02-18	"Thu"	"Midday"	"563"	5	6	3	14	"56"	"63"	11	9
"311     Wed. Feb 17, 1993          3          3          7     "	311	1993-02-17	"Wed"	"Evening"	"337"	3	3	7	13	"33"	"37"	6	10
"310     Tue. Feb 16, 1993          9          3          0     "	310	1993-02-16	"Tue"	"Midday"	"930"	9	3	0	12	"93"	"30"	12	3
"309     Mon. Feb 15, 1993          3          2          8     "	309	1993-02-15	"Mon"	"Evening"	"328"	3	2	8	13	"32"	"28"	5	10
"308     Sun. Feb 14, 1993          2          1          9     "	308	1993-02-14	"Sun"	"Midday"	"219"	2	1	9	12	"21"	"19"	3	10
"307     Sat. Feb 13, 1993          4          9          1     "	307	1993-02-13	"Sat"	"Evening"	"491"	4	9	1	14	"49"	"91"	13	10
"306     Fri. Feb 12, 1993          9          2          3     "	306	1993-02-12	"Fri"	"Midday"	"923"	9	2	3	14	"92"	"23"	11	5
"305     Thu. Feb 11, 1993          7          4          9     "	305	1993-02-11	"Thu"	"Evening"	"749"	7	4	9	20	"74"	"49"	11	13
"304     Wed. Feb 10, 1993          4          2          8     "	304	1993-02-10	"Wed"	"Midday"	"428"	4	2	8	14	"42"	"28"	6	10
"303     Tue. Feb 09, 1993          1          4          6     "	303	1993-02-09	"Tue"	"Evening"	"146"	1	4	6	11	"14"	"46"	5	10
"302     Mon. Feb 08, 1993          5          0          8     "	302	1993-02-08	"Mon"	"Midday"	"508"	5	0	8	13	"50"	"08"	5	8
"301     Sun. Feb 07, 1993          6          8          3     "	301	1993-02-07	"Sun"	"Evening"	"683"	6	8	3	17	"68"	"83"	14	11
"300     Sat. Feb 06, 1993          6          1          7     "	300	1993-02-06	"Sat"	"Midday"	"617"	6	1	7	14	"61"	"17"	7	8
"299     Fri. Feb 05, 1993          9          7          5     "	299	1993-02-05	"Fri"	"Evening"	"975"	9	7	5	21	"97"	"75"	16	12
"298     Thu. Feb 04, 1993          0          3          0     "	298	1993-02-04	"Thu"	"Midday"	"030"	0	3	0	3	"03"	"30"	3	3
"297     Wed. Feb 03, 1993          4          4          1     "	297	1993-02-03	"Wed"	"Evening"	"441"	4	4	1	9	"44"	"41"	8	5
"296     Tue. Feb 02, 1993          6          3          9     "	296	1993-02-02	"Tue"	"Midday"	"639"	6	3	9	18	"63"	"39"	9	12
"295     Mon. Feb 01, 1993          1          9          2     "	295	1993-02-01	"Mon"	"Evening"	"192"	1	9	2	12	"19"	"92"	10	11
"294     Sun. Jan 31, 1993          3          4          9     "	294	1993-01-31	"Sun"	"Midday"	"349"	3	4	9	16	"34"	"49"	7	13
"293     Sat. Jan 30, 1993          6          9          5     "	293	1993-01-30	"Sat"	"Evening"	"695"	6	9	5	20	"69"	"95"	15	14
"292     Fri. Jan 29, 1993          4          1          4     "	292	1993-01-29	"Fri"	"Midday"	"414"	4	1	4	9	"41"	"14"	5	5
"291     Thu. Jan 28, 1993          6          2          6     "	291	1993-01-28	"Thu"	"Evening"	"626"	6	2	6	14	"62"	"26"	8	8
"290     Wed. Jan 27, 1993          5          8          2     "	290	1993-01-27	"Wed"	"Midday"	"582"	5	8	2	15	"58"	"82"	13	10
"289     Tue. Jan 26, 1993          9          1          6     "	289	1993-01-26	"Tue"	"Evening"	"916"	9	1	6	16	"91"	"16"	10	7
"288     Mon. Jan 25, 1993          0          8          7     "	288	1993-01-25	"Mon"	"Midday"	"087"	0	8	7	15	"08"	"87"	8	15
"287     Sun. Jan 24, 1993          3          7          6     "	287	1993-01-24	"Sun"	"Evening"	"376"	3	7	6	16	"37"	"76"	10	13
"286     Sat. Jan 23, 1993          2          0          9     "	286	1993-01-23	"Sat"	"Midday"	"209"	2	0	9	11	"20"	"09"	2	9
"285     Fri. Jan 22, 1993          8          4          2     "	285	1993-01-22	"Fri"	"Evening"	"842"	8	4	2	14	"84"	"42"	12	6
"284     Thu. Jan 21, 1993          6          6          2     "	284	1993-01-21	"Thu"	"Midday"	"662"	6	6	2	14	"66"	"62"	12	8
"283     Wed. Jan 20, 1993          0          0          0     "	283	1993-01-20	"Wed"	"Evening"	"000"	0	0	0	0	"00"	"00"	0	0
"282     Tue. Jan 19, 1993          3          9          8     "	282	1993-01-19	"Tue"	"Midday"	"398"	3	9	8	20	"39"	"98"	12	17
"281     Mon. Jan 18, 1993          5          6          8     "	281	1993-01-18	"Mon"	"Evening"	"568"	5	6	8	19	"56"	"68"	11	14
"280     Sun. Jan 17, 1993          5          6          1     "	280	1993-01-17	"Sun"	"Midday"	"561"	5	6	1	12	"56"	"61"	11	7
"279     Sat. Jan 16, 1993          6          3          1     "	279	1993-01-16	"Sat"	"Evening"	"631"	6	3	1	10	"63"	"31"	9	4
"278     Fri. Jan 15, 1993          1          2          2     "	278	1993-01-15	"Fri"	"Midday"	"122"	1	2	2	5	"12"	"22"	3	4
"277     Thu. Jan 14, 1993          5          7          3     "	277	1993-01-14	"Thu"	"Evening"	"573"	5	7	3	15	"57"	"73"	12	10
"276     Wed. Jan 13, 1993          3          6          7     "	276	1993-01-13	"Wed"	"Midday"	"367"	3	6	7	16	"36"	"67"	9	13
"275     Tue. Jan 12, 1993          4          4          6     "	275	1993-01-12	"Tue"	"Evening"	"446"	4	4	6	14	"44"	"46"	8	10
"274     Mon. Jan 11, 1993          2          1          3     "	274	1993-01-11	"Mon"	"Midday"	"213"	2	1	3	6	"21"	"13"	3	4
"273     Sun. Jan 10, 1993          3          3          2     "	273	1993-01-10	"Sun"	"Evening"	"332"	3	3	2	8	"33"	"32"	6	5
"272     Sat. Jan 09, 1993          3          7          4     "	272	1993-01-09	"Sat"	"Midday"	"374"	3	7	4	14	"37"	"74"	10	11
"271     Fri. Jan 08, 1993          3          9          9     "	271	1993-01-08	"Fri"	"Evening"	"399"	3	9	9	21	"39"	"99"	12	18
"270     Thu. Jan 07, 1993          1          5          6     "	270	1993-01-07	"Thu"	"Midday"	"156"	1	5	6	12	"15"	"56"	6	11
"269     Wed. Jan 06, 1993          9          1          3     "	269	1993-01-06	"Wed"	"Evening"	"913"	9	1	3	13	"91"	"13"	10	4
"268     Tue. Jan 05, 1993          0          2          0     "	268	1993-01-05	"Tue"	"Midday"	"020"	0	2	0	2	"02"	"20"	2	2
"267     Mon. Jan 04, 1993          4          6          2     "	267	1993-01-04	"Mon"	"Evening"	"462"	4	6	2	12	"46"	"62"	10	8
"266     Sun. Jan 03, 1993          2          4          0     "	266	1993-01-03	"Sun"	"Midday"	"240"	2	4	0	6	"24"	"40"	6	4
"265     Sat. Jan 02, 1993          6          4          1     "	265	1993-01-02	"Sat"	"Evening"	"641"	6	4	1	11	"64"	"41"	10	5
"264     Fri. Jan 01, 1993          1          4          8     "	264	1993-01-01	"Fri"	"Midday"	"148"	1	4	8	13	"14"	"48"	5	12
"263     Thu. Dec 31, 1992          0          0          4     "	263	1992-12-31	"Thu"	"Evening"	"004"	0	0	4	4	"00"	"04"	0	4
"262     Wed. Dec 30, 1992          1          0          0     "	262	1992-12-30	"Wed"	"Midday"	"100"	1	0	0	1	"10"	"00"	1	0
"261     Tue. Dec 29, 1992          4          2          0     "	261	1992-12-29	"Tue"	"Evening"	"420"	4	2	0	6	"42"	"20"	6	2
"260     Mon. Dec 28, 1992          6          8          1     "	260	1992-12-28	"Mon"	"Midday"	"681"	6	8	1	15	"68"	"81"	14	9
"259     Sun. Dec 27, 1992          0          6          1     "	259	1992-12-27	"Sun"	"Evening"	"061"	0	6	1	7	"06"	"61"	6	7
"258     Sat. Dec 26, 1992          4          6          1     "	258	1992-12-26	"Sat"	"Midday"	"461"	4	6	1	11	"46"	"61"	10	7
"257     Fri. Dec 25, 1992          0          5          3     "	257	1992-12-25	"Fri"	"Evening"	"053"	0	5	3	8	"05"	"53"	5	8
"256     Thu. Dec 24, 1992          4          1          7     "	256	1992-12-24	"Thu"	"Midday"	"417"	4	1	7	12	"41"	"17"	5	8
"255     Wed. Dec 23, 1992          9          9          3     "	255	1992-12-23	"Wed"	"Evening"	"993"	9	9	3	21	"99"	"93"	18	12
"254     Tue. Dec 22, 1992          9          9          8     "	254	1992-12-22	"Tue"	"Midday"	"998"	9	9	8	26	"99"	"98"	18	17
"253     Mon. Dec 21, 1992          4          4          7     "	253	1992-12-21	"Mon"	"Evening"	"447"	4	4	7	15	"44"	"47"	8	11
"252     Sun. Dec 20, 1992          2          8          0     "	252	1992-12-20	"Sun"	"Midday"	"280"	2	8	0	10	"28"	"80"	10	8
"251     Sat. Dec 19, 1992          9          2          1     "	251	1992-12-19	"Sat"	"Evening"	"921"	9	2	1	12	"92"	"21"	11	3
"250     Fri. Dec 18, 1992          6          8          6     "	250	1992-12-18	"Fri"	"Midday"	"686"	6	8	6	20	"68"	"86"	14	14
"249     Thu. Dec 17, 1992          3          4          4     "	249	1992-12-17	"Thu"	"Evening"	"344"	3	4	4	11	"34"	"44"	7	8
"248     Wed. Dec 16, 1992          2          3          9     "	248	1992-12-16	"Wed"	"Midday"	"239"	2	3	9	14	"23"	"39"	5	12
"247     Tue. Dec 15, 1992          2          9          2     "	247	1992-12-15	"Tue"	"Evening"	"292"	2	9	2	13	"29"	"92"	11	11
"246     Mon. Dec 14, 1992          6          5          5     "	246	1992-12-14	"Mon"	"Midday"	"655"	6	5	5	16	"65"	"55"	11	10
"245     Sun. Dec 13, 1992          1          0          9     "	245	1992-12-13	"Sun"	"Evening"	"109"	1	0	9	10	"10"	"09"	1	9
"244     Sat. Dec 12, 1992          6          8          5     "	244	1992-12-12	"Sat"	"Midday"	"685"	6	8	5	19	"68"	"85"	14	13
"243     Fri. Dec 11, 1992          5          2          4     "	243	1992-12-11	"Fri"	"Evening"	"524"	5	2	4	11	"52"	"24"	7	6
"242     Thu. Dec 10, 1992          3          1          9     "	242	1992-12-10	"Thu"	"Midday"	"319"	3	1	9	13	"31"	"19"	4	10
"241     Wed. Dec 09, 1992          1          5          8     "	241	1992-12-09	"Wed"	"Evening"	"158"	1	5	8	14	"15"	"58"	6	13
"240     Tue. Dec 08, 1992          3          7          5     "	240	1992-12-08	"Tue"	"Midday"	"375"	3	7	5	15	"37"	"75"	10	12
"239     Mon. Dec 07, 1992          9          2          2     "	239	1992-12-07	"Mon"	"Evening"	"922"	9	2	2	13	"92"	"22"	11	4
"238     Sun. Dec 06, 1992          1          1          2     "	238	1992-12-06	"Sun"	"Midday"	"112"	1	1	2	4	"11"	"12"	2	3
"237     Sat. Dec 05, 1992          5          9          0     "	237	1992-12-05	"Sat"	"Evening"	"590"	5	9	0	14	"59"	"90"	14	9
"236     Fri. Dec 04, 1992          7          8          9     "	236	1992-12-04	"Fri"	"Midday"	"789"	7	8	9	24	"78"	"89"	15	17
"235     Thu. Dec 03, 1992          8          5          1     "	235	1992-12-03	"Thu"	"Evening"	"851"	8	5	1	14	"85"	"51"	13	6
"234     Wed. Dec 02, 1992          8          4          9     "	234	1992-12-02	"Wed"	"Midday"	"849"	8	4	9	21	"84"	"49"	12	13
"233     Tue. Dec 01, 1992          7          1          5     "	233	1992-12-01	"Tue"	"Evening"	"715"	7	1	5	13	"71"	"15"	8	6
"232     Mon. Nov 30, 1992          7          2          0     "	232	1992-11-30	"Mon"	"Midday"	"720"	7	2	0	9	"72"	"20"	9	2
"231     Sun. Nov 29, 1992          2          7          3     "	231	1992-11-29	"Sun"	"Evening"	"273"	2	7	3	12	"27"	"73"	9	10
"230     Sat. Nov 28, 1992          2          7          9     "	230	1992-11-28	"Sat"	"Midday"	"279"	2	7	9	18	"27"	"79"	9	16
"229     Fri. Nov 27, 1992          2          9          7     "	229	1992-11-27	"Fri"	"Evening"	"297"	2	9	7	18	"29"	"97"	11	16
"228     Thu. Nov 26, 1992          7          2          3     "	228	1992-11-26	"Thu"	"Midday"	"723"	7	2	3	12	"72"	"23"	9	5
"227     Wed. Nov 25, 1992          4          7          7     "	227	1992-11-25	"Wed"	"Evening"	"477"	4	7	7	18	"47"	"77"	11	14
"226     Tue. Nov 24, 1992          8          1          0     "	226	1992-11-24	"Tue"	"Midday"	"810"	8	1	0	9	"81"	"10"	9	1
"225     Mon. Nov 23, 1992          6          8          5     "	225	1992-11-23	"Mon"	"Evening"	"685"	6	8	5	19	"68"	"85"	14	13
"224     Sun. Nov 22, 1992          2          3          5     "	224	1992-11-22	"Sun"	"Midday"	"235"	2	3	5	10	"23"	"35"	5	8
"223     Sat. Nov 21, 1992          4          2          5     "	223	1992-11-21	"Sat"	"Evening"	"425"	4	2	5	11	"42"	"25"	6	7
"222     Fri. Nov 20, 1992          1          6          7     "	222	1992-11-20	"Fri"	"Midday"	"167"	1	6	7	14	"16"	"67"	7	13
"221     Thu. Nov 19, 1992          1          0          5     "	221	1992-11-19	"Thu"	"Evening"	"105"	1	0	5	6	"10"	"05"	1	5
"220     Wed. Nov 18, 1992          0          8          5     "	220	1992-11-18	"Wed"	"Midday"	"085"	0	8	5	13	"08"	"85"	8	13
"219     Tue. Nov 17, 1992          2          1          3     "	219	1992-11-17	"Tue"	"Evening"	"213"	2	1	3	6	"21"	"13"	3	4
"218     Mon. Nov 16, 1992          8          2          4     "	218	1992-11-16	"Mon"	"Midday"	"824"	8	2	4	14	"82"	"24"	10	6
"217     Sun. Nov 15, 1992          0          6          8     "	217	1992-11-15	"Sun"	"Evening"	"068"	0	6	8	14	"06"	"68"	6	14
"216     Sat. Nov 14, 1992          7          3          9     "	216	1992-11-14	"Sat"	"Midday"	"739"	7	3	9	19	"73"	"39"	10	12
"215     Fri. Nov 13, 1992          8          8          9     "	215	1992-11-13	"Fri"	"Evening"	"889"	8	8	9	25	"88"	"89"	16	17
"214     Thu. Nov 12, 1992          6          8          0     "	214	1992-11-12	"Thu"	"Midday"	"680"	6	8	0	14	"68"	"80"	14	8
"213     Wed. Nov 11, 1992          1          1          6     "	213	1992-11-11	"Wed"	"Evening"	"116"	1	1	6	8	"11"	"16"	2	7
"212     Tue. Nov 10, 1992          8          7          5     "	212	1992-11-10	"Tue"	"Midday"	"875"	8	7	5	20	"87"	"75"	15	12
"211     Mon. Nov 09, 1992          6          3          8     "	211	1992-11-09	"Mon"	"Evening"	"638"	6	3	8	17	"63"	"38"	9	11
"210     Sun. Nov 08, 1992          9          3          2     "	210	1992-11-08	"Sun"	"Midday"	"932"	9	3	2	14	"93"	"32"	12	5
"209     Sat. Nov 07, 1992          3          3          9     "	209	1992-11-07	"Sat"	"Evening"	"339"	3	3	9	15	"33"	"39"	6	12
"208     Fri. Nov 06, 1992          0          8          3     "	208	1992-11-06	"Fri"	"Midday"	"083"	0	8	3	11	"08"	"83"	8	11
"207     Thu. Nov 05, 1992          2          3          5     "	207	1992-11-05	"Thu"	"Evening"	"235"	2	3	5	10	"23"	"35"	5	8
"206     Wed. Nov 04, 1992          3          1          2     "	206	1992-11-04	"Wed"	"Midday"	"312"	3	1	2	6	"31"	"12"	4	3
"205     Tue. Nov 03, 1992          2          7          7     "	205	1992-11-03	"Tue"	"Evening"	"277"	2	7	7	16	"27"	"77"	9	14
"204     Mon. Nov 02, 1992          0          8          9     "	204	1992-11-02	"Mon"	"Midday"	"089"	0	8	9	17	"08"	"89"	8	17
"203     Sun. Nov 01, 1992          3          2          0     "	203	1992-11-01	"Sun"	"Evening"	"320"	3	2	0	5	"32"	"20"	5	2
"202     Sat. Oct 31, 1992          1          4          2     "	202	1992-10-31	"Sat"	"Midday"	"142"	1	4	2	7	"14"	"42"	5	6
"201     Fri. Oct 30, 1992          6          0          0     "	201	1992-10-30	"Fri"	"Evening"	"600"	6	0	0	6	"60"	"00"	6	0
"200     Thu. Oct 29, 1992          0          5          6     "	200	1992-10-29	"Thu"	"Midday"	"056"	0	5	6	11	"05"	"56"	5	11
"199     Wed. Oct 28, 1992          2          6          6     "	199	1992-10-28	"Wed"	"Evening"	"266"	2	6	6	14	"26"	"66"	8	12
"198     Tue. Oct 27, 1992          3          5          8     "	198	1992-10-27	"Tue"	"Midday"	"358"	3	5	8	16	"35"	"58"	8	13
"197     Mon. Oct 26, 1992          8          5          1     "	197	1992-10-26	"Mon"	"Evening"	"851"	8	5	1	14	"85"	"51"	13	6
"196     Sun. Oct 25, 1992          1          3          9     "	196	1992-10-25	"Sun"	"Midday"	"139"	1	3	9	13	"13"	"39"	4	12
"195     Sat. Oct 24, 1992          1          4          8     "	195	1992-10-24	"Sat"	"Evening"	"148"	1	4	8	13	"14"	"48"	5	12
"194     Fri. Oct 23, 1992          0          6          5     "	194	1992-10-23	"Fri"	"Midday"	"065"	0	6	5	11	"06"	"65"	6	11
"193     Thu. Oct 22, 1992          7          7          2     "	193	1992-10-22	"Thu"	"Evening"	"772"	7	7	2	16	"77"	"72"	14	9
"192     Wed. Oct 21, 1992          7          9          7     "	192	1992-10-21	"Wed"	"Midday"	"797"	7	9	7	23	"79"	"97"	16	16
"191     Tue. Oct 20, 1992          0          7          3     "	191	1992-10-20	"Tue"	"Evening"	"073"	0	7	3	10	"07"	"73"	7	10
"190     Mon. Oct 19, 1992          3          3          9     "	190	1992-10-19	"Mon"	"Midday"	"339"	3	3	9	15	"33"	"39"	6	12
"189     Sun. Oct 18, 1992          5          8          0     "	189	1992-10-18	"Sun"	"Evening"	"580"	5	8	0	13	"58"	"80"	13	8
"188     Sat. Oct 17, 1992          6          5          5     "	188	1992-10-17	"Sat"	"Midday"	"655"	6	5	5	16	"65"	"55"	11	10
"187     Fri. Oct 16, 1992          7          5          7     "	187	1992-10-16	"Fri"	"Evening"	"757"	7	5	7	19	"75"	"57"	12	12
"186     Thu. Oct 15, 1992          6          3          5     "	186	1992-10-15	"Thu"	"Midday"	"635"	6	3	5	14	"63"	"35"	9	8
"185     Wed. Oct 14, 1992          0          9          4     "	185	1992-10-14	"Wed"	"Evening"	"094"	0	9	4	13	"09"	"94"	9	13
"184     Tue. Oct 13, 1992          2          9          3     "	184	1992-10-13	"Tue"	"Midday"	"293"	2	9	3	14	"29"	"93"	11	12
"183     Mon. Oct 12, 1992          6          9          6     "	183	1992-10-12	"Mon"	"Evening"	"696"	6	9	6	21	"69"	"96"	15	15
"182     Sun. Oct 11, 1992          9          3          8     "	182	1992-10-11	"Sun"	"Midday"	"938"	9	3	8	20	"93"	"38"	12	11
"181     Sat. Oct 10, 1992          4          0          8     "	181	1992-10-10	"Sat"	"Evening"	"408"	4	0	8	12	"40"	"08"	4	8
"180     Fri. Oct 09, 1992          9          0          9     "	180	1992-10-09	"Fri"	"Midday"	"909"	9	0	9	18	"90"	"09"	9	9
"179     Thu. Oct 08, 1992          5          1          8     "	179	1992-10-08	"Thu"	"Evening"	"518"	5	1	8	14	"51"	"18"	6	9
"178     Wed. Oct 07, 1992          5          2          5     "	178	1992-10-07	"Wed"	"Midday"	"525"	5	2	5	12	"52"	"25"	7	7
"177     Tue. Oct 06, 1992          3          0          5     "	177	1992-10-06	"Tue"	"Evening"	"305"	3	0	5	8	"30"	"05"	3	5
"176     Mon. Oct 05, 1992          7          4          9     "	176	1992-10-05	"Mon"	"Midday"	"749"	7	4	9	20	"74"	"49"	11	13
"175     Sun. Oct 04, 1992          8          2          5     "	175	1992-10-04	"Sun"	"Evening"	"825"	8	2	5	15	"82"	"25"	10	7
"174     Sat. Oct 03, 1992          9          9          2     "	174	1992-10-03	"Sat"	"Midday"	"992"	9	9	2	20	"99"	"92"	18	11
"173     Fri. Oct 02, 1992          7          9          0     "	173	1992-10-02	"Fri"	"Evening"	"790"	7	9	0	16	"79"	"90"	16	9
"172     Thu. Oct 01, 1992          6          5          4     "	172	1992-10-01	"Thu"	"Midday"	"654"	6	5	4	15	"65"	"54"	11	9
"171     Wed. Sep 30, 1992          3          3          2     "	171	1992-09-30	"Wed"	"Evening"	"332"	3	3	2	8	"33"	"32"	6	5
"170     Tue. Sep 29, 1992          6          9          8     "	170	1992-09-29	"Tue"	"Midday"	"698"	6	9	8	23	"69"	"98"	15	17
"169     Mon. Sep 28, 1992          8          4          4     "	169	1992-09-28	"Mon"	"Evening"	"844"	8	4	4	16	"84"	"44"	12	8
"168     Sun. Sep 27, 1992          4          3          6     "	168	1992-09-27	"Sun"	"Midday"	"436"	4	3	6	13	"43"	"36"	7	9
"167     Sat. Sep 26, 1992          5          2          7     "	167	1992-09-26	"Sat"	"Evening"	"527"	5	2	7	14	"52"	"27"	7	9
"166     Fri. Sep 25, 1992          4          3          8     "	166	1992-09-25	"Fri"	"Midday"	"438"	4	3	8	15	"43"	"38"	7	11
"165     Thu. Sep 24, 1992          3          9          7     "	165	1992-09-24	"Thu"	"Evening"	"397"	3	9	7	19	"39"	"97"	12	16
"164     Wed. Sep 23, 1992          9          6          6     "	164	1992-09-23	"Wed"	"Midday"	"966"	9	6	6	21	"96"	"66"	15	12
"163     Tue. Sep 22, 1992          4          4          9     "	163	1992-09-22	"Tue"	"Evening"	"449"	4	4	9	17	"44"	"49"	8	13
"162     Mon. Sep 21, 1992          1          7          7     "	162	1992-09-21	"Mon"	"Midday"	"177"	1	7	7	15	"17"	"77"	8	14
"161     Sun. Sep 20, 1992          4          6          0     "	161	1992-09-20	"Sun"	"Evening"	"460"	4	6	0	10	"46"	"60"	10	6
"160     Sat. Sep 19, 1992          2          8          4     "	160	1992-09-19	"Sat"	"Midday"	"284"	2	8	4	14	"28"	"84"	10	12
"159     Fri. Sep 18, 1992          3          6          0     "	159	1992-09-18	"Fri"	"Evening"	"360"	3	6	0	9	"36"	"60"	9	6
"158     Thu. Sep 17, 1992          6          2          5     "	158	1992-09-17	"Thu"	"Midday"	"625"	6	2	5	13	"62"	"25"	8	7
"157     Wed. Sep 16, 1992          9          3          2     "	157	1992-09-16	"Wed"	"Evening"	"932"	9	3	2	14	"93"	"32"	12	5
"156     Tue. Sep 15, 1992          2          0          7     "	156	1992-09-15	"Tue"	"Midday"	"207"	2	0	7	9	"20"	"07"	2	7
"155     Mon. Sep 14, 1992          0          1          0     "	155	1992-09-14	"Mon"	"Evening"	"010"	0	1	0	1	"01"	"10"	1	1
"154     Sun. Sep 13, 1992          8          5          5     "	154	1992-09-13	"Sun"	"Midday"	"855"	8	5	5	18	"85"	"55"	13	10
"153     Sat. Sep 12, 1992          5          4          3     "	153	1992-09-12	"Sat"	"Evening"	"543"	5	4	3	12	"54"	"43"	9	7
"152     Fri. Sep 11, 1992          6          2          9     "	152	1992-09-11	"Fri"	"Midday"	"629"	6	2	9	17	"62"	"29"	8	11
"151     Thu. Sep 10, 1992          6          3          0     "	151	1992-09-10	"Thu"	"Evening"	"630"	6	3	0	9	"63"	"30"	9	3
"150     Wed. Sep 09, 1992          9          4          4     "	150	1992-09-09	"Wed"	"Midday"	"944"	9	4	4	17	"94"	"44"	13	8
"149     Tue. Sep 08, 1992          6          5          8     "	149	1992-09-08	"Tue"	"Evening"	"658"	6	5	8	19	"65"	"58"	11	13
"148     Mon. Sep 07, 1992          2          5          8     "	148	1992-09-07	"Mon"	"Midday"	"258"	2	5	8	15	"25"	"58"	7	13
"147     Sun. Sep 06, 1992          1          0          6     "	147	1992-09-06	"Sun"	"Evening"	"106"	1	0	6	7	"10"	"06"	1	6
"146     Sat. Sep 05, 1992          6          4          5     "	146	1992-09-05	"Sat"	"Midday"	"645"	6	4	5	15	"64"	"45"	10	9
"145     Fri. Sep 04, 1992          4          5          2     "	145	1992-09-04	"Fri"	"Evening"	"452"	4	5	2	11	"45"	"52"	9	7
"144     Thu. Sep 03, 1992          1          3          1     "	144	1992-09-03	"Thu"	"Midday"	"131"	1	3	1	5	"13"	"31"	4	4
"143     Wed. Sep 02, 1992          2          6          8     "	143	1992-09-02	"Wed"	"Evening"	"268"	2	6	8	16	"26"	"68"	8	14
"142     Tue. Sep 01, 1992          4          1          2     "	142	1992-09-01	"Tue"	"Midday"	"412"	4	1	2	7	"41"	"12"	5	3
"141     Mon. Aug 31, 1992          2          2          4     "	141	1992-08-31	"Mon"	"Evening"	"224"	2	2	4	8	"22"	"24"	4	6
"140     Sun. Aug 30, 1992          6          1          2     "	140	1992-08-30	"Sun"	"Midday"	"612"	6	1	2	9	"61"	"12"	7	3
"139     Sat. Aug 29, 1992          5          4          4     "	139	1992-08-29	"Sat"	"Evening"	"544"	5	4	4	13	"54"	"44"	9	8
"138     Fri. Aug 28, 1992          3          3          1     "	138	1992-08-28	"Fri"	"Midday"	"331"	3	3	1	7	"33"	"31"	6	4
"137     Thu. Aug 27, 1992          3          3          4     "	137	1992-08-27	"Thu"	"Evening"	"334"	3	3	4	10	"33"	"34"	6	7
"136     Wed. Aug 26, 1992          8          8          6     "	136	1992-08-26	"Wed"	"Midday"	"886"	8	8	6	22	"88"	"86"	16	14
"135     Tue. Aug 25, 1992          4          8          0     "	135	1992-08-25	"Tue"	"Evening"	"480"	4	8	0	12	"48"	"80"	12	8
"134     Mon. Aug 24, 1992          0          9          7     "	134	1992-08-24	"Mon"	"Midday"	"097"	0	9	7	16	"09"	"97"	9	16
"133     Sun. Aug 23, 1992          6          7          2     "	133	1992-08-23	"Sun"	"Evening"	"672"	6	7	2	15	"67"	"72"	13	9
"132     Sat. Aug 22, 1992          0          1          9     "	132	1992-08-22	"Sat"	"Midday"	"019"	0	1	9	10	"01"	"19"	1	10
"131     Fri. Aug 21, 1992          1          5          2     "	131	1992-08-21	"Fri"	"Evening"	"152"	1	5	2	8	"15"	"52"	6	7
"130     Thu. Aug 20, 1992          7          0          7     "	130	1992-08-20	"Thu"	"Midday"	"707"	7	0	7	14	"70"	"07"	7	7
"129     Wed. Aug 19, 1992          3          6          4     "	129	1992-08-19	"Wed"	"Evening"	"364"	3	6	4	13	"36"	"64"	9	10
"128     Tue. Aug 18, 1992          8          0          8     "	128	1992-08-18	"Tue"	"Midday"	"808"	8	0	8	16	"80"	"08"	8	8
"127     Mon. Aug 17, 1992          3          2          4     "	127	1992-08-17	"Mon"	"Evening"	"324"	3	2	4	9	"32"	"24"	5	6
"126     Sun. Aug 16, 1992          5          6          6     "	126	1992-08-16	"Sun"	"Midday"	"566"	5	6	6	17	"56"	"66"	11	12
"125     Sat. Aug 15, 1992          9          2          5     "	125	1992-08-15	"Sat"	"Evening"	"925"	9	2	5	16	"92"	"25"	11	7
"124     Fri. Aug 14, 1992          1          1          2     "	124	1992-08-14	"Fri"	"Midday"	"112"	1	1	2	4	"11"	"12"	2	3
"123     Thu. Aug 13, 1992          9          6          1     "	123	1992-08-13	"Thu"	"Evening"	"961"	9	6	1	16	"96"	"61"	15	7
"122     Wed. Aug 12, 1992          1          2          5     "	122	1992-08-12	"Wed"	"Midday"	"125"	1	2	5	8	"12"	"25"	3	7
"121     Tue. Aug 11, 1992          9          7          4     "	121	1992-08-11	"Tue"	"Evening"	"974"	9	7	4	20	"97"	"74"	16	11
"120     Mon. Aug 10, 1992          8          8          8     "	120	1992-08-10	"Mon"	"Midday"	"888"	8	8	8	24	"88"	"88"	16	16
"119     Sun. Aug 09, 1992          3          3          1     "	119	1992-08-09	"Sun"	"Evening"	"331"	3	3	1	7	"33"	"31"	6	4
"118     Sat. Aug 08, 1992          0          1          9     "	118	1992-08-08	"Sat"	"Midday"	"019"	0	1	9	10	"01"	"19"	1	10
"117     Fri. Aug 07, 1992          3          7          2     "	117	1992-08-07	"Fri"	"Evening"	"372"	3	7	2	12	"37"	"72"	10	9
"116     Thu. Aug 06, 1992          1          4          6     "	116	1992-08-06	"Thu"	"Midday"	"146"	1	4	6	11	"14"	"46"	5	10
"115     Wed. Aug 05, 1992          7          8          7     "	115	1992-08-05	"Wed"	"Evening"	"787"	7	8	7	22	"78"	"87"	15	15
"114     Tue. Aug 04, 1992          0          4          4     "	114	1992-08-04	"Tue"	"Midday"	"044"	0	4	4	8	"04"	"44"	4	8
"113     Mon. Aug 03, 1992          9          6          3     "	113	1992-08-03	"Mon"	"Evening"	"963"	9	6	3	18	"96"	"63"	15	9
"112     Sun. Aug 02, 1992          9          3          9     "	112	1992-08-02	"Sun"	"Midday"	"939"	9	3	9	21	"93"	"39"	12	12
"111     Sat. Aug 01, 1992          4          6          8     "	111	1992-08-01	"Sat"	"Evening"	"468"	4	6	8	18	"46"	"68"	10	14
"110     Fri. Jul 31, 1992          1          3          1     "	110	1992-07-31	"Fri"	"Midday"	"131"	1	3	1	5	"13"	"31"	4	4
"109     Thu. Jul 30, 1992          0          4          2     "	109	1992-07-30	"Thu"	"Evening"	"042"	0	4	2	6	"04"	"42"	4	6
"108     Wed. Jul 29, 1992          1          9          6     "	108	1992-07-29	"Wed"	"Midday"	"196"	1	9	6	16	"19"	"96"	10	15
"107     Tue. Jul 28, 1992          1          7          5     "	107	1992-07-28	"Tue"	"Evening"	"175"	1	7	5	13	"17"	"75"	8	12
"106     Mon. Jul 27, 1992          4          6          6     "	106	1992-07-27	"Mon"	"Midday"	"466"	4	6	6	16	"46"	"66"	10	12
"105     Sun. Jul 26, 1992          4          6          6     "	105	1992-07-26	"Sun"	"Evening"	"466"	4	6	6	16	"46"	"66"	10	12
"104     Sat. Jul 25, 1992          6          3          3     "	104	1992-07-25	"Sat"	"Midday"	"633"	6	3	3	12	"63"	"33"	9	6
"103     Fri. Jul 24, 1992          9          8          5     "	103	1992-07-24	"Fri"	"Evening"	"985"	9	8	5	22	"98"	"85"	17	13
"102     Thu. Jul 23, 1992          1          9          2     "	102	1992-07-23	"Thu"	"Midday"	"192"	1	9	2	12	"19"	"92"	10	11
"101     Wed. Jul 22, 1992          0          4          4     "	101	1992-07-22	"Wed"	"Evening"	"044"	0	4	4	8	"04"	"44"	4	8
"100     Tue. Jul 21, 1992          7          8          8     "	100	1992-07-21	"Tue"	"Midday"	"788"	7	8	8	23	"78"	"88"	15	16
"99     Mon. Jul 20, 1992          6          1          4     "	99	1992-07-20	"Mon"	"Evening"	"614"	6	1	4	11	"61"	"14"	7	5
"98     Sun. Jul 19, 1992          0          0          3     "	98	1992-07-19	"Sun"	"Midday"	"003"	0	0	3	3	"00"	"03"	0	3
"97     Sat. Jul 18, 1992          6          1          7     "	97	1992-07-18	"Sat"	"Evening"	"617"	6	1	7	14	"61"	"17"	7	8
"96     Fri. Jul 17, 1992          4          2          5     "	96	1992-07-17	"Fri"	"Midday"	"425"	4	2	5	11	"42"	"25"	6	7
"95     Thu. Jul 16, 1992          3          9          1     "	95	1992-07-16	"Thu"	"Evening"	"391"	3	9	1	13	"39"	"91"	12	10
"94     Wed. Jul 15, 1992          8          3          5     "	94	1992-07-15	"Wed"	"Midday"	"835"	8	3	5	16	"83"	"35"	11	8
"93     Tue. Jul 14, 1992          7          4          6     "	93	1992-07-14	"Tue"	"Evening"	"746"	7	4	6	17	"74"	"46"	11	10
"92     Mon. Jul 13, 1992          8          6          9     "	92	1992-07-13	"Mon"	"Midday"	"869"	8	6	9	23	"86"	"69"	14	15
"91     Sun. Jul 12, 1992          1          7          7     "	91	1992-07-12	"Sun"	"Evening"	"177"	1	7	7	15	"17"	"77"	8	14
"90     Sat. Jul 11, 1992          9          4          8     "	90	1992-07-11	"Sat"	"Midday"	"948"	9	4	8	21	"94"	"48"	13	12
"89     Fri. Jul 10, 1992          4          6          8     "	89	1992-07-10	"Fri"	"Evening"	"468"	4	6	8	18	"46"	"68"	10	14
"88     Thu. Jul 09, 1992          8          0          5     "	88	1992-07-09	"Thu"	"Midday"	"805"	8	0	5	13	"80"	"05"	8	5
"87     Wed. Jul 08, 1992          0          6          4     "	87	1992-07-08	"Wed"	"Evening"	"064"	0	6	4	10	"06"	"64"	6	10
"86     Tue. Jul 07, 1992          2          0          5     "	86	1992-07-07	"Tue"	"Midday"	"205"	2	0	5	7	"20"	"05"	2	5
"85     Mon. Jul 06, 1992          8          1          1     "	85	1992-07-06	"Mon"	"Evening"	"811"	8	1	1	10	"81"	"11"	9	2
"84     Sun. Jul 05, 1992          4          1          6     "	84	1992-07-05	"Sun"	"Midday"	"416"	4	1	6	11	"41"	"16"	5	7
"83     Sat. Jul 04, 1992          0          9          3     "	83	1992-07-04	"Sat"	"Evening"	"093"	0	9	3	12	"09"	"93"	9	12
"82     Fri. Jul 03, 1992          5          7          9     "	82	1992-07-03	"Fri"	"Midday"	"579"	5	7	9	21	"57"	"79"	12	16
"81     Thu. Jul 02, 1992          5          8          5     "	81	1992-07-02	"Thu"	"Evening"	"585"	5	8	5	18	"58"	"85"	13	13
"80     Wed. Jul 01, 1992          5          4          2     "	80	1992-07-01	"Wed"	"Midday"	"542"	5	4	2	11	"54"	"42"	9	6
"79     Tue. Jun 30, 1992          1          1          2     "	79	1992-06-30	"Tue"	"Evening"	"112"	1	1	2	4	"11"	"12"	2	3
"78     Mon. Jun 29, 1992          1          0          0     "	78	1992-06-29	"Mon"	"Midday"	"100"	1	0	0	1	"10"	"00"	1	0
"77     Sun. Jun 28, 1992          4          6          8     "	77	1992-06-28	"Sun"	"Evening"	"468"	4	6	8	18	"46"	"68"	10	14
"76     Sat. Jun 27, 1992          8          7          1     "	76	1992-06-27	"Sat"	"Midday"	"871"	8	7	1	16	"87"	"71"	15	8
"75     Fri. Jun 26, 1992          1          9          6     "	75	1992-06-26	"Fri"	"Evening"	"196"	1	9	6	16	"19"	"96"	10	15
"74     Thu. Jun 25, 1992          2          3          5     "	74	1992-06-25	"Thu"	"Midday"	"235"	2	3	5	10	"23"	"35"	5	8
"73     Wed. Jun 24, 1992          7          3          4     "	73	1992-06-24	"Wed"	"Evening"	"734"	7	3	4	14	"73"	"34"	10	7
"72     Tue. Jun 23, 1992          5          2          6     "	72	1992-06-23	"Tue"	"Midday"	"526"	5	2	6	13	"52"	"26"	7	8
"71     Mon. Jun 22, 1992          5          7          4     "	71	1992-06-22	"Mon"	"Evening"	"574"	5	7	4	16	"57"	"74"	12	11
"70     Sun. Jun 21, 1992          4          8          9     "	70	1992-06-21	"Sun"	"Midday"	"489"	4	8	9	21	"48"	"89"	12	17
"69     Sat. Jun 20, 1992          8          7          4     "	69	1992-06-20	"Sat"	"Evening"	"874"	8	7	4	19	"87"	"74"	15	11
"68     Fri. Jun 19, 1992          5          0          3     "	68	1992-06-19	"Fri"	"Midday"	"503"	5	0	3	8	"50"	"03"	5	3
"67     Thu. Jun 18, 1992          2          3          8     "	67	1992-06-18	"Thu"	"Evening"	"238"	2	3	8	13	"23"	"38"	5	11
"66     Wed. Jun 17, 1992          6          2          2     "	66	1992-06-17	"Wed"	"Midday"	"622"	6	2	2	10	"62"	"22"	8	4
"65     Tue. Jun 16, 1992          9          6          1     "	65	1992-06-16	"Tue"	"Evening"	"961"	9	6	1	16	"96"	"61"	15	7
"64     Mon. Jun 15, 1992          6          7          3     "	64	1992-06-15	"Mon"	"Midday"	"673"	6	7	3	16	"67"	"73"	13	10
"63     Sun. Jun 14, 1992          2          1          8     "	63	1992-06-14	"Sun"	"Evening"	"218"	2	1	8	11	"21"	"18"	3	9
"62     Sat. Jun 13, 1992          3          6          1     "	62	1992-06-13	"Sat"	"Midday"	"361"	3	6	1	10	"36"	"61"	9	7
"61     Fri. Jun 12, 1992          3          0          3     "	61	1992-06-12	"Fri"	"Evening"	"303"	3	0	3	6	"30"	"03"	3	3
"60     Thu. Jun 11, 1992          9          3          2     "	60	1992-06-11	"Thu"	"Midday"	"932"	9	3	2	14	"93"	"32"	12	5
"59     Wed. Jun 10, 1992          8          7          5     "	59	1992-06-10	"Wed"	"Evening"	"875"	8	7	5	20	"87"	"75"	15	12
"58     Tue. Jun 09, 1992          7          1          4     "	58	1992-06-09	"Tue"	"Midday"	"714"	7	1	4	12	"71"	"14"	8	5
"57     Mon. Jun 08, 1992          8          4          3     "	57	1992-06-08	"Mon"	"Evening"	"843"	8	4	3	15	"84"	"43"	12	7
"56     Sun. Jun 07, 1992          0          6          8     "	56	1992-06-07	"Sun"	"Midday"	"068"	0	6	8	14	"06"	"68"	6	14
"55     Sat. Jun 06, 1992          5          9          9     "	55	1992-06-06	"Sat"	"Evening"	"599"	5	9	9	23	"59"	"99"	14	18
"54     Fri. Jun 05, 1992          2          5          1     "	54	1992-06-05	"Fri"	"Midday"	"251"	2	5	1	8	"25"	"51"	7	6
"53     Thu. Jun 04, 1992          9          3          6     "	53	1992-06-04	"Thu"	"Evening"	"936"	9	3	6	18	"93"	"36"	12	9
"52     Wed. Jun 03, 1992          2          3          8     "	52	1992-06-03	"Wed"	"Midday"	"238"	2	3	8	13	"23"	"38"	5	11
"51     Tue. Jun 02, 1992          0          8          9     "	51	1992-06-02	"Tue"	"Evening"	"089"	0	8	9	17	"08"	"89"	8	17
"50     Mon. Jun 01, 1992          2          6          6     "	50	1992-06-01	"Mon"	"Midday"	"266"	2	6	6	14	"26"	"66"	8	12
"49     Sun. May 31, 1992          4          2          9     "	49	1992-05-31	"Sun"	"Evening"	"429"	4	2	9	15	"42"	"29"	6	11
"48     Sat. May 30, 1992          6          3          3     "	48	1992-05-30	"Sat"	"Midday"	"633"	6	3	3	12	"63"	"33"	9	6
"47     Fri. May 29, 1992          2          6          0     "	47	1992-05-29	"Fri"	"Evening"	"260"	2	6	0	8	"26"	"60"	8	6
"46     Thu. May 28, 1992          4          6          1     "	46	1992-05-28	"Thu"	"Midday"	"461"	4	6	1	11	"46"	"61"	10	7
"45     Wed. May 27, 1992          5          1          6     "	45	1992-05-27	"Wed"	"Evening"	"516"	5	1	6	12	"51"	"16"	6	7
"44     Tue. May 26, 1992          0          0          9     "	44	1992-05-26	"Tue"	"Midday"	"009"	0	0	9	9	"00"	"09"	0	9
"43     Mon. May 25, 1992          8          5          7     "	43	1992-05-25	"Mon"	"Evening"	"857"	8	5	7	20	"85"	"57"	13	12
"42     Sun. May 24, 1992          8          4          3     "	42	1992-05-24	"Sun"	"Midday"	"843"	8	4	3	15	"84"	"43"	12	7
"41     Sat. May 23, 1992          4          6          9     "	41	1992-05-23	"Sat"	"Evening"	"469"	4	6	9	19	"46"	"69"	10	15
"40     Fri. May 22, 1992          7          7          6     "	40	1992-05-22	"Fri"	"Midday"	"776"	7	7	6	20	"77"	"76"	14	13
"39     Thu. May 21, 1992          3          4          1     "	39	1992-05-21	"Thu"	"Evening"	"341"	3	4	1	8	"34"	"41"	7	5
"38     Wed. May 20, 1992          6          6          6     "	38	1992-05-20	"Wed"	"Midday"	"666"	6	6	6	18	"66"	"66"	12	12
"37     Tue. May 19, 1992          5          2          5     "	37	1992-05-19	"Tue"	"Evening"	"525"	5	2	5	12	"52"	"25"	7	7
"36     Mon. May 18, 1992          2          7          6     "	36	1992-05-18	"Mon"	"Midday"	"276"	2	7	6	15	"27"	"76"	9	13
"35     Sun. May 17, 1992          8          7          1     "	35	1992-05-17	"Sun"	"Evening"	"871"	8	7	1	16	"87"	"71"	15	8
"34     Sat. May 16, 1992          9          8          2     "	34	1992-05-16	"Sat"	"Midday"	"982"	9	8	2	19	"98"	"82"	17	10
"33     Fri. May 15, 1992          4          6          1     "	33	1992-05-15	"Fri"	"Evening"	"461"	4	6	1	11	"46"	"61"	10	7
"32     Thu. May 14, 1992          4          9          9     "	32	1992-05-14	"Thu"	"Midday"	"499"	4	9	9	22	"49"	"99"	13	18
"31     Wed. May 13, 1992          9          7          9     "	31	1992-05-13	"Wed"	"Evening"	"979"	9	7	9	25	"97"	"79"	16	16
"30     Tue. May 12, 1992          5          7          6     "	30	1992-05-12	"Tue"	"Midday"	"576"	5	7	6	18	"57"	"76"	12	13
"29     Mon. May 11, 1992          0          7          7     "	29	1992-05-11	"Mon"	"Evening"	"077"	0	7	7	14	"07"	"77"	7	14
"28     Sun. May 10, 1992          8          9          2     "	28	1992-05-10	"Sun"	"Midday"	"892"	8	9	2	19	"89"	"92"	17	11
"27     Sat. May 09, 1992          0          9          6     "	27	1992-05-09	"Sat"	"Evening"	"096"	0	9	6	15	"09"	"96"	9	15
"26     Fri. May 08, 1992          4          5          7     "	26	1992-05-08	"Fri"	"Midday"	"457"	4	5	7	16	"45"	"57"	9	12
"25     Thu. May 07, 1992          5          8          2     "	25	1992-05-07	"Thu"	"Evening"	"582"	5	8	2	15	"58"	"82"	13	10
"24     Wed. May 06, 1992          5          2          5     "	24	1992-05-06	"Wed"	"Midday"	"525"	5	2	5	12	"52"	"25"	7	7
"23     Tue. May 05, 1992          8          0          3     "	23	1992-05-05	"Tue"	"Evening"	"803"	8	0	3	11	"80"	"03"	8	3
"22     Mon. May 04, 1992          5          6          3     "	22	1992-05-04	"Mon"	"Midday"	"563"	5	6	3	14	"56"	"63"	11	9
"21     Sun. May 03, 1992          0          5          2     "	21	1992-05-03	"Sun"	"Evening"	"052"	0	5	2	7	"05"	"52"	5	7
"20     Sat. May 02, 1992          2          2          4     "	20	1992-05-02	"Sat"	"Midday"	"224"	2	2	4	8	"22"	"24"	4	6
"19     Fri. May 01, 1992          8          5          9     "	19	1992-05-01	"Fri"	"Evening"	"859"	8	5	9	22	"85"	"59"	13	14
"18     Thu. Apr 30, 1992          8          1          1     "	18	1992-04-30	"Thu"	"Midday"	"811"	8	1	1	10	"81"	"11"	9	2
"17     Wed. Apr 29, 1992          4          3          0     "	17	1992-04-29	"Wed"	"Evening"	"430"	4	3	0	7	"43"	"30"	7	3
"16     Tue. Apr 28, 1992          6          2          8     "	16	1992-04-28	"Tue"	"Midday"	"628"	6	2	8	16	"62"	"28"	8	10
"15     Mon. Apr 27, 1992          2          4          7     "	15	1992-04-27	"Mon"	"Evening"	"247"	2	4	7	13	"24"	"47"	6	11
"14     Sun. Apr 26, 1992          7          9          8     "	14	1992-04-26	"Sun"	"Midday"	"798"	7	9	8	24	"79"	"98"	16	17
"13     Sat. Apr 25, 1992          2          5          7     "	13	1992-04-25	"Sat"	"Evening"	"257"	2	5	7	14	"25"	"57"	7	12
"12     Fri. Apr 24, 1992          9          3          6     "	12	1992-04-24	"Fri"	"Midday"	"936"	9	3	6	18	"93"	"36"	12	9
"11     Thu. Apr 23, 1992          9          0          0     "	11	1992-04-23	"Thu"	"Evening"	"900"	9	0	0	9	"90"	"00"	9	0
"10     Wed. Apr 22, 1992          5          7          3     "	10	1992-04-22	"Wed"	"Midday"	"573"	5	7	3	15	"57"	"73"	12	10
"9     Tue. Apr 21, 1992          9          6          0     "	9	1992-04-21	"Tue"	"Evening"	"960"	9	6	0	15	"96"	"60"	15	6
"8     Mon. Apr 20, 1992          0          0          8     "	8	1992-04-20	"Mon"	"Midday"	"008"	0	0	8	8	"00"	"08"	0	8
"7     Sun. Apr 19, 1992          7          6          3     "	7	1992-04-19	"Sun"	"Evening"	"763"	7	6	3	16	"76"	"63"	13	9
"6     Sat. Apr 18, 1992          7          8          8     "	6	1992-04-18	"Sat"	"Midday"	"788"	7	8	8	23	"78"	"88"	15	16
"5     Fri. Apr 17, 1992          0          9          1     "	5	1992-04-17	"Fri"	"Evening"	"091"	0	9	1	10	"09"	"91"	9	10
"4     Thu. Apr 16, 1992          0          6          7     "	4	1992-04-16	"Thu"	"Midday"	"067"	0	6	7	13	"06"	"67"	6	13
"3     Wed. Apr 15, 1992          0          7          4     "	3	1992-04-15	"Wed"	"Evening"	"074"	0	7	4	11	"07"	"74"	7	11
"2     Tue. Apr 14, 1992          8          0          9     "	2	1992-04-14	"Tue"	"Midday"	"809"	8	0	9	17	"80"	"09"	8	9
"1     Mon. Apr 13, 1992          1          9          5     "	1	1992-04-13	"Mon"	"Evening"	"195"	1	9	5	15	"19"	"95"	10	14
